calculator/instruments/deimos/GG455_830G.txt
# %ECSV 0.9
# ---
# datatype:
# - {name: wav, datatype: float32}
# - {name: eff, datatype: float64}
# - {name: eff_unc, datatype: float64}
# meta: !!omap
# - {Filter: GG455}
# - {cwav: '7000'}
# - {Grating: 830G}
# schema: astropy-2.0
wav eff eff_unc
[from data line 641]
7465.300 0.26272 0.01307
7469.060 0.26293 0.01308
7472.350 0.26311 0.01308
7476.110 0.26332 0.01308
7479.870 0.26352 0.01309
7483.630 0.26373 0.01309
7487.390 0.26393 0.01309
7491.150 0.26414 0.01310
7494.910 0.26434 0.01310
7498.670 0.26454 0.01310
7502.430 0.26474 0.01311
7506.190 0.26494 0.01311
7509.950 0.26514 0.01311
7513.240 0.26532 0.01311
7517.000 0.26551 0.01312
7520.760 0.26571 0.01312
7524.520 0.26591 0.01312
7528.280 0.26610 0.01313
7532.040 0.26629 0.01313
7535.800 0.26649 0.01313
7539.560 0.26668 0.01313
7543.320 0.26687 0.01314
7547.080 0.26706 0.01314
7550.840 0.26725 0.01314
7554.130 0.26741 0.01314
7557.890 0.26760 0.01314
7561.650 0.26776 0.01315
7565.410 0.26793 0.01315
7569.170 0.26809 0.01315
7572.930 0.26825 0.01315
7576.690 0.26841 0.01315
7580.450 0.26858 0.01315
7584.210 0.26874 0.01315
7587.970 0.26890 0.01315
7591.730 0.26906 0.01315
7595.490 0.26922 0.01315
7598.780 0.26937 0.01315
7602.540 0.26953 0.01315
7606.300 0.26969 0.01315
7610.060 0.26985 0.01315
7613.820 0.27002 0.01315
7617.580 0.27018 0.01315
7621.340 0.27034 0.01316
7625.100 0.27050 0.01316
7628.860 0.27067 0.01316
7632.620 0.27083 0.01316
7636.380 0.27099 0.01316
7639.670 0.27113 0.01316
7643.430 0.27130 0.01316
7647.190 0.27146 0.01316
7650.950 0.27162 0.01316
7654.710 0.27178 0.01316
7658.470 0.27195 0.01316
7662.230 0.27211 0.01316
7665.990 0.27227 0.01316
7669.750 0.27243 0.01316
7673.510 0.27260 0.01316
7677.270 0.27276 0.01316
7680.560 0.27290 0.01316
7684.320 0.27306 0.01317
7688.080 0.27323 0.01317
7691.840 0.27339 0.01317
7695.600 0.27355 0.01317
7699.360 0.27371 0.01317
7703.120 0.27387 0.01317
7706.880 0.27404 0.01317
7710.640 0.27420 0.01317
7714.400 0.27436 0.01317
7718.160 0.27452 0.01317
7721.920 0.27469 0.01317
7725.210 0.27483 0.01317
7728.970 0.27499 0.01317
7732.730 0.27515 0.01317
7736.490 0.27532 0.01317
7740.250 0.27548 0.01317
7744.010 0.27562 0.01317
7747.770 0.27575 0.01317
7751.530 0.27588 0.01317
7755.290 0.27602 0.01317
7759.050 0.27615 0.01317
7762.810 0.27628 0.01317
7766.100 0.27639 0.01317
7769.860 0.27652 0.01316
7773.620 0.27665 0.01316
7777.380 0.27678 0.01316
7781.140 0.27690 0.01316
7784.900 0.27703 0.01316
7788.660 0.27715 0.01315
7792.420 0.27727 0.01315
7796.180 0.27739 0.01315
7799.940 0.27751 0.01315
7803.700 0.27763 0.01315
7806.990 0.27773 0.01314
7810.750 0.27785 0.01314
7814.510 0.27796 0.01314
7818.270 0.27808 0.01314
7822.030 0.27819 0.01313
7825.790 0.27830 0.01313
7829.550 0.27841 0.01313
7833.310 0.27852 0.01312
7837.070 0.27863 0.01312
7840.830 0.27874 0.01312
7844.590 0.27884 0.01311
7848.350 0.27895 0.01311
7851.640 0.27904 0.01311
7855.400 0.27914 0.01310
7859.160 0.27924 0.01310
7862.920 0.27934 0.01310
7866.680 0.27944 0.01309
7870.440 0.27954 0.01309
7874.200 0.27964 0.01309
7877.960 0.27973 0.01308
7881.720 0.27982 0.01308
7885.480 0.27992 0.01307
7889.240 0.28001 0.01307
7892.530 0.28009 0.01307
7896.290 0.28018 0.01306
7900.050 0.28027 0.01306
7903.810 0.28035 0.01305
7907.570 0.28044 0.01305
7911.330 0.28052 0.01304
7915.090 0.28061 0.01304
7918.850 0.28069 0.01303
7922.610 0.28077 0.01303
7926.370 0.28085 0.01302
7930.130 0.28093 0.01302
7933.890 0.28100 0.01301
7937.180 0.28107 0.01301
7940.940 0.28114 0.01300
7944.700 0.28122 0.01299
7948.460 0.28129 0.01299
7952.220 0.28136 0.01298
7955.980 0.28143 0.01298
7959.740 0.28150 0.01297
7963.500 0.28156 0.01297
7967.260 0.28163 0.01296
7971.020 0.28169 0.01295
7974.780 0.28176 0.01295
7978.070 0.28181 0.01294
7981.830 0.28187 0.01293
7985.590 0.28193 0.01293
7989.350 0.28199 0.01292
7993.110 0.28204 0.01291
7996.870 0.28210 0.01291
8000.630 0.28215 0.01290
8004.390 0.28221 0.01289
8008.150 0.28226 0.01289
8011.910 0.28231 0.01288
8015.670 0.28236 0.01287
8018.960 0.28240 0.01286
8022.720 0.28245 0.01286
8026.480 0.28249 0.01285
8030.240 0.28253 0.01284
8034.000 0.28258 0.01283
8037.760 0.28262 0.01282
8041.520 0.28266 0.01282
8045.280 0.28270 0.01281
8049.040 0.28273 0.01280
8052.800 0.28277 0.01279
8056.560 0.28280 0.01278
8060.320 0.28283 0.01277
8063.610 0.28286 0.01277
8067.370 0.28289 0.01276
8071.130 0.28292 0.01275
8074.890 0.28295 0.01274
8078.650 0.28298 0.01273
8082.410 0.28300 0.01272
8086.170 0.28302 0.01271
8089.930 0.28305 0.01270
8093.690 0.28307 0.01269
8097.450 0.28309 0.01268
8101.210 0.28310 0.01267
8104.500 0.28312 0.01266
8108.260 0.28313 0.01265
8112.020 0.28315 0.01264
8115.780 0.28316 0.01263
8119.540 0.28317 0.01262
8123.300 0.28318 0.01261
8127.060 0.28319 0.01260
8130.820 0.28315 0.01259
8134.580 0.28310 0.01257
8138.340 0.28306 0.01256
8142.100 0.28301 0.01254
8145.390 0.28297 0.01253
8149.150 0.28293 0.01251
8152.910 0.28288 0.01250
8156.670 0.28284 0.01248
8160.430 0.28280 0.01247
8164.190 0.28275 0.01246
8167.950 0.28271 0.01244
8171.710 0.28266 0.01243
8175.470 0.28262 0.01241
8179.230 0.28257 0.01240
8182.990 0.28253 0.01238
8186.750 0.28248 0.01237
8190.040 0.28245 0.01235
8193.800 0.28240 0.01234
8197.560 0.28236 0.01232
8201.320 0.28231 0.01231
8205.080 0.28227 0.01229
8208.840 0.28222 0.01228
8212.600 0.28218 0.01226
8216.360 0.28213 0.01225
8220.120 0.28209 0.01223
8223.880 0.28205 0.01222
8227.640 0.28200 0.01221
8230.930 0.28196 0.01219
8234.690 0.28192 0.01218
8238.450 0.28187 0.01216
8242.210 0.28183 0.01215
8245.970 0.28178 0.01213
8249.730 0.28174 0.01212
8253.490 0.28169 0.01210
8257.250 0.28165 0.01209
8261.010 0.28161 0.01207
8264.770 0.28156 0.01206
8268.530 0.28152 0.01204
8271.820 0.28148 0.01203
8275.580 0.28143 0.01202
8279.340 0.28139 0.01200
8283.100 0.28134 0.01199
8286.860 0.28130 0.01197
8290.620 0.28126 0.01196
8294.380 0.28121 0.01194
8298.140 0.28117 0.01193
8301.900 0.28112 0.01191
8305.660 0.28108 0.01190
8309.420 0.28103 0.01188
8313.180 0.28099 0.01187
8316.470 0.28095 0.01185
8320.230 0.28091 0.01184
8323.990 0.28086 0.01183
8327.750 0.28082 0.01181
8331.510 0.28077 0.01180
8335.270 0.28073 0.01178
8339.030 0.28068 0.01177
8342.790 0.28064 0.01175
8346.550 0.28059 0.01174
8350.310 0.28055 0.01172
8354.070 0.28051 0.01171
8357.360 0.28047 0.01169
8361.120 0.28042 0.01168
8364.880 0.28038 0.01166
8368.640 0.28033 0.01165
8372.400 0.28029 0.01163
8376.160 0.28024 0.01162
8379.920 0.28020 0.01160
8383.680 0.28016 0.01159
8387.440 0.28011 0.01158
8391.200 0.28007 0.01156
8394.960 0.27997 0.01154
8398.720 0.27986 0.01152
8402.010 0.27977 0.01150
8405.770 0.27967 0.01148
8409.530 0.27956 0.01147
8413.290 0.27946 0.01145
8417.050 0.27935 0.01143
8420.810 0.27924 0.01140
8424.570 0.27912 0.01138
8428.330 0.27901 0.01136
8432.090 0.27889 0.01134
8435.850 0.27877 0.01132
8439.610 0.27865 0.01130
8442.900 0.27855 0.01128
8446.660 0.27843 0.01126
8450.420 0.27830 0.01124
8454.180 0.27818 0.01122
8457.940 0.27805 0.01120
8461.700 0.27792 0.01118
8465.460 0.27779 0.01115
8469.220 0.27766 0.01113
8472.980 0.27752 0.01111
8476.740 0.27739 0.01109
8480.500 0.27725 0.01106
8483.790 0.27713 0.01105
8487.550 0.27699 0.01102
8491.310 0.27684 0.01100
8495.070 0.27670 0.01098
8498.830 0.27655 0.01095
8502.590 0.27640 0.01093
8506.350 0.27626 0.01091
8510.110 0.27610 0.01088
8513.870 0.27595 0.01086
8517.630 0.27580 0.01084
8521.390 0.27564 0.01081
8525.150 0.27548 0.01079
8528.440 0.27534 0.01077
8532.200 0.27518 0.01074
8535.960 0.27502 0.01072
8539.720 0.27485 0.01069
8543.480 0.27469 0.01067
8547.240 0.27452 0.01064
8551.000 0.27435 0.01062
8554.760 0.27418 0.01059
8558.520 0.27400 0.01057
8562.280 0.27383 0.01054
8566.040 0.27365 0.01051
8569.330 0.27349 0.01049
8573.090 0.27331 0.01047
8576.850 0.27313 0.01044
8580.610 0.27295 0.01041
8584.370 0.27276 0.01039
8588.130 0.27257 0.01036
8591.890 0.27239 0.01033
8595.650 0.27219 0.01031
8599.410 0.27200 0.01028
8603.170 0.27181 0.01025
8606.930 0.27161 0.01023
8610.220 0.27144 0.01020
8613.980 0.27124 0.01017
8617.740 0.27104 0.01015
8621.500 0.27083 0.01012
8625.260 0.27063 0.01009
8629.020 0.27042 0.01006
8632.780 0.27021 0.01003
8636.540 0.27000 0.01000
8640.300 0.26979 0.00997
8644.060 0.26957 0.00995
8647.820 0.26936 0.00992
8651.580 0.26914 0.00989
8654.870 0.26895 0.00986
8658.630 0.26873 0.00983
8662.390 0.26850 0.00980
8666.150 0.26828 0.00977
8669.910 0.26805 0.00974
8673.670 0.26782 0.00971
8677.430 0.26759 0.00968
8681.190 0.26736 0.00965
8684.950 0.26712 0.00962
8688.710 0.26689 0.00959
8692.470 0.26665 0.00956
8695.760 0.26644 0.00953
8699.520 0.26620 0.00950
8703.280 0.26595 0.00947
8707.040 0.26571 0.00944
8710.800 0.26546 0.00941
8714.560 0.26521 0.00937
8718.320 0.26496 0.00934
8722.080 0.26471 0.00931
8725.840 0.26445 0.00928
8729.600 0.26420 0.00924
8733.360 0.26394 0.00921
8736.650 0.26371 0.00918
8740.410 0.26345 0.00915
8744.170 0.26319 0.00912
8747.930 0.26292 0.00908
8751.690 0.26265 0.00905
8755.450 0.26238 0.00902
8759.210 0.26211 0.00898
8762.970 0.26184 0.00895
8766.730 0.26156 0.00891
8770.490 0.26128 0.00888
8774.250 0.26100 0.00884
8778.010 0.26072 0.00881
8781.300 0.26047 0.00878
8785.060 0.26019 0.00874
8788.820 0.25990 0.00871
8792.580 0.25961 0.00867
