calculator/instruments/deimos/GG455_1200G.txt
# %ECSV 0.9
# ---
# datatype:
# - {name: wav, datatype: float32}
# - {name: eff, datatype: float64}
# - {name: eff_unc, datatype: float64}
# meta: !!omap
# - {Filter: GG455}
# - {cwav: '7000'}
# - {Grating: 1200G}
# schema: astropy-2.0
wav eff eff_unc
[from data line 641]
7385.110 0.26653 0.00332
7387.750 0.26650 0.00332
7390.390 0.26647 0.00332
7393.030 0.26643 0.00332
7395.670 0.26640 0.00331
7398.310 0.26637 0.00331
7401.280 0.26633 0.00331
7403.920 0.26627 0.00331
7406.560 0.26621 0.00330
7409.200 0.26614 0.00330
7411.840 0.26607 0.00330
7414.810 0.26600 0.00329
7417.450 0.26593 0.00329
7420.090 0.26586 0.00328
7422.730 0.26580 0.00328
7425.370 0.26573 0.00328
7428.340 0.26565 0.00327
7430.980 0.26558 0.00327
7433.620 0.26551 0.00327
7436.260 0.26544 0.00326
7438.900 0.26536 0.00326
7441.540 0.26529 0.00326
7444.510 0.26521 0.00325
7447.150 0.26514 0.00325
7449.790 0.26506 0.00325
7452.430 0.26499 0.00324
7455.070 0.26491 0.00324
7458.040 0.26483 0.00324
7460.680 0.26475 0.00323
7463.320 0.26467 0.00323
7465.960 0.26459 0.00323
7468.600 0.26451 0.00322
7471.570 0.26443 0.00322
7474.210 0.26435 0.00322
7476.850 0.26427 0.00321
7479.490 0.26418 0.00321
7482.130 0.26410 0.00321
7484.770 0.26402 0.00320
7487.740 0.26393 0.00320
7490.380 0.26384 0.00319
7493.020 0.26376 0.00319
7495.660 0.26368 0.00319
7498.300 0.26359 0.00318
7501.270 0.26349 0.00318
7503.910 0.26341 0.00318
7506.550 0.26332 0.00317
7509.190 0.26323 0.00317
7511.830 0.26315 0.00317
7514.800 0.26305 0.00316
7517.440 0.26296 0.00316
7520.080 0.26287 0.00316
7522.720 0.26278 0.00315
7525.360 0.26269 0.00315
7528.000 0.26260 0.00314
7530.970 0.26249 0.00314
7533.610 0.26240 0.00314
7536.250 0.26231 0.00313
7538.890 0.26221 0.00313
7541.530 0.26212 0.00313
7544.500 0.26201 0.00312
7547.140 0.26192 0.00312
7549.780 0.26182 0.00312
7552.420 0.26173 0.00311
7555.060 0.26163 0.00311
7558.030 0.26152 0.00310
7560.670 0.26141 0.00310
7563.310 0.26129 0.00310
7565.950 0.26118 0.00309
7568.590 0.26106 0.00309
7571.230 0.26095 0.00308
7574.200 0.26082 0.00308
7576.840 0.26070 0.00308
7579.480 0.26059 0.00307
7582.120 0.26047 0.00307
7584.760 0.26036 0.00306
7587.730 0.26023 0.00306
7590.370 0.26011 0.00306
7593.010 0.26000 0.00305
7595.650 0.25988 0.00305
7598.290 0.25977 0.00304
7601.260 0.25964 0.00304
7603.900 0.25952 0.00304
7606.540 0.25941 0.00303
7609.180 0.25929 0.00303
7611.820 0.25918 0.00302
7614.460 0.25906 0.00302
7617.430 0.25893 0.00302
7620.070 0.25882 0.00301
7622.710 0.25870 0.00301
7625.350 0.25859 0.00300
7627.990 0.25847 0.00300
7630.960 0.25834 0.00300
7633.600 0.25823 0.00299
7636.240 0.25811 0.00299
7638.880 0.25800 0.00299
7641.520 0.25788 0.00298
7644.490 0.25775 0.00298
7647.130 0.25764 0.00297
7649.770 0.25752 0.00297
7652.410 0.25741 0.00297
7655.050 0.25729 0.00296
7657.690 0.25718 0.00296
7660.660 0.25705 0.00295
7663.300 0.25693 0.00295
7665.940 0.25682 0.00295
7668.580 0.25670 0.00294
7671.220 0.25659 0.00294
7674.190 0.25646 0.00294
7676.830 0.25634 0.00293
7679.470 0.25623 0.00293
7682.110 0.25611 0.00293
7684.750 0.25600 0.00292
7687.720 0.25587 0.00292
7690.360 0.25575 0.00291
7693.000 0.25564 0.00291
7695.640 0.25552 0.00291
7698.280 0.25541 0.00290
7701.250 0.25528 0.00290
7703.890 0.25516 0.00290
7706.530 0.25505 0.00289
7709.170 0.25493 0.00289
7711.810 0.25482 0.00289
7714.450 0.25470 0.00288
7717.420 0.25457 0.00288
7720.060 0.25446 0.00288
7722.700 0.25434 0.00287
7725.340 0.25423 0.00287
7727.980 0.25411 0.00287
7730.950 0.25398 0.00286
7733.590 0.25387 0.00286
7736.230 0.25375 0.00285
7738.870 0.25364 0.00285
7741.510 0.25352 0.00285
7744.480 0.25338 0.00284
7747.120 0.25324 0.00284
7749.760 0.25311 0.00284
7752.400 0.25298 0.00283
7755.040 0.25284 0.00283
7757.680 0.25271 0.00283
7760.650 0.25256 0.00282
7763.290 0.25242 0.00282
7765.930 0.25229 0.00281
7768.570 0.25215 0.00281
7771.210 0.25202 0.00281
7774.180 0.25186 0.00280
7776.820 0.25173 0.00280
7779.460 0.25159 0.00280
7782.100 0.25145 0.00279
7784.740 0.25131 0.00279
7787.710 0.25116 0.00278
7790.350 0.25102 0.00278
7792.990 0.25088 0.00278
7795.630 0.25074 0.00277
7798.270 0.25060 0.00277
7800.910 0.25046 0.00277
7803.880 0.25030 0.00276
7806.520 0.25015 0.00276
7809.160 0.25001 0.00276
7811.800 0.24987 0.00275
7814.440 0.24973 0.00275
7817.410 0.24957 0.00274
7820.050 0.24942 0.00274
7822.690 0.24928 0.00274
7825.330 0.24913 0.00273
7827.970 0.24899 0.00273
7830.940 0.24882 0.00273
7833.580 0.24868 0.00272
7836.220 0.24853 0.00272
7838.860 0.24839 0.00272
7841.500 0.24824 0.00271
7844.140 0.24809 0.00271
7847.110 0.24792 0.00271
7849.750 0.24778 0.00270
7852.390 0.24763 0.00270
7855.030 0.24748 0.00270
7857.670 0.24733 0.00269
7860.640 0.24716 0.00269
7863.280 0.24701 0.00269
7865.920 0.24686 0.00268
7868.560 0.24671 0.00268
7871.200 0.24656 0.00268
7874.170 0.24639 0.00267
7876.810 0.24623 0.00267
7879.450 0.24608 0.00267
7882.090 0.24593 0.00266
7884.730 0.24577 0.00266
7887.370 0.24562 0.00266
7890.340 0.24545 0.00265
7892.980 0.24529 0.00265
7895.620 0.24514 0.00265
7898.260 0.24498 0.00265
7900.900 0.24483 0.00264
7903.870 0.24465 0.00264
7906.510 0.24450 0.00264
7909.150 0.24434 0.00263
7911.790 0.24418 0.00263
7914.430 0.24402 0.00263
7917.400 0.24385 0.00263
7920.040 0.24369 0.00262
7922.680 0.24353 0.00262
7925.320 0.24337 0.00262
7927.960 0.24321 0.00262
7930.600 0.24305 0.00261
7933.570 0.24287 0.00261
7936.210 0.24271 0.00261
7938.850 0.24255 0.00261
7941.490 0.24239 0.00260
7944.130 0.24223 0.00260
7947.100 0.24205 0.00260
7949.740 0.24188 0.00260
7952.380 0.24172 0.00259
7955.020 0.24156 0.00259
7957.660 0.24140 0.00259
7960.630 0.24121 0.00259
7963.270 0.24105 0.00259
7965.910 0.24088 0.00258
7968.550 0.24072 0.00258
7971.190 0.24055 0.00258
7973.830 0.24039 0.00258
7976.800 0.24020 0.00258
7979.440 0.24004 0.00258
7982.080 0.23987 0.00257
7984.720 0.23970 0.00257
7987.360 0.23954 0.00257
7990.330 0.23935 0.00257
7992.970 0.23918 0.00257
7995.610 0.23901 0.00257
7998.250 0.23885 0.00257
8000.890 0.23868 0.00256
8003.860 0.23849 0.00256
8006.500 0.23832 0.00256
8009.140 0.23815 0.00256
8011.780 0.23798 0.00256
8014.420 0.23781 0.00256
8017.390 0.23762 0.00256
8020.030 0.23745 0.00256
8022.670 0.23728 0.00256
8025.310 0.23710 0.00256
8027.950 0.23693 0.00256
8030.590 0.23676 0.00256
8033.560 0.23657 0.00256
8036.200 0.23639 0.00256
8038.840 0.23622 0.00256
8041.480 0.23605 0.00256
8044.120 0.23587 0.00256
8047.090 0.23568 0.00256
8049.730 0.23551 0.00256
8052.370 0.23533 0.00256
8055.010 0.23516 0.00256
8057.650 0.23498 0.00256
8060.620 0.23478 0.00256
8063.260 0.23461 0.00256
8065.900 0.23443 0.00256
8068.540 0.23426 0.00256
8071.180 0.23408 0.00256
8073.820 0.23390 0.00256
8076.790 0.23370 0.00256
8079.430 0.23353 0.00256
8082.070 0.23335 0.00256
8084.710 0.23317 0.00257
8087.350 0.23299 0.00257
8090.320 0.23279 0.00257
8092.960 0.23261 0.00257
8095.600 0.23244 0.00257
8098.240 0.23226 0.00257
8100.880 0.23208 0.00258
8103.850 0.23187 0.00258
8106.490 0.23169 0.00258
8109.130 0.23151 0.00258
8111.770 0.23133 0.00258
8114.410 0.23115 0.00259
8117.050 0.23097 0.00259
8120.020 0.23077 0.00259
8122.660 0.23059 0.00260
8125.300 0.23040 0.00260
8127.940 0.23022 0.00260
