calculator/instruments/lris/unmodified_files/300_mirr_eff.dat
# %ECSV 0.9
# ---
# datatype:
# - {name: wav, datatype: float32}
# - {name: eff, datatype: float64}
# - {name: eff_unc, datatype: float64}
# meta: !!omap
# - {Filter: OG550}
# - {cwav: '8000'}
# - {Grating: 1200G}
# - {Grism: None}
# - {Mode: spectroscopic}
# schema: astropy-2.0
wav eff
[from data line 3479]
6979.000000   0.564621
6980.000000   0.564593
6981.000000   0.564563
6982.000000   0.564531
6983.000000   0.564496
6984.000000   0.564458
6985.000000   0.564418
6986.000000   0.564375
6987.000000   0.564328
6988.000000   0.564279
6989.000000   0.564226
6990.000000   0.564169
6991.000000   0.564109
6992.000000   0.564045
6993.000000   0.563977
6994.000000   0.563905
6995.000000   0.563828
6996.000000   0.563748
6997.000000   0.563663
6998.000000   0.563573
6999.000000   0.563479
7000.000000   0.563380
7001.000000   0.563277
7002.000000   0.563169
7003.000000   0.563055
7004.000000   0.562937
7005.000000   0.562813
7006.000000   0.562684
7007.000000   0.562550
7008.000000   0.562411
7009.000000   0.562267
7010.000000   0.562117
7011.000000   0.561961
7012.000000   0.561801
7013.000000   0.561634
7014.000000   0.561463
7015.000000   0.561287
7016.000000   0.561104
7017.000000   0.560916
7018.000000   0.560723
7019.000000   0.560525
7020.000000   0.560322
7021.000000   0.560113
7022.000000   0.559899
7023.000000   0.559681
7024.000000   0.559457
7025.000000   0.559228
7026.000000   0.558995
7027.000000   0.558757
7028.000000   0.558514
7029.000000   0.558267
7030.000000   0.558016
7031.000000   0.557760
7032.000000   0.557500
7033.000000   0.557237
7034.000000   0.556970
7035.000000   0.556699
7036.000000   0.556426
7037.000000   0.556149
7038.000000   0.555869
7039.000000   0.555587
7040.000000   0.555302
7041.000000   0.555014
7042.000000   0.554725
7043.000000   0.554434
7044.000000   0.554141
7045.000000   0.553848
7046.000000   0.553553
7047.000000   0.553257
7048.000000   0.552961
7049.000000   0.552665
7050.000000   0.552369
7051.000000   0.552073
7052.000000   0.551778
7053.000000   0.551484
7054.000000   0.551190
7055.000000   0.550899
7056.000000   0.550610
7057.000000   0.550322
7058.000000   0.550038
7059.000000   0.549755
7060.000000   0.549476
7061.000000   0.549200
7062.000000   0.548928
7063.000000   0.548660
7064.000000   0.548397
7065.000000   0.548138
7066.000000   0.547883
7067.000000   0.547634
7068.000000   0.547391
7069.000000   0.547153
7070.000000   0.546921
7071.000000   0.546695
7072.000000   0.546476
7073.000000   0.546263
7074.000000   0.546057
7075.000000   0.545859
7076.000000   0.545668
7077.000000   0.545485
7078.000000   0.545309
7079.000000   0.545142
7080.000000   0.544982
7081.000000   0.544831
7082.000000   0.544688
7083.000000   0.544554
7084.000000   0.544428
7085.000000   0.544310
7086.000000   0.544202
7087.000000   0.544101
7088.000000   0.544010
7089.000000   0.543927
7090.000000   0.543853
7091.000000   0.543787
7092.000000   0.543729
7093.000000   0.543680
7094.000000   0.543639
7095.000000   0.543606
7096.000000   0.543580
7097.000000   0.543562
7098.000000   0.543551
7099.000000   0.543547
7100.000000   0.543549
7101.000000   0.543557
7102.000000   0.543571
7103.000000   0.543591
7104.000000   0.543615
7105.000000   0.543643
7106.000000   0.543675
7107.000000   0.543711
7108.000000   0.543748
7109.000000   0.543788
7110.000000   0.543830
7111.000000   0.543871
7112.000000   0.543912
7113.000000   0.543953
7114.000000   0.543992
7115.000000   0.544028
7116.000000   0.544060
7117.000000   0.544089
7118.000000   0.544113
7119.000000   0.544130
7120.000000   0.544141
7121.000000   0.544144
7122.000000   0.544137
7123.000000   0.544121
7124.000000   0.544094
7125.000000   0.544056
7126.000000   0.544005
7127.000000   0.543939
7128.000000   0.543860
7129.000000   0.543765
7130.000000   0.543653
7131.000000   0.543524
7132.000000   0.543377
7133.000000   0.543210
7134.000000   0.543024
7135.000000   0.542817
7136.000000   0.542588
7137.000000   0.542339
7138.000000   0.542066
7139.000000   0.541771
7140.000000   0.541452
7141.000000   0.541110
7142.000000   0.540745
7143.000000   0.540355
7144.000000   0.539943
7145.000000   0.539508
7146.000000   0.539050
7147.000000   0.538570
7148.000000   0.538070
7149.000000   0.537549
7150.000000   0.537010
7151.000000   0.536454
7152.000000   0.535883
7153.000000   0.535299
7154.000000   0.534705
7155.000000   0.534103
7156.000000   0.533497
7157.000000   0.532890
7158.000000   0.532287
7159.000000   0.531691
7160.000000   0.531107
7161.000000   0.530542
7162.000000   0.530001
7163.000000   0.529491
7164.000000   0.529017
7165.000000   0.528590
7166.000000   0.528216
7167.000000   0.527906
7168.000000   0.527668
7169.000000   0.527515
7170.000000   0.527456
7171.000000   0.527505
7172.000000   0.527676
7173.000000   0.527982
7174.000000   0.528439
