calculator/instruments/lris/unmodified_files/300_mirr_eff.dat
# %ECSV 0.9
# ---
# datatype:
# - {name: wav, datatype: float32}
# - {name: eff, datatype: float64}
# - {name: eff_unc, datatype: float64}
# meta: !!omap
# - {Filter: OG550}
# - {cwav: '8000'}
# - {Grating: 1200G}
# - {Grism: None}
# - {Mode: spectroscopic}
# schema: astropy-2.0
wav eff
[from data line 2087]
5587.000000   0.535114
5588.000000   0.535063
5589.000000   0.535011
5590.000000   0.534959
5591.000000   0.534906
5592.000000   0.534853
5593.000000   0.534799
5594.000000   0.534745
5595.000000   0.534691
5596.000000   0.534636
5597.000000   0.534582
5598.000000   0.534527
5599.000000   0.534471
5600.000000   0.534415
5601.000000   0.534359
5602.000000   0.534303
5603.000000   0.534246
5604.000000   0.534189
5605.000000   0.534132
5606.000000   0.534074
5607.000000   0.534016
5608.000000   0.533958
5609.000000   0.533899
5610.000000   0.533841
5611.000000   0.533782
5612.000000   0.533722
5613.000000   0.533663
5614.000000   0.533603
5615.000000   0.533543
5616.000000   0.533483
5617.000000   0.533422
5618.000000   0.533361
5619.000000   0.533301
5620.000000   0.533240
5621.000000   0.533178
5622.000000   0.533117
5623.000000   0.533055
5624.000000   0.532993
5625.000000   0.532931
5626.000000   0.532869
5627.000000   0.532806
5628.000000   0.532744
5629.000000   0.532681
5630.000000   0.532618
5631.000000   0.532555
5632.000000   0.532492
5633.000000   0.532428
5634.000000   0.532365
5635.000000   0.532301
5636.000000   0.532238
5637.000000   0.532174
5638.000000   0.532110
5639.000000   0.532046
5640.000000   0.531982
5641.000000   0.531918
5642.000000   0.531853
5643.000000   0.531789
5644.000000   0.531725
5645.000000   0.531660
5646.000000   0.531595
5647.000000   0.531530
5648.000000   0.531466
5649.000000   0.531401
5650.000000   0.531336
5651.000000   0.531272
5652.000000   0.531207
5653.000000   0.531142
5654.000000   0.531077
5655.000000   0.531012
5656.000000   0.530948
5657.000000   0.530883
5658.000000   0.530818
5659.000000   0.530753
5660.000000   0.530689
5661.000000   0.530624
5662.000000   0.530559
5663.000000   0.530495
5664.000000   0.530430
5665.000000   0.530366
5666.000000   0.530302
5667.000000   0.530237
5668.000000   0.530173
5669.000000   0.530109
5670.000000   0.530045
5671.000000   0.529981
5672.000000   0.529917
5673.000000   0.529854
5674.000000   0.529790
5675.000000   0.529727
5676.000000   0.529663
5677.000000   0.529600
5678.000000   0.529537
5679.000000   0.529474
5680.000000   0.529411
5681.000000   0.529349
5682.000000   0.529287
5683.000000   0.529224
5684.000000   0.529163
5685.000000   0.529101
5686.000000   0.529039
5687.000000   0.528978
5688.000000   0.528917
5689.000000   0.528856
5690.000000   0.528795
5691.000000   0.528735
5692.000000   0.528674
5693.000000   0.528615
5694.000000   0.528555
5695.000000   0.528495
5696.000000   0.528436
5697.000000   0.528377
5698.000000   0.528319
5699.000000   0.528260
5700.000000   0.528202
5701.000000   0.528145
5702.000000   0.528087
5703.000000   0.528030
5704.000000   0.527974
5705.000000   0.527917
5706.000000   0.527861
5707.000000   0.527805
5708.000000   0.527750
5709.000000   0.527695
5710.000000   0.527641
5711.000000   0.527586
5712.000000   0.527533
5713.000000   0.527479
5714.000000   0.527426
5715.000000   0.527373
5716.000000   0.527321
5717.000000   0.527269
5718.000000   0.527218
5719.000000   0.527167
5720.000000   0.527116
5721.000000   0.527066
5722.000000   0.527017
5723.000000   0.526967
5724.000000   0.526919
5725.000000   0.526871
5726.000000   0.526823
5727.000000   0.526776
5728.000000   0.526729
5729.000000   0.526682
5730.000000   0.526637
5731.000000   0.526591
5732.000000   0.526547
5733.000000   0.526502
5734.000000   0.526459
5735.000000   0.526416
5736.000000   0.526373
5737.000000   0.526331
5738.000000   0.526289
5739.000000   0.526249
5740.000000   0.526208
5741.000000   0.526168
5742.000000   0.526129
5743.000000   0.526091
5744.000000   0.526053
5745.000000   0.526015
5746.000000   0.525979
5747.000000   0.525942
5748.000000   0.525907
5749.000000   0.525872
5750.000000   0.525838
5751.000000   0.525805
5752.000000   0.525772
5753.000000   0.525739
5754.000000   0.525708
5755.000000   0.525677
5756.000000   0.525647
5757.000000   0.525617
5758.000000   0.525589
5759.000000   0.525560
5760.000000   0.525533
5761.000000   0.525506
5762.000000   0.525480
5763.000000   0.525455
5764.000000   0.525431
5765.000000   0.525407
5766.000000   0.525384
5767.000000   0.525362
5768.000000   0.525340
5769.000000   0.525319
5770.000000   0.525299
5771.000000   0.525280
5772.000000   0.525262
5773.000000   0.525244
5774.000000   0.525227
5775.000000   0.525212
5776.000000   0.525196
5777.000000   0.525182
5778.000000   0.525168
5779.000000   0.525156
5780.000000   0.525144
5781.000000   0.525133
5782.000000   0.525123
5783.000000   0.525113
5784.000000   0.525105
5785.000000   0.525097
5786.000000   0.525090
5787.000000   0.525085
5788.000000   0.525079
5789.000000   0.525075
5790.000000   0.525072
5791.000000   0.525070
5792.000000   0.525068
5793.000000   0.525068
5794.000000   0.525068
5795.000000   0.525070
5796.000000   0.525072
5797.000000   0.525075
5798.000000   0.525079
5799.000000   0.525084
5800.000000   0.525090
5801.000000   0.525097
5802.000000   0.525105
5803.000000   0.525114
5804.000000   0.525124
5805.000000   0.525135
5806.000000   0.525147
5807.000000   0.525160
5808.000000   0.525173
5809.000000   0.525188
5810.000000   0.525204
5811.000000   0.525221
5812.000000   0.525239
5813.000000   0.525257
5814.000000   0.525277
5815.000000   0.525298
5816.000000   0.525320
5817.000000   0.525343
5818.000000   0.525366
5819.000000   0.525391
5820.000000   0.525418
5821.000000   0.525445
5822.000000   0.525473
5823.000000   0.525502
5824.000000   0.525532
5825.000000   0.525563
5826.000000   0.525595
5827.000000   0.525629
5828.000000   0.525663
5829.000000   0.525699
5830.000000   0.525735
5831.000000   0.525773
5832.000000   0.525812
5833.000000   0.525852
5834.000000   0.525893
5835.000000   0.525935
5836.000000   0.525978
5837.000000   0.526022
5838.000000   0.526067
5839.000000   0.526114
5840.000000   0.526161
5841.000000   0.526210
5842.000000   0.526260
5843.000000   0.526311
5844.000000   0.526363
5845.000000   0.526416
5846.000000   0.526470
5847.000000   0.526526
5848.000000   0.526582
5849.000000   0.526640
5850.000000   0.526698
5851.000000   0.526758
5852.000000   0.526819
5853.000000   0.526881
5854.000000   0.526944
5855.000000   0.527009
5856.000000   0.527075
5857.000000   0.527141
5858.000000   0.527209
5859.000000   0.527278
5860.000000   0.527348
5861.000000   0.527420
5862.000000   0.527492
5863.000000   0.527566
5864.000000   0.527640
5865.000000   0.527716
5866.000000   0.527793
5867.000000   0.527871
5868.000000   0.527951
5869.000000   0.528031
5870.000000   0.528113
5871.000000   0.528195
5872.000000   0.528279
5873.000000   0.528364
5874.000000   0.528450
5875.000000   0.528538
5876.000000   0.528626
5877.000000   0.528716
5878.000000   0.528806
5879.000000   0.528898
5880.000000   0.528991
5881.000000   0.529086
5882.000000   0.529181
5883.000000   0.529277
5884.000000   0.529375
5885.000000   0.529473
5886.000000   0.529573
5887.000000   0.529674
5888.000000   0.529776
5889.000000   0.529879
5890.000000   0.529984
5891.000000   0.530089
5892.000000   0.530196
5893.000000   0.530304
5894.000000   0.530412
5895.000000   0.530522
5896.000000   0.530633
5897.000000   0.530745
5898.000000   0.530858
5899.000000   0.530973
5900.000000   0.531088
5901.000000   0.531204
5902.000000   0.531322
5903.000000   0.531440
5904.000000   0.531560
5905.000000   0.531681
5906.000000   0.531803
5907.000000   0.531926
5908.000000   0.532050
5909.000000   0.532175
5910.000000   0.532301
5911.000000   0.532428
5912.000000   0.532556
5913.000000   0.532685
5914.000000   0.532815
5915.000000   0.532947
5916.000000   0.533079
5917.000000   0.533212
5918.000000   0.533347
5919.000000   0.533482
5920.000000   0.533618
5921.000000   0.533756
5922.000000   0.533894
5923.000000   0.534033
5924.000000   0.534173
5925.000000   0.534315
5926.000000   0.534457
5927.000000   0.534600
5928.000000   0.534744
5929.000000   0.534889
5930.000000   0.535035
5931.000000   0.535182
5932.000000   0.535330
5933.000000   0.535478
5934.000000   0.535628
5935.000000   0.535778
5936.000000   0.535930
5937.000000   0.536082
5938.000000   0.536235
5939.000000   0.536389
5940.000000   0.536544
5941.000000   0.536700
5942.000000   0.536856
5943.000000   0.537014
5944.000000   0.537172
5945.000000   0.537331
5946.000000   0.537491
5947.000000   0.537652
5948.000000   0.537813
5949.000000   0.537975
5950.000000   0.538138
5951.000000   0.538302
5952.000000   0.538467
5953.000000   0.538632
5954.000000   0.538798
5955.000000   0.538965
5956.000000   0.539132
5957.000000   0.539301
5958.000000   0.539469
5959.000000   0.539639
5960.000000   0.539809
5961.000000   0.539980
5962.000000   0.540151
5963.000000   0.540323
5964.000000   0.540496
5965.000000   0.540670
5966.000000   0.540844
5967.000000   0.541019
5968.000000   0.541194
5969.000000   0.541370
5970.000000   0.541546
5971.000000   0.541723
5972.000000   0.541901
5973.000000   0.542079
5974.000000   0.542258
5975.000000   0.542437
5976.000000   0.542616
5977.000000   0.542796
5978.000000   0.542977
5979.000000   0.543158
5980.000000   0.543340
5981.000000   0.543522
5982.000000   0.543704
5983.000000   0.543887
5984.000000   0.544070
5985.000000   0.544254
5986.000000   0.544438
5987.000000   0.544623
5988.000000   0.544807
5989.000000   0.544993
5990.000000   0.545178
5991.000000   0.545364
5992.000000   0.545550
5993.000000   0.545737
5994.000000   0.545923
5995.000000   0.546110
5996.000000   0.546298
5997.000000   0.546486
5998.000000   0.546673
5999.000000   0.546861
6000.000000   0.547050
6001.000000   0.547238
6002.000000   0.547427
6003.000000   0.547616
6004.000000   0.547805
6005.000000   0.547994
6006.000000   0.548184
6007.000000   0.548373
6008.000000   0.548563
6009.000000   0.548752
6010.000000   0.548943
6011.000000   0.549132
6012.000000   0.549322
6013.000000   0.549513
6014.000000   0.549703
6015.000000   0.549893
6016.000000   0.550083
6017.000000   0.550273
6018.000000   0.550463
6019.000000   0.550654
6020.000000   0.550844
6021.000000   0.551034
6022.000000   0.551224
6023.000000   0.551414
6024.000000   0.551604
6025.000000   0.551794
6026.000000   0.551984
6027.000000   0.552174
6028.000000   0.552363
6029.000000   0.552553
6030.000000   0.552742
6031.000000   0.552931
6032.000000   0.553120
6033.000000   0.553309
6034.000000   0.553498
6035.000000   0.553686
6036.000000   0.553875
6037.000000   0.554063
6038.000000   0.554250
6039.000000   0.554438
6040.000000   0.554625
6041.000000   0.554812
6042.000000   0.554999
6043.000000   0.555185
6044.000000   0.555371
6045.000000   0.555557
6046.000000   0.555743
6047.000000   0.555928
6048.000000   0.556113
6049.000000   0.556298
6050.000000   0.556482
6051.000000   0.556665
6052.000000   0.556849
6053.000000   0.557032
6054.000000   0.557215
6055.000000   0.557397
6056.000000   0.557579
6057.000000   0.557760
6058.000000   0.557941
6059.000000   0.558122
6060.000000   0.558302
6061.000000   0.558481
6062.000000   0.558660
6063.000000   0.558839
6064.000000   0.559017
6065.000000   0.559195
6066.000000   0.559371
6067.000000   0.559548
6068.000000   0.559724
6069.000000   0.559899
6070.000000   0.560075
6071.000000   0.560249
6072.000000   0.560423
6073.000000   0.560596
6074.000000   0.560769
6075.000000   0.560941
6076.000000   0.561112
6077.000000   0.561283
6078.000000   0.561453
6079.000000   0.561623
6080.000000   0.561791
6081.000000   0.561960
6082.000000   0.562127
6083.000000   0.562294
6084.000000   0.562461
6085.000000   0.562626
6086.000000   0.562791
6087.000000   0.562956
6088.000000   0.563119
6089.000000   0.563282
6090.000000   0.563444
6091.000000   0.563606
6092.000000   0.563766
6093.000000   0.563927
6094.000000   0.564086
6095.000000   0.564244
6096.000000   0.564403
6097.000000   0.564560
6098.000000   0.564716
6099.000000   0.564872
6100.000000   0.565027
6101.000000   0.565181
6102.000000   0.565334
6103.000000   0.565487
6104.000000   0.565639
6105.000000   0.565791
6106.000000   0.565941
6107.000000   0.566091
6108.000000   0.566240
6109.000000   0.566388
6110.000000   0.566535
6111.000000   0.566682
6112.000000   0.566828
6113.000000   0.566973
6114.000000   0.567117
6115.000000   0.567261
6116.000000   0.567404
6117.000000   0.567546
6118.000000   0.567687
6119.000000   0.567828
6120.000000   0.567968
6121.000000   0.568107
6122.000000   0.568245
6123.000000   0.568383
6124.000000   0.568519
6125.000000   0.568655
6126.000000   0.568791
6127.000000   0.568925
6128.000000   0.569059
6129.000000   0.569192
6130.000000   0.569325
6131.000000   0.569456
6132.000000   0.569587
6133.000000   0.569717
6134.000000   0.569847
6135.000000   0.569975
6136.000000   0.570104
6137.000000   0.570231
6138.000000   0.570358
6139.000000   0.570484
6140.000000   0.570609
6141.000000   0.570733
6142.000000   0.570857
6143.000000   0.570980
6144.000000   0.571103
6145.000000   0.571225
6146.000000   0.571347
6147.000000   0.571467
6148.000000   0.571587
6149.000000   0.571707
6150.000000   0.571826
6151.000000   0.571944
6152.000000   0.572062
6153.000000   0.572179
6154.000000   0.572296
6155.000000   0.572411
6156.000000   0.572527
6157.000000   0.572642
6158.000000   0.572756
6159.000000   0.572870
6160.000000   0.572983
6161.000000   0.573097
6162.000000   0.573209
6163.000000   0.573321
6164.000000   0.573432
6165.000000   0.573543
6166.000000   0.573654
6167.000000   0.573764
6168.000000   0.573874
6169.000000   0.573983
6170.000000   0.574092
6171.000000   0.574201
6172.000000   0.574309
6173.000000   0.574417
6174.000000   0.574525
6175.000000   0.574632
6176.000000   0.574739
6177.000000   0.574846
6178.000000   0.574952
6179.000000   0.575058
6180.000000   0.575164
6181.000000   0.575270
6182.000000   0.575376
6183.000000   0.575481
6184.000000   0.575586
6185.000000   0.575691
6186.000000   0.575796
6187.000000   0.575901
6188.000000   0.576005
6189.000000   0.576110
6190.000000   0.576214
6191.000000   0.576319
6192.000000   0.576423
6193.000000   0.576527
6194.000000   0.576632
6195.000000   0.576736
6196.000000   0.576840
6197.000000   0.576945
6198.000000   0.577049
6199.000000   0.577154
6200.000000   0.577258
6201.000000   0.577363
6202.000000   0.577468
6203.000000   0.577573
6204.000000   0.577678
6205.000000   0.577783
6206.000000   0.577889
6207.000000   0.577995
6208.000000   0.578101
6209.000000   0.578207
6210.000000   0.578314
6211.000000   0.578421
6212.000000   0.578528
6213.000000   0.578636
6214.000000   0.578744
6215.000000   0.578852
6216.000000   0.578961
6217.000000   0.579070
6218.000000   0.579179
6219.000000   0.579289
6220.000000   0.579400
6221.000000   0.579511
6222.000000   0.579623
6223.000000   0.579735
6224.000000   0.579847
6225.000000   0.579961
6226.000000   0.580074
6227.000000   0.580189
6228.000000   0.580304
6229.000000   0.580419
6230.000000   0.580536
6231.000000   0.580653
6232.000000   0.580770
6233.000000   0.580889
6234.000000   0.581008
6235.000000   0.581128
6236.000000   0.581249
6237.000000   0.581371
6238.000000   0.581493
6239.000000   0.581616
6240.000000   0.581740
6241.000000   0.581865
6242.000000   0.581991
6243.000000   0.582118
6244.000000   0.582245
6245.000000   0.582374
6246.000000   0.582504
6247.000000   0.582635
6248.000000   0.582766
6249.000000   0.582899
6250.000000   0.583032
6251.000000   0.583167
6252.000000   0.583303
6253.000000   0.583440
6254.000000   0.583578
6255.000000   0.583717
6256.000000   0.583857
6257.000000   0.583998
6258.000000   0.584141
6259.000000   0.584285
6260.000000   0.584430
6261.000000   0.584576
6262.000000   0.584723
6263.000000   0.584872
6264.000000   0.585022
6265.000000   0.585173
6266.000000   0.585326
6267.000000   0.585480
6268.000000   0.585635
6269.000000   0.585791
6270.000000   0.585949
6271.000000   0.586108
6272.000000   0.586268
6273.000000   0.586430
6274.000000   0.586594
6275.000000   0.586758
6276.000000   0.586925
6277.000000   0.587092
6278.000000   0.587261
6279.000000   0.587432
6280.000000   0.587603
6281.000000   0.587777
