calculator/instruments/lris/unmodified_files/300_mirr_eff.dat
# %ECSV 0.9
# ---
# datatype:
# - {name: wav, datatype: float32}
# - {name: eff, datatype: float64}
# - {name: eff_unc, datatype: float64}
# meta: !!omap
# - {Filter: OG550}
# - {cwav: '8000'}
# - {Grating: 1200G}
# - {Grism: None}
# - {Mode: spectroscopic}
# schema: astropy-2.0
wav eff
[from data line 2783]
6283.000000   0.588128
6284.000000   0.588306
6285.000000   0.588485
6286.000000   0.588666
6287.000000   0.588849
6288.000000   0.589033
6289.000000   0.589218
6290.000000   0.589405
6291.000000   0.589594
6292.000000   0.589784
6293.000000   0.589976
6294.000000   0.590169
6295.000000   0.590364
6296.000000   0.590560
6297.000000   0.590759
6298.000000   0.590958
6299.000000   0.591160
6300.000000   0.591362
6301.000000   0.591567
6302.000000   0.591773
6303.000000   0.591981
6304.000000   0.592190
6305.000000   0.592401
6306.000000   0.592613
6307.000000   0.592827
6308.000000   0.593043
6309.000000   0.593260
6310.000000   0.593479
6311.000000   0.593700
6312.000000   0.593922
6313.000000   0.594146
6314.000000   0.594371
6315.000000   0.594598
6316.000000   0.594827
6317.000000   0.595057
6318.000000   0.595288
6319.000000   0.595522
6320.000000   0.595756
6321.000000   0.595993
6322.000000   0.596231
6323.000000   0.596471
6324.000000   0.596712
6325.000000   0.596954
6326.000000   0.597199
6327.000000   0.597444
6328.000000   0.597691
6329.000000   0.597940
6330.000000   0.598190
6331.000000   0.598442
6332.000000   0.598695
6333.000000   0.598950
6334.000000   0.599206
6335.000000   0.599463
6336.000000   0.599723
6337.000000   0.599983
6338.000000   0.600245
6339.000000   0.600508
6340.000000   0.600773
6341.000000   0.601039
6342.000000   0.601306
6343.000000   0.601574
6344.000000   0.601844
6345.000000   0.602115
6346.000000   0.602388
6347.000000   0.602661
6348.000000   0.602937
6349.000000   0.603213
6350.000000   0.603490
6351.000000   0.603769
6352.000000   0.604048
6353.000000   0.604329
6354.000000   0.604611
6355.000000   0.604894
6356.000000   0.605178
6357.000000   0.605464
6358.000000   0.605750
6359.000000   0.606037
6360.000000   0.606325
6361.000000   0.606615
6362.000000   0.606905
6363.000000   0.607196
6364.000000   0.607488
6365.000000   0.607781
6366.000000   0.608074
6367.000000   0.608369
6368.000000   0.608664
6369.000000   0.608960
6370.000000   0.609257
6371.000000   0.609554
6372.000000   0.609852
6373.000000   0.610151
6374.000000   0.610451
6375.000000   0.610750
6376.000000   0.611051
6377.000000   0.611352
6378.000000   0.611654
6379.000000   0.611955
6380.000000   0.612258
6381.000000   0.612561
6382.000000   0.612864
6383.000000   0.613168
6384.000000   0.613472
6385.000000   0.613775
6386.000000   0.614080
6387.000000   0.614385
6388.000000   0.614689
6389.000000   0.614994
6390.000000   0.615299
6391.000000   0.615604
6392.000000   0.615910
6393.000000   0.616215
6394.000000   0.616520
6395.000000   0.616825
6396.000000   0.617130
6397.000000   0.617435
6398.000000   0.617739
6399.000000   0.618044
6400.000000   0.618348
6401.000000   0.618652
6402.000000   0.618955
6403.000000   0.619259
6404.000000   0.619562
6405.000000   0.619864
6406.000000   0.620166
6407.000000   0.620468
6408.000000   0.620769
6409.000000   0.621069
6410.000000   0.621369
6411.000000   0.621668
6412.000000   0.621966
6413.000000   0.622264
6414.000000   0.622561
6415.000000   0.622857
6416.000000   0.623153
6417.000000   0.623447
6418.000000   0.623740
6419.000000   0.624033
6420.000000   0.624324
6421.000000   0.624615
6422.000000   0.624904
6423.000000   0.625193
6424.000000   0.625480
6425.000000   0.625766
6426.000000   0.626051
6427.000000   0.626335
6428.000000   0.626617
6429.000000   0.626898
6430.000000   0.627178
6431.000000   0.627456
6432.000000   0.627733
6433.000000   0.628008
6434.000000   0.628281
6435.000000   0.628554
6436.000000   0.628824
6437.000000   0.629093
6438.000000   0.629361
6439.000000   0.629626
6440.000000   0.629890
6441.000000   0.630153
6442.000000   0.630413
6443.000000   0.630672
6444.000000   0.630928
6445.000000   0.631183
6446.000000   0.631436
6447.000000   0.631687
6448.000000   0.631936
6449.000000   0.632182
6450.000000   0.632428
6451.000000   0.632670
6452.000000   0.632911
6453.000000   0.633149
6454.000000   0.633386
6455.000000   0.633619
6456.000000   0.633851
6457.000000   0.634081
6458.000000   0.634308
6459.000000   0.634533
6460.000000   0.634756
6461.000000   0.634976
6462.000000   0.635194
6463.000000   0.635408
6464.000000   0.635622
6465.000000   0.635832
6466.000000   0.636040
6467.000000   0.636245
6468.000000   0.636447
6469.000000   0.636647
6470.000000   0.636845
6471.000000   0.637040
6472.000000   0.637232
6473.000000   0.637421
6474.000000   0.637608
6475.000000   0.637792
6476.000000   0.637973
6477.000000   0.638152
6478.000000   0.638327
6479.000000   0.638500
6480.000000   0.638670
6481.000000   0.638837
6482.000000   0.639002
6483.000000   0.639163
6484.000000   0.639322
6485.000000   0.639477
6486.000000   0.639630
6487.000000   0.639780
6488.000000   0.639926
6489.000000   0.640070
6490.000000   0.640211
6491.000000   0.640349
6492.000000   0.640483
6493.000000   0.640615
6494.000000   0.640744
6495.000000   0.640870
6496.000000   0.640992
6497.000000   0.641112
6498.000000   0.641229
6499.000000   0.641342
6500.000000   0.641453
6501.000000   0.641560
6502.000000   0.641665
6503.000000   0.641765
6504.000000   0.641864
6505.000000   0.641959
6506.000000   0.642050
6507.000000   0.642139
6508.000000   0.642225
6509.000000   0.642308
6510.000000   0.642387
6511.000000   0.642464
6512.000000   0.642537
6513.000000   0.642607
6514.000000   0.642674
6515.000000   0.642739
6516.000000   0.642799
6517.000000   0.642857
6518.000000   0.642912
6519.000000   0.642964
6520.000000   0.643013
6521.000000   0.643059
6522.000000   0.643101
6523.000000   0.643141
6524.000000   0.643178
6525.000000   0.643211
6526.000000   0.643242
6527.000000   0.643270
6528.000000   0.643294
6529.000000   0.643317
6530.000000   0.643335
6531.000000   0.643351
6532.000000   0.643364
6533.000000   0.643375
6534.000000   0.643382
6535.000000   0.643386
6536.000000   0.643388
6537.000000   0.643387
6538.000000   0.643383
6539.000000   0.643376
6540.000000   0.643367
6541.000000   0.643354
6542.000000   0.643340
6543.000000   0.643322
6544.000000   0.643302
6545.000000   0.643279
6546.000000   0.643253
6547.000000   0.643225
6548.000000   0.643195
6549.000000   0.643162
6550.000000   0.643126
6551.000000   0.643088
6552.000000   0.643047
6553.000000   0.643004
6554.000000   0.642959
6555.000000   0.642911
6556.000000   0.642861
6557.000000   0.642809
6558.000000   0.642754
6559.000000   0.642697
6560.000000   0.642638
6561.000000   0.642577
6562.000000   0.642513
6563.000000   0.642448
6564.000000   0.642380
6565.000000   0.642310
6566.000000   0.642239
6567.000000   0.642165
6568.000000   0.642089
6569.000000   0.642012
6570.000000   0.641933
6571.000000   0.641852
6572.000000   0.641768
6573.000000   0.641684
6574.000000   0.641597
6575.000000   0.641509
6576.000000   0.641419
6577.000000   0.641328
6578.000000   0.641235
6579.000000   0.641140
6580.000000   0.641044
6581.000000   0.640946
6582.000000   0.640847
6583.000000   0.640747
6584.000000   0.640645
6585.000000   0.640542
6586.000000   0.640438
6587.000000   0.640332
6588.000000   0.640225
6589.000000   0.640117
6590.000000   0.640008
6591.000000   0.639898
6592.000000   0.639787
6593.000000   0.639675
6594.000000   0.639562
6595.000000   0.639447
6596.000000   0.639332
6597.000000   0.639216
6598.000000   0.639100
6599.000000   0.638982
6600.000000   0.638864
6601.000000   0.638745
6602.000000   0.638625
6603.000000   0.638505
6604.000000   0.638384
6605.000000   0.638263
6606.000000   0.638141
6607.000000   0.638018
6608.000000   0.637895
6609.000000   0.637772
6610.000000   0.637648
6611.000000   0.637524
6612.000000   0.637400
6613.000000   0.637275
6614.000000   0.637150
6615.000000   0.637025
6616.000000   0.636900
6617.000000   0.636774
6618.000000   0.636648
6619.000000   0.636523
6620.000000   0.636397
6621.000000   0.636271
6622.000000   0.636145
6623.000000   0.636019
6624.000000   0.635894
6625.000000   0.635768
6626.000000   0.635642
6627.000000   0.635517
6628.000000   0.635392
6629.000000   0.635267
6630.000000   0.635142
6631.000000   0.635017
6632.000000   0.634893
6633.000000   0.634769
6634.000000   0.634645
6635.000000   0.634521
6636.000000   0.634398
6637.000000   0.634276
6638.000000   0.634153
6639.000000   0.634031
6640.000000   0.633910
6641.000000   0.633789
6642.000000   0.633668
6643.000000   0.633547
6644.000000   0.633428
6645.000000   0.633308
6646.000000   0.633190
6647.000000   0.633071
6648.000000   0.632954
6649.000000   0.632836
6650.000000   0.632720
6651.000000   0.632604
6652.000000   0.632488
6653.000000   0.632373
6654.000000   0.632259
6655.000000   0.632145
6656.000000   0.632031
6657.000000   0.631919
6658.000000   0.631807
6659.000000   0.631695
6660.000000   0.631584
6661.000000   0.631474
6662.000000   0.631364
6663.000000   0.631255
6664.000000   0.631146
6665.000000   0.631038
6666.000000   0.630930
6667.000000   0.630824
6668.000000   0.630717
6669.000000   0.630611
6670.000000   0.630506
6671.000000   0.630401
6672.000000   0.630296
6673.000000   0.630192
6674.000000   0.630089
6675.000000   0.629986
6676.000000   0.629884
6677.000000   0.629781
6678.000000   0.629680
6679.000000   0.629578
6680.000000   0.629477
6681.000000   0.629377
6682.000000   0.629277
6683.000000   0.629177
6684.000000   0.629077
6685.000000   0.628977
6686.000000   0.628878
6687.000000   0.628779
6688.000000   0.628680
6689.000000   0.628581
6690.000000   0.628483
6691.000000   0.628385
6692.000000   0.628286
6693.000000   0.628188
6694.000000   0.628090
6695.000000   0.627991
6696.000000   0.627892
6697.000000   0.627794
6698.000000   0.627695
6699.000000   0.627596
6700.000000   0.627497
6701.000000   0.627397
6702.000000   0.627298
6703.000000   0.627198
6704.000000   0.627097
6705.000000   0.626997
6706.000000   0.626896
6707.000000   0.626794
6708.000000   0.626692
6709.000000   0.626589
6710.000000   0.626485
6711.000000   0.626381
6712.000000   0.626276
6713.000000   0.626171
6714.000000   0.626065
6715.000000   0.625958
6716.000000   0.625850
6717.000000   0.625741
6718.000000   0.625631
6719.000000   0.625520
6720.000000   0.625407
6721.000000   0.625294
6722.000000   0.625180
6723.000000   0.625064
6724.000000   0.624947
6725.000000   0.624830
6726.000000   0.624710
6727.000000   0.624589
6728.000000   0.624467
6729.000000   0.624343
6730.000000   0.624217
6731.000000   0.624090
6732.000000   0.623962
6733.000000   0.623831
6734.000000   0.623699
6735.000000   0.623565
6736.000000   0.623429
6737.000000   0.623292
6738.000000   0.623152
6739.000000   0.623010
6740.000000   0.622867
6741.000000   0.622721
6742.000000   0.622573
6743.000000   0.622423
6744.000000   0.622271
6745.000000   0.622116
6746.000000   0.621960
6747.000000   0.621800
6748.000000   0.621639
6749.000000   0.621475
6750.000000   0.621308
6751.000000   0.621139
6752.000000   0.620967
6753.000000   0.620793
6754.000000   0.620616
6755.000000   0.620436
6756.000000   0.620254
6757.000000   0.620069
6758.000000   0.619881
6759.000000   0.619691
6760.000000   0.619497
6761.000000   0.619301
6762.000000   0.619101
6763.000000   0.618898
6764.000000   0.618693
6765.000000   0.618484
6766.000000   0.618273
6767.000000   0.618058
6768.000000   0.617840
6769.000000   0.617619
6770.000000   0.617395
6771.000000   0.617168
6772.000000   0.616937
6773.000000   0.616704
6774.000000   0.616466
6775.000000   0.616226
6776.000000   0.615983
6777.000000   0.615736
6778.000000   0.615485
6779.000000   0.615232
6780.000000   0.614975
6781.000000   0.614715
6782.000000   0.614451
6783.000000   0.614184
6784.000000   0.613914
6785.000000   0.613640
6786.000000   0.613363
6787.000000   0.613083
6788.000000   0.612799
6789.000000   0.612512
6790.000000   0.612222
6791.000000   0.611928
6792.000000   0.611631
6793.000000   0.611330
6794.000000   0.611026
6795.000000   0.610719
6796.000000   0.610409
6797.000000   0.610095
6798.000000   0.609779
6799.000000   0.609458
6800.000000   0.609135
6801.000000   0.608809
6802.000000   0.608480
6803.000000   0.608147
6804.000000   0.607812
6805.000000   0.607473
6806.000000   0.607131
6807.000000   0.606787
6808.000000   0.606440
6809.000000   0.606090
6810.000000   0.605737
6811.000000   0.605381
6812.000000   0.605022
6813.000000   0.604661
6814.000000   0.604298
6815.000000   0.603931
6816.000000   0.603562
6817.000000   0.603192
6818.000000   0.602818
6819.000000   0.602442
6820.000000   0.602064
6821.000000   0.601684
6822.000000   0.601301
6823.000000   0.600917
6824.000000   0.600530
6825.000000   0.600142
6826.000000   0.599752
6827.000000   0.599360
6828.000000   0.598967
6829.000000   0.598571
6830.000000   0.598175
6831.000000   0.597776
6832.000000   0.597377
6833.000000   0.596976
6834.000000   0.596574
6835.000000   0.596171
6836.000000   0.595767
6837.000000   0.595362
6838.000000   0.594956
6839.000000   0.594549
6840.000000   0.594142
6841.000000   0.593734
6842.000000   0.593326
6843.000000   0.592918
6844.000000   0.592508
6845.000000   0.592099
6846.000000   0.591690
6847.000000   0.591281
6848.000000   0.590872
6849.000000   0.590463
6850.000000   0.590055
6851.000000   0.589647
6852.000000   0.589239
6853.000000   0.588833
6854.000000   0.588427
6855.000000   0.588022
6856.000000   0.587617
6857.000000   0.587214
6858.000000   0.586812
6859.000000   0.586411
6860.000000   0.586011
6861.000000   0.585613
6862.000000   0.585217
6863.000000   0.584822
6864.000000   0.584430
6865.000000   0.584039
6866.000000   0.583650
6867.000000   0.583263
6868.000000   0.582879
6869.000000   0.582496
6870.000000   0.582116
6871.000000   0.581739
6872.000000   0.581364
6873.000000   0.580992
6874.000000   0.580623
6875.000000   0.580257
6876.000000   0.579893
6877.000000   0.579533
6878.000000   0.579176
6879.000000   0.578822
6880.000000   0.578472
6881.000000   0.578125
6882.000000   0.577782
6883.000000   0.577442
6884.000000   0.577107
6885.000000   0.576775
6886.000000   0.576447
6887.000000   0.576122
6888.000000   0.575802
6889.000000   0.575486
6890.000000   0.575175
6891.000000   0.574867
6892.000000   0.574564
6893.000000   0.574266
6894.000000   0.573971
6895.000000   0.573682
6896.000000   0.573397
6897.000000   0.573116
6898.000000   0.572841
6899.000000   0.572570
6900.000000   0.572304
6901.000000   0.572043
6902.000000   0.571786
6903.000000   0.571535
6904.000000   0.571289
6905.000000   0.571048
6906.000000   0.570811
6907.000000   0.570580
6908.000000   0.570354
6909.000000   0.570133
6910.000000   0.569917
6911.000000   0.569707
6912.000000   0.569501
6913.000000   0.569301
6914.000000   0.569105
6915.000000   0.568915
6916.000000   0.568730
6917.000000   0.568551
6918.000000   0.568376
6919.000000   0.568207
6920.000000   0.568042
6921.000000   0.567883
6922.000000   0.567729
6923.000000   0.567580
6924.000000   0.567436
6925.000000   0.567297
6926.000000   0.567162
6927.000000   0.567033
6928.000000   0.566908
6929.000000   0.566788
6930.000000   0.566673
6931.000000   0.566562
6932.000000   0.566457
6933.000000   0.566355
6934.000000   0.566258
6935.000000   0.566165
6936.000000   0.566077
6937.000000   0.565993
6938.000000   0.565913
6939.000000   0.565837
6940.000000   0.565764
6941.000000   0.565696
6942.000000   0.565631
6943.000000   0.565570
6944.000000   0.565513
6945.000000   0.565458
6946.000000   0.565407
6947.000000   0.565359
6948.000000   0.565314
6949.000000   0.565272
6950.000000   0.565233
6951.000000   0.565196
6952.000000   0.565162
6953.000000   0.565131
6954.000000   0.565101
6955.000000   0.565073
6956.000000   0.565048
6957.000000   0.565024
6958.000000   0.565002
6959.000000   0.564981
6960.000000   0.564961
6961.000000   0.564943
6962.000000   0.564925
6963.000000   0.564909
6964.000000   0.564893
6965.000000   0.564878
6966.000000   0.564862
6967.000000   0.564848
6968.000000   0.564833
6969.000000   0.564817
6970.000000   0.564802
6971.000000   0.564786
6972.000000   0.564770
6973.000000   0.564753
6974.000000   0.564734
6975.000000   0.564714
6976.000000   0.564694
6977.000000   0.564671
