calculator/instruments/lris/unmodified_files/300_mirr_eff.dat
# %ECSV 0.9
# ---
# datatype:
# - {name: wav, datatype: float32}
# - {name: eff, datatype: float64}
# - {name: eff_unc, datatype: float64}
# meta: !!omap
# - {Filter: OG550}
# - {cwav: '8000'}
# - {Grating: 1200G}
# - {Grism: None}
# - {Mode: spectroscopic}
# schema: astropy-2.0
wav eff
[from data line 1392]
4892.000000   0.535790
4893.000000   0.535983
4894.000000   0.536176
4895.000000   0.536368
4896.000000   0.536561
4897.000000   0.536753
4898.000000   0.536945
4899.000000   0.537137
4900.000000   0.537328
4901.000000   0.537519
4902.000000   0.537710
4903.000000   0.537901
4904.000000   0.538091
4905.000000   0.538280
4906.000000   0.538470
4907.000000   0.538659
4908.000000   0.538847
4909.000000   0.539036
4910.000000   0.539224
4911.000000   0.539411
4912.000000   0.539598
4913.000000   0.539784
4914.000000   0.539970
4915.000000   0.540156
4916.000000   0.540341
4917.000000   0.540525
4918.000000   0.540709
4919.000000   0.540892
4920.000000   0.541075
4921.000000   0.541257
4922.000000   0.541439
4923.000000   0.541620
4924.000000   0.541800
4925.000000   0.541980
4926.000000   0.542159
4927.000000   0.542337
4928.000000   0.542515
4929.000000   0.542692
4930.000000   0.542869
4931.000000   0.543044
4932.000000   0.543219
4933.000000   0.543393
4934.000000   0.543566
4935.000000   0.543739
4936.000000   0.543911
4937.000000   0.544081
4938.000000   0.544251
4939.000000   0.544420
4940.000000   0.544589
4941.000000   0.544756
4942.000000   0.544922
4943.000000   0.545088
4944.000000   0.545253
4945.000000   0.545416
4946.000000   0.545579
4947.000000   0.545741
4948.000000   0.545902
4949.000000   0.546061
4950.000000   0.546220
4951.000000   0.546378
4952.000000   0.546534
4953.000000   0.546690
4954.000000   0.546844
4955.000000   0.546997
4956.000000   0.547150
4957.000000   0.547301
4958.000000   0.547450
4959.000000   0.547599
4960.000000   0.547746
4961.000000   0.547893
4962.000000   0.548038
4963.000000   0.548181
4964.000000   0.548324
4965.000000   0.548465
4966.000000   0.548605
4967.000000   0.548744
4968.000000   0.548881
4969.000000   0.549017
4970.000000   0.549151
4971.000000   0.549285
4972.000000   0.549417
4973.000000   0.549547
4974.000000   0.549676
4975.000000   0.549803
4976.000000   0.549929
4977.000000   0.550054
4978.000000   0.550177
4979.000000   0.550299
4980.000000   0.550418
4981.000000   0.550537
4982.000000   0.550654
4983.000000   0.550769
4984.000000   0.550883
4985.000000   0.550995
4986.000000   0.551105
4987.000000   0.551214
4988.000000   0.551321
4989.000000   0.551427
4990.000000   0.551530
4991.000000   0.551632
4992.000000   0.551732
4993.000000   0.551831
4994.000000   0.551928
4995.000000   0.552023
4996.000000   0.552116
4997.000000   0.552207
4998.000000   0.552297
4999.000000   0.552384
5000.000000   0.552470
5001.000000   0.552554
5002.000000   0.552636
5003.000000   0.552716
5004.000000   0.552794
5005.000000   0.552871
5006.000000   0.552945
5007.000000   0.553018
5008.000000   0.553089
5009.000000   0.553158
5010.000000   0.553225
5011.000000   0.553290
5012.000000   0.553354
5013.000000   0.553415
5014.000000   0.553475
5015.000000   0.553533
5016.000000   0.553589
5017.000000   0.553644
5018.000000   0.553697
5019.000000   0.553747
5020.000000   0.553797
5021.000000   0.553844
5022.000000   0.553890
5023.000000   0.553934
5024.000000   0.553976
5025.000000   0.554016
5026.000000   0.554055
5027.000000   0.554092
5028.000000   0.554128
5029.000000   0.554161
5030.000000   0.554193
5031.000000   0.554224
5032.000000   0.554252
5033.000000   0.554279
5034.000000   0.554305
5035.000000   0.554328
5036.000000   0.554350
5037.000000   0.554371
5038.000000   0.554389
5039.000000   0.554406
5040.000000   0.554422
5041.000000   0.554436
5042.000000   0.554448
5043.000000   0.554459
5044.000000   0.554469
5045.000000   0.554476
5046.000000   0.554483
5047.000000   0.554487
5048.000000   0.554490
5049.000000   0.554492
5050.000000   0.554492
5051.000000   0.554491
5052.000000   0.554488
5053.000000   0.554483
5054.000000   0.554478
5055.000000   0.554471
5056.000000   0.554462
5057.000000   0.554452
5058.000000   0.554440
5059.000000   0.554427
5060.000000   0.554412
5061.000000   0.554397
5062.000000   0.554379
5063.000000   0.554361
5064.000000   0.554341
5065.000000   0.554320
5066.000000   0.554297
5067.000000   0.554273
5068.000000   0.554248
5069.000000   0.554221
5070.000000   0.554193
5071.000000   0.554164
5072.000000   0.554134
5073.000000   0.554102
5074.000000   0.554069
5075.000000   0.554035
5076.000000   0.553999
5077.000000   0.553963
5078.000000   0.553925
5079.000000   0.553886
5080.000000   0.553845
5081.000000   0.553804
5082.000000   0.553762
5083.000000   0.553718
5084.000000   0.553673
5085.000000   0.553627
5086.000000   0.553580
5087.000000   0.553531
5088.000000   0.553482
5089.000000   0.553432
5090.000000   0.553380
5091.000000   0.553327
5092.000000   0.553274
5093.000000   0.553219
5094.000000   0.553163
5095.000000   0.553107
5096.000000   0.553049
5097.000000   0.552990
5098.000000   0.552931
5099.000000   0.552870
5100.000000   0.552809
5101.000000   0.552746
5102.000000   0.552683
5103.000000   0.552618
5104.000000   0.552553
5105.000000   0.552487
5106.000000   0.552420
5107.000000   0.552352
5108.000000   0.552284
5109.000000   0.552214
5110.000000   0.552144
5111.000000   0.552072
5112.000000   0.552000
5113.000000   0.551928
5114.000000   0.551854
5115.000000   0.551780
5116.000000   0.551705
5117.000000   0.551629
5118.000000   0.551552
5119.000000   0.551475
5120.000000   0.551397
5121.000000   0.551318
5122.000000   0.551239
5123.000000   0.551159
5124.000000   0.551078
5125.000000   0.550997
5126.000000   0.550915
5127.000000   0.550833
5128.000000   0.550750
5129.000000   0.550666
5130.000000   0.550582
5131.000000   0.550497
5132.000000   0.550411
5133.000000   0.550326
5134.000000   0.550239
5135.000000   0.550152
5136.000000   0.550064
5137.000000   0.549977
5138.000000   0.549888
5139.000000   0.549799
5140.000000   0.549710
5141.000000   0.549620
5142.000000   0.549530
5143.000000   0.549439
5144.000000   0.549348
5145.000000   0.549257
5146.000000   0.549165
5147.000000   0.549073
5148.000000   0.548981
5149.000000   0.548888
5150.000000   0.548795
5151.000000   0.548701
5152.000000   0.548608
5153.000000   0.548513
5154.000000   0.548419
5155.000000   0.548325
5156.000000   0.548230
5157.000000   0.548135
5158.000000   0.548040
5159.000000   0.547944
5160.000000   0.547848
5161.000000   0.547753
5162.000000   0.547657
5163.000000   0.547561
5164.000000   0.547464
5165.000000   0.547368
5166.000000   0.547271
5167.000000   0.547174
5168.000000   0.547078
5169.000000   0.546981
5170.000000   0.546884
5171.000000   0.546787
5172.000000   0.546690
5173.000000   0.546593
5174.000000   0.546495
5175.000000   0.546398
5176.000000   0.546301
5177.000000   0.546204
5178.000000   0.546107
5179.000000   0.546010
5180.000000   0.545913
5181.000000   0.545816
5182.000000   0.545719
5183.000000   0.545622
5184.000000   0.545525
5185.000000   0.545429
5186.000000   0.545332
5187.000000   0.545236
5188.000000   0.545139
5189.000000   0.545043
5190.000000   0.544947
5191.000000   0.544852
5192.000000   0.544756
5193.000000   0.544661
5194.000000   0.544565
5195.000000   0.544470
5196.000000   0.544376
5197.000000   0.544281
5198.000000   0.544187
5199.000000   0.544093
5200.000000   0.543999
5201.000000   0.543906
5202.000000   0.543812
5203.000000   0.543720
5204.000000   0.543627
5205.000000   0.543535
5206.000000   0.543443
5207.000000   0.543352
5208.000000   0.543260
5209.000000   0.543170
5210.000000   0.543079
5211.000000   0.542989
5212.000000   0.542899
5213.000000   0.542810
5214.000000   0.542722
5215.000000   0.542633
5216.000000   0.542545
5217.000000   0.542458
5218.000000   0.542371
5219.000000   0.542284
5220.000000   0.542198
5221.000000   0.542113
5222.000000   0.542028
5223.000000   0.541943
5224.000000   0.541859
5225.000000   0.541776
5226.000000   0.541693
5227.000000   0.541610
5228.000000   0.541528
5229.000000   0.541447
5230.000000   0.541366
5231.000000   0.541286
5232.000000   0.541207
5233.000000   0.541128
5234.000000   0.541050
5235.000000   0.540972
5236.000000   0.540895
5237.000000   0.540819
5238.000000   0.540743
5239.000000   0.540668
5240.000000   0.540594
5241.000000   0.540520
5242.000000   0.540447
5243.000000   0.540375
5244.000000   0.540303
5245.000000   0.540232
5246.000000   0.540163
5247.000000   0.540093
5248.000000   0.540024
5249.000000   0.539956
5250.000000   0.539889
5251.000000   0.539823
5252.000000   0.539757
5253.000000   0.539693
5254.000000   0.539629
5255.000000   0.539565
5256.000000   0.539503
5257.000000   0.539441
5258.000000   0.539381
5259.000000   0.539321
5260.000000   0.539262
5261.000000   0.539203
5262.000000   0.539146
5263.000000   0.539090
5264.000000   0.539034
5265.000000   0.538979
5266.000000   0.538925
5267.000000   0.538873
5268.000000   0.538821
5269.000000   0.538769
5270.000000   0.538719
5271.000000   0.538669
5272.000000   0.538620
5273.000000   0.538573
5274.000000   0.538526
5275.000000   0.538479
5276.000000   0.538434
5277.000000   0.538389
5278.000000   0.538346
5279.000000   0.538303
5280.000000   0.538261
5281.000000   0.538219
5282.000000   0.538179
5283.000000   0.538139
5284.000000   0.538100
5285.000000   0.538062
5286.000000   0.538025
5287.000000   0.537988
5288.000000   0.537952
5289.000000   0.537917
5290.000000   0.537883
5291.000000   0.537850
5292.000000   0.537817
5293.000000   0.537785
5294.000000   0.537753
5295.000000   0.537723
5296.000000   0.537693
5297.000000   0.537664
5298.000000   0.537635
5299.000000   0.537608
5300.000000   0.537581
5301.000000   0.537554
5302.000000   0.537529
5303.000000   0.537504
5304.000000   0.537480
5305.000000   0.537456
5306.000000   0.537433
5307.000000   0.537411
5308.000000   0.537390
5309.000000   0.537369
5310.000000   0.537349
5311.000000   0.537329
5312.000000   0.537310
5313.000000   0.537292
5314.000000   0.537274
5315.000000   0.537257
5316.000000   0.537241
5317.000000   0.537225
5318.000000   0.537210
5319.000000   0.537195
5320.000000   0.537181
5321.000000   0.537167
5322.000000   0.537154
5323.000000   0.537142
5324.000000   0.537130
5325.000000   0.537119
5326.000000   0.537108
5327.000000   0.537099
5328.000000   0.537089
5329.000000   0.537080
5330.000000   0.537071
5331.000000   0.537063
5332.000000   0.537056
5333.000000   0.537049
5334.000000   0.537042
5335.000000   0.537036
5336.000000   0.537031
5337.000000   0.537026
5338.000000   0.537022
5339.000000   0.537017
5340.000000   0.537014
5341.000000   0.537011
5342.000000   0.537008
5343.000000   0.537006
5344.000000   0.537004
5345.000000   0.537002
5346.000000   0.537002
5347.000000   0.537001
5348.000000   0.537001
5349.000000   0.537001
5350.000000   0.537002
5351.000000   0.537003
5352.000000   0.537004
5353.000000   0.537006
5354.000000   0.537008
5355.000000   0.537011
5356.000000   0.537013
5357.000000   0.537017
5358.000000   0.537020
5359.000000   0.537024
5360.000000   0.537028
5361.000000   0.537033
5362.000000   0.537038
5363.000000   0.537043
5364.000000   0.537048
5365.000000   0.537054
5366.000000   0.537060
5367.000000   0.537066
5368.000000   0.537073
5369.000000   0.537080
5370.000000   0.537087
5371.000000   0.537094
5372.000000   0.537102
5373.000000   0.537109
5374.000000   0.537117
5375.000000   0.537126
5376.000000   0.537134
5377.000000   0.537143
5378.000000   0.537152
5379.000000   0.537161
5380.000000   0.537170
5381.000000   0.537180
5382.000000   0.537189
5383.000000   0.537199
5384.000000   0.537209
5385.000000   0.537219
5386.000000   0.537229
5387.000000   0.537240
5388.000000   0.537251
5389.000000   0.537261
5390.000000   0.537272
5391.000000   0.537283
5392.000000   0.537294
5393.000000   0.537305
5394.000000   0.537316
5395.000000   0.537327
5396.000000   0.537339
5397.000000   0.537350
5398.000000   0.537362
5399.000000   0.537373
5400.000000   0.537385
5401.000000   0.537397
5402.000000   0.537408
5403.000000   0.537420
5404.000000   0.537432
5405.000000   0.537444
5406.000000   0.537456
5407.000000   0.537468
5408.000000   0.537479
5409.000000   0.537491
5410.000000   0.537503
5411.000000   0.537515
5412.000000   0.537527
5413.000000   0.537538
5414.000000   0.537550
5415.000000   0.537562
5416.000000   0.537574
5417.000000   0.537585
5418.000000   0.537597
5419.000000   0.537608
5420.000000   0.537620
5421.000000   0.537631
5422.000000   0.537642
5423.000000   0.537654
5424.000000   0.537665
5425.000000   0.537675
5426.000000   0.537686
5427.000000   0.537697
5428.000000   0.537708
5429.000000   0.537718
5430.000000   0.537728
5431.000000   0.537739
5432.000000   0.537749
5433.000000   0.537759
5434.000000   0.537769
5435.000000   0.537778
5436.000000   0.537788
5437.000000   0.537797
5438.000000   0.537806
5439.000000   0.537815
5440.000000   0.537824
5441.000000   0.537833
5442.000000   0.537841
5443.000000   0.537850
5444.000000   0.537857
5445.000000   0.537865
5446.000000   0.537873
5447.000000   0.537880
5448.000000   0.537887
5449.000000   0.537894
5450.000000   0.537901
5451.000000   0.537907
5452.000000   0.537913
5453.000000   0.537919
5454.000000   0.537925
5455.000000   0.537930
5456.000000   0.537936
5457.000000   0.537940
5458.000000   0.537945
5459.000000   0.537949
5460.000000   0.537953
5461.000000   0.537957
5462.000000   0.537960
5463.000000   0.537964
5464.000000   0.537966
5465.000000   0.537969
5466.000000   0.537971
5467.000000   0.537973
5468.000000   0.537975
5469.000000   0.537976
5470.000000   0.537977
5471.000000   0.537978
5472.000000   0.537978
5473.000000   0.537978
5474.000000   0.537978
5475.000000   0.537977
5476.000000   0.537976
5477.000000   0.537974
5478.000000   0.537973
5479.000000   0.537971
5480.000000   0.537968
5481.000000   0.537965
5482.000000   0.537962
5483.000000   0.537958
5484.000000   0.537954
5485.000000   0.537950
5486.000000   0.537945
5487.000000   0.537940
5488.000000   0.537934
5489.000000   0.537929
5490.000000   0.537923
5491.000000   0.537916
5492.000000   0.537908
5493.000000   0.537901
5494.000000   0.537893
5495.000000   0.537885
5496.000000   0.537876
5497.000000   0.537867
5498.000000   0.537857
5499.000000   0.537847
5500.000000   0.537837
5501.000000   0.537826
5502.000000   0.537814
5503.000000   0.537803
5504.000000   0.537790
5505.000000   0.537778
5506.000000   0.537765
5507.000000   0.537751
5508.000000   0.537737
5509.000000   0.537723
5510.000000   0.537708
5511.000000   0.537692
5512.000000   0.537677
5513.000000   0.537661
5514.000000   0.537644
5515.000000   0.537626
5516.000000   0.537609
5517.000000   0.537591
5518.000000   0.537572
5519.000000   0.537553
5520.000000   0.537534
5521.000000   0.537514
5522.000000   0.537493
5523.000000   0.537472
5524.000000   0.537451
5525.000000   0.537429
5526.000000   0.537407
5527.000000   0.537384
5528.000000   0.537360
5529.000000   0.537337
5530.000000   0.537312
5531.000000   0.537288
5532.000000   0.537262
5533.000000   0.537236
5534.000000   0.537210
5535.000000   0.537183
5536.000000   0.537156
5537.000000   0.537128
5538.000000   0.537100
5539.000000   0.537071
5540.000000   0.537042
5541.000000   0.537012
5542.000000   0.536982
5543.000000   0.536951
5544.000000   0.536920
5545.000000   0.536888
5546.000000   0.536856
5547.000000   0.536823
5548.000000   0.536790
5549.000000   0.536756
5550.000000   0.536722
5551.000000   0.536687
5552.000000   0.536652
5553.000000   0.536616
5554.000000   0.536580
5555.000000   0.536542
5556.000000   0.536505
5557.000000   0.536467
5558.000000   0.536429
5559.000000   0.536390
5560.000000   0.536351
5561.000000   0.536311
5562.000000   0.536271
5563.000000   0.536230
5564.000000   0.536188
5565.000000   0.536147
5566.000000   0.536105
5567.000000   0.536062
5568.000000   0.536019
5569.000000   0.535975
5570.000000   0.535931
5571.000000   0.535886
5572.000000   0.535841
5573.000000   0.535796
5574.000000   0.535750
5575.000000   0.535704
5576.000000   0.535656
5577.000000   0.535609
5578.000000   0.535562
5579.000000   0.535514
5580.000000   0.535465
5581.000000   0.535416
5582.000000   0.535367
5583.000000   0.535317
5584.000000   0.535267
5585.000000   0.535217
