sky_background/mk_skybg_zm_10_10_ph.dat
# %ECSV 1.0
# ---
# datatype:
# - {name: wavelength, unit: micrometer, datatype: float32}
# - {name: flux, unit: photon/(s arcsec^2 nm m^2), datatype: float32}
# schema: astropy-2.0
wavelength     flux
[from data line 30286]
1505.720      0.5651397    
1505.740      0.5643380    
1505.760      0.5634245    
1505.780      0.5588699    
1505.800      0.5472761    
1505.820      0.5404264    
1505.840      0.5501284    
1505.860      0.5605795    
1505.880      0.5644078    
1505.900      0.5654975    
1505.920      0.5659243    
1505.940      0.5662502    
1505.960      0.5664352    
1505.980      0.5665177    
1506.000      0.5665483    
1506.020      0.5665489    
1506.040      0.5665811    
1506.060      0.5666195    
1506.080      0.5666465    
1506.100      0.5666842    
1506.120      0.5667024    
1506.140      0.5666940    
1506.160      0.5666799    
1506.180      0.5666628    
1506.200      0.5666183    
1506.220      0.5664366    
1506.240      0.5657529    
1506.260      0.5644028    
1506.280      0.5643440    
1506.300      0.5657154    
1506.320      0.5819763    
1506.340       1.763079    
1506.360       26.06170    
1506.380       157.2591    
1506.400       286.4654    
1506.420       157.2665    
1506.440       26.05647    
1506.460       1.762459    
1506.480      0.5821046    
1506.500      0.5664855    
1506.520      0.5664152    
1506.540      0.5664005    
1506.560      0.5663858    
1506.580      0.5663710    
1506.600      0.5663563    
1506.620      0.5663416    
1506.640      0.5663269    
1506.660      0.5663122    
1506.680      0.5662953    
1506.700      0.5662401    
1506.720      0.5660306    
1506.740      0.5658283    
1506.760      0.5659196    
1506.780      0.5658598    
1506.800      0.5678223    
1506.820       1.009927    
1506.840       26.77457    
1506.860       434.8649    
1506.880       2090.566    
1506.900       2997.566    
1506.920       1290.566    
1506.940       164.6661    
1506.960       6.549092    
1506.980      0.6265457    
1507.000      0.5662068    
1507.020      0.5658922    
1507.040      0.5656467    
1507.060      0.5656607    
1507.080      0.5657803    
1507.100      0.5657626    
1507.120      0.5656556    
1507.140      0.5654426    
1507.160      0.5650834    
1507.180      0.5643527    
1507.200      0.5618380    
1507.220      0.5509645    
1507.240      0.5279669    
1507.260      0.5247601    
1507.280      0.5466582    
1507.300      0.5580674    
1507.320      0.5578234    
1507.340      0.5560906    
1507.360      0.5592073    
1507.380      0.5630737    
1507.400      0.5647153    
1507.420      0.5651751    
1507.440      0.5653691    
1507.460      0.5655584    
1507.480      0.5655943    
1507.500      0.5654647    
1507.520      0.5654812    
1507.540      0.5656098    
1507.560      0.5656458    
1507.580      0.5656364    
1507.600      0.5656217    
1507.620      0.5656058    
1507.640      0.5655755    
1507.660      0.5654539    
1507.680      0.5649450    
1507.700      0.5633953    
1507.720      0.5622879    
1507.740      0.5637000    
1507.760      0.5650284    
1507.780      0.5653965    
1507.800      0.5654559    
1507.820      0.5653589    
1507.840      0.5649137    
1507.860      0.5642450    
1507.880      0.5642397    
1507.900      0.5647716    
1507.920      0.5651972    
1507.940      0.5653405    
1507.960      0.5653132    
1507.980      0.5652320    
1508.000      0.5651712    
1508.020      0.5651271    
1508.040      0.5650802    
1508.060      0.5650240    
1508.080      0.5649547    
1508.100      0.5648646    
1508.120      0.5647494    
1508.140      0.5659666    
1508.160      0.7203794    
1508.180       5.352851    
1508.200       41.86651    
1508.220       103.4657    
1508.240       75.26868    
1508.260       15.77683    
1508.280       1.364238    
1508.300      0.5232037    
1508.320      0.5453156    
1508.340      0.5589122    
1508.360      0.5620700    
1508.380      0.5629641    
1508.400      0.5632335    
1508.420      0.5632322    
1508.440      0.5629703    
1508.460      0.5622684    
1508.480      0.5603889    
1508.500      0.5538970    
1508.520      0.5349643    
1508.540      0.5140464    
1508.560      0.5248872    
1508.580      0.5480618    
1508.600      0.5580521    
1508.620      0.5604065    
1508.640      0.5597621    
1508.660      0.5534719    
1508.680      0.5384977    
1508.700      0.5349322    
1508.720      0.5485319    
1508.740      0.5709144    
1508.760       2.035516    
1508.780       38.25898    
1508.800       274.4353    
1508.820       685.3730    
1508.840       672.6168    
1508.860       223.7145    
1508.880       23.28547    
1508.900       1.234326    
1508.920      0.5667133    
1508.940      0.5618315    
1508.960      0.5620128    
1508.980      0.5618403    
1509.000      0.5611254    
1509.020      0.5590581    
1509.040      0.5516375    
1509.060      0.5252038    
1509.080      0.4838769    
1509.100      0.4882829    
1509.120      0.5300872    
1509.140      0.5532820    
1509.160      0.5598237    
1509.180      0.5617716    
1509.200      0.5624419    
1509.220      0.5624752    
1509.240      0.5626417    
1509.260      0.5633333    
1509.280      0.5638741    
1509.300      0.5640553    
1509.320      0.5641047    
1509.340      0.5641301    
1509.360      0.5641509    
1509.380      0.5641914    
1509.400      0.5642336    
1509.420      0.5641400    
1509.440      0.5637435    
1509.460      0.5629616    
1509.480      0.5626249    
1509.500      0.5632846    
1509.520      0.5638761    
1509.540      0.5640517    
1509.560      0.5640715    
1509.580      0.5640019    
1509.600      0.5639523    
1509.620      0.5640612    
1509.640      0.5641176    
1509.660      0.5641119    
1509.680      0.5640973    
1509.700      0.5640827    
1509.720      0.5640680    
1509.740      0.5640535    
1509.760      0.5640389    
1509.780      0.5640243    
1509.800      0.5640096    
1509.820      0.5639950    
1509.840      0.5639804    
1509.860      0.5639657    
1509.880      0.5639513    
1509.900      0.5639365    
1509.920      0.5639219    
1509.940      0.5639073    
1509.960      0.5638921    
1509.980      0.5638692    
1510.000      0.5638078    
1510.020      0.5637096    
1510.040      0.5636292    
1510.060      0.5635577    
1510.080      0.5634652    
1510.100      0.5633316    
1510.120      0.5630869    
1510.140      0.5625605    
1510.160      0.5616531    
1510.180      0.5592461    
1510.200      0.5507408    
1510.220      0.5366066    
1510.240      0.5366871    
1510.260      0.5509052    
1510.280      0.5593005    
1510.300      0.5618193    
1510.320      0.5626171    
1510.340      0.5629627    
1510.360      0.5631424    
1510.380      0.5632456    
1510.400      0.5633003    
1510.420      0.5632550    
1510.440      0.5628614    
1510.460      0.5620736    
1510.480      0.5619801    
1510.500      0.5622880    
1510.520      0.5610563    
1510.540      0.5589017    
1510.560      0.5595938    
1510.580      0.5619105    
1510.600      0.5629621    
1510.620      0.5632518    
1510.640      0.5633650    
1510.660      0.5653216    
1510.680      0.7192580    
1510.700       3.951961    
1510.720       21.14856    
1510.740       36.47813    
1510.760       18.75284    
1510.780       3.202290    
1510.800      0.6699753    
1510.820      0.5644007    
1510.840      0.5631418    
1510.860      0.5630527    
1510.880      0.5638193    
1510.900      0.5698991    
1510.920      0.5781371    
1510.940      0.5698947    
1510.960      0.5542071    
1510.980      0.5432804    
1511.000      0.5448272    
1511.020      0.5551187    
1511.040      0.5606792    
1511.060      0.5621439    
1511.080      0.5625662    
1511.100      0.5630888    
1511.120      0.5671797    
1511.140      0.5771971    
1511.160      0.5762017    
1511.180      0.5657419    
1511.200      0.5604175    
1511.220      0.5555388    
1511.240      0.5530186    
1511.260      0.5570539    
1511.280      0.5651354    
1511.300      0.9531589    
1511.320       10.44288    
1511.340       74.25152    
1511.360       189.2842    
1511.380       204.8461    
1511.400       96.79564    
1511.420       16.79137    
1511.440       1.389503    
1511.460      0.5744726    
1511.480      0.5627869    
1511.500      0.5626260    
1511.520      0.5624631    
1511.540      0.5621801    
1511.560      0.5613070    
1511.580      0.5585684    
1511.600      0.5549107    
1511.620      0.5559749    
1511.640      0.5598012    
1511.660      0.5616783    
1511.680      0.5622023    
1511.700      0.5623887    
1511.720      0.5625077    
1511.740      0.5625723    
1511.760      0.5625764    
1511.780      0.5625634    
1511.800      0.5625489    
1511.820      0.5625343    
1511.840      0.5625197    
1511.860      0.5625052    
1511.880      0.5624906    
1511.900      0.5624760    
1511.920      0.5624614    
1511.940      0.5624468    
1511.960      0.5624322    
1511.980      0.5624176    
1512.000      0.5624031    
1512.020      0.5623885    
1512.040      0.5623739    
1512.060      0.5623595    
1512.080      0.5623448    
1512.100      0.5623303    
1512.120      0.5623156    
1512.140      0.5623011    
1512.160      0.5622860    
1512.180      0.5622651    
1512.200      0.5622120    
1512.220      0.5621213    
1512.240      0.5620329    
1512.260      0.5619060    
1512.280      0.5616989    
1512.300      0.5613955    
1512.320      0.5608056    
1512.340      0.5589948    
1512.360      0.5507760    
1512.380      0.5297358    
1512.400      0.5289472    
1512.420      0.5607368    
1512.440      0.5660594    
1512.460      0.5608695    
1512.480      0.5604864    
1512.500      0.5604575    
1512.520      0.5603719    
1512.540      0.5611138    
1512.560      0.5616334    
1512.580      0.5617656    
1512.600      0.5618873    
1512.620      0.5619283    
1512.640      0.5618188    
1512.660      0.5614648    
1512.680      0.5609770    
1512.700      0.5609604    
1512.720      0.5613316    
1512.740      0.5615122    
1512.760      0.5620192    
1512.780      0.5680690    
1512.800      0.5830282    
1512.820      0.5796930    
1512.840      0.5580696    
1512.860      0.5418516    
1512.880      0.5352178    
1512.900      0.5404034    
1512.920      0.5521256    
1512.940      0.5587528    
1512.960      0.5605168    
1512.980      0.5609647    
1513.000      0.5611276    
1513.020      0.5611759    
1513.040      0.5611345    
1513.060      0.5610780    
1513.080      0.5609186    
1513.100      0.5603749    
1513.120      0.5584165    
1513.140      0.5526841    
1513.160      0.5465685    
1513.180      0.5499895    
1513.200      0.5568810    
1513.220      0.5598730    
1513.240      0.5607302    
1513.260      0.5610296    
1513.280      0.5611674    
1513.300      0.5614012    
1513.320      0.5765107    
1513.340      0.9384022    
1513.360       3.159800    
1513.380       5.691433    
1513.400       3.501207    
1513.420       1.044952    
1513.440      0.5899594    
1513.460      0.7798143    
1513.480       2.489862    
1513.500       5.368766    
1513.520       4.091867    
1513.540       1.316809    
1513.560      0.6041726    
1513.580      0.5598139    
1513.600      0.5599381    
1513.620      0.5606114    
1513.640      0.5607654    
1513.660      0.5606158    
1513.680      0.5603798    
1513.700      0.5600347    
1513.720      0.5587274    
1513.740      0.5520916    
1513.760      0.5302994    
1513.780      0.5151688    
1513.800      0.5356487    
1513.820      0.5542476    
1513.840      0.5593073    
1513.860      0.5874816    
1513.880       1.227602    
1513.900       5.189271    
1513.920       9.996011    
1513.940       6.324522    
1513.960       1.623900    
1513.980      0.6160570    
1514.000      0.5608858    
1514.020      0.5602147    
1514.040      0.5599992    
1514.060      0.5592407    
1514.080      0.5567284    
1514.100      0.5513881    
1514.120      0.5480754    
1514.140      0.5499856    
1514.160      0.5532215    
1514.180      0.5544925    
1514.200      0.5483695    
1514.220      0.5418061    
1514.240      0.5479711    
1514.260      0.5561724    
1514.280      0.5590925    
1514.300      0.5597957    
1514.320      0.5599785    
1514.340      0.5601475    
1514.360      0.5603914    
1514.380      0.5605223    
1514.400      0.5605753    
1514.420      0.5606162    
1514.440      0.5606577    
1514.460      0.5673349    
1514.480      0.9240975    
1514.500       5.956548    
1514.520       23.88009    
1514.540       36.89993    
1514.560       36.90039    
1514.580       23.87053    
1514.600       5.955512    
1514.620      0.9238957    
1514.640      0.5671932    
1514.660      0.5604338    
1514.680      0.5602587    
1514.700      0.5601206    
1514.720      0.5599765    
1514.740      0.5597495    
1514.760      0.5592890    
1514.780      0.5579420    
1514.800      0.5533336    
1514.820      0.5443482    
1514.840      0.5376021    
1514.860      0.5353705    
1514.880      0.5431146    
1514.900      0.5537411    
1514.920      0.5611847    
1514.940      0.7094889    
1514.960       2.516294    
1514.980       7.760417    
1515.000       8.221372    
1515.020       2.920271    
1515.040      0.7662188    
1515.060      0.5650691    
1515.080      0.5601801    
1515.100      0.5601472    
1515.120      0.5601897    
1515.140      0.5677531    
1515.160      0.8389047    
1515.180       3.370090    
1515.200       8.614076    
1515.220       7.251062    
1515.240       2.165047    
1515.260      0.6686321    
1515.280      0.5620266    
1515.300      0.5600129    
1515.320      0.5599887    
1515.340      0.5599741    
1515.360      0.5599595    
1515.380      0.5599451    
1515.400      0.5599306    
1515.420      0.5599161    
1515.440      0.5598982    
1515.460      0.5598444    
1515.480      0.5596552    
1515.500      0.5590515    
1515.520      0.5568187    
1515.540      0.5534469    
1515.560      0.5544713    
1515.580      0.5578955    
1515.600      0.5592980    
1515.620      0.5596432    
1515.640      0.5597352    
1515.660      0.5597204    
1515.680      0.5596803    
1515.700      0.5596857    
1515.720      0.5596946    
1515.740      0.5596840    
1515.760      0.5596694    
1515.780      0.5596550    
1515.800      0.5596405    
1515.820      0.5596259    
1515.840      0.5596114    
1515.860      0.5595970    
1515.880      0.5595824    
1515.900      0.5595680    
1515.920      0.5595534    
1515.940      0.5595389    
1515.960      0.5595244    
1515.980      0.5595100    
1516.000      0.5594906    
1516.020      0.5594376    
1516.040      0.5593318    
1516.060      0.5592363    
1516.080      0.5591668    
1516.100      0.5590872    
1516.120      0.5589817    
1516.140      0.5588341    
1516.160      0.5586100    
1516.180      0.5582367    
1516.200      0.5575185    
1516.220      0.5557090    
1516.240      0.5494552    
1516.260      0.5310225    
1516.280      0.5127327    
1516.300      0.5253045    
1516.320      0.5463398    
1516.340      0.5543780    
1516.360      0.5558563    
1516.380      0.5567122    
1516.400      0.5579523    
1516.420      0.5585127    
1516.440      0.5586876    
1516.460      0.5587980    
1516.480      0.5588627    
1516.500      0.5589043    
1516.520      0.5589617    
1516.540      0.5590242    
1516.560      0.5589064    
1516.580      0.5585921    
1516.600      0.5586413    
1516.620      0.5588667    
1516.640      0.5588462    
1516.660      0.5587547    
1516.680      0.5586320    
1516.700      0.5583987    
1516.720      0.5580234    
1516.740      0.5573758    
1516.760      0.5557915    
1516.780      0.5503933    
1516.800      0.5358097    
1516.820      0.5230396    
1516.840      0.5332341    
1516.860      0.5488445    
1516.880      0.5552549    
1516.900      0.5571101    
1516.920      0.5578221    
1516.940      0.5582047    
1516.960      0.5584064    
1516.980      0.5584990    
1517.000      0.5585636    
1517.020      0.5586486    
1517.040      0.5587168    
1517.060      0.5587257    
1517.080      0.5587133    
1517.100      0.5586946    
1517.120      0.5586446    
