sky_background/mk_skybg_zm_10_10_ph.dat
# %ECSV 1.0
# ---
# datatype:
# - {name: wavelength, unit: micrometer, datatype: float32}
# - {name: flux, unit: photon/(s arcsec^2 nm m^2), datatype: float32}
# schema: astropy-2.0
wavelength     flux
[from data line 50286]
1905.720       1.039731    
1905.740       1.039302    
1905.760       1.035631    
1905.780       1.024109    
1905.800       1.002730    
1905.820      0.9746432    
1905.840      0.9442279    
1905.860      0.9154648    
1905.880      0.8906085    
1905.900      0.8709702    
1905.920      0.8574145    
1905.940      0.8507397    
1905.960      0.8526567    
1905.980      0.8654500    
1906.000      0.8914946    
1906.020      0.9323046    
1906.040      0.9814255    
1906.060       1.021423    
1906.080       1.040026    
1906.100       1.044212    
1906.120       1.043005    
1906.140       1.031264    
1906.160      0.9960061    
1906.180      0.9404868    
1906.200      0.8827156    
1906.220      0.8358824    
1906.240      0.8021401    
1906.260      0.7795193    
1906.280      0.7652882    
1906.300      0.7575731    
1906.320      0.7550032    
1906.340      0.7568964    
1906.360      0.7629455    
1906.380      0.7732056    
1906.400      0.7883142    
1906.420      0.8100218    
1906.440      0.8376760    
1906.460      0.8654015    
1906.480      0.8925490    
1906.500      0.9189583    
1906.520      0.9391103    
1906.540      0.9598683    
1906.560      0.9853643    
1906.580       1.010629    
1906.600       1.030820    
1906.620       1.043616    
1906.640       1.049686    
1906.660       1.051675    
1906.680       1.052227    
1906.700       1.052510    
1906.720       1.052773    
1906.740       1.053033    
1906.760       1.053295    
1906.780       1.053550    
1906.800       1.053766    
1906.820       1.053863    
1906.840       1.053901    
1906.860       1.054124    
1906.880       1.054582    
1906.900       1.055042    
1906.920       1.055377    
1906.940       1.055649    
1906.960       1.055910    
1906.980       1.056173    
1907.000       1.056434    
1907.020       1.056695    
1907.040       1.056914    
1907.060       1.056777    
1907.080       1.055071    
1907.100       1.050075    
1907.120       1.042230    
1907.140       1.031483    
1907.160       1.008781    
1907.180      0.9708149    
1907.200      0.9285192    
1907.220      0.8878254    
1907.240      0.8494394    
1907.260      0.8140996    
1907.280      0.7822130    
1907.300      0.7533537    
1907.320      0.7272887    
1907.340      0.7034681    
1907.360      0.6818362    
1907.380      0.6621126    
1907.400      0.6442463    
1907.420      0.6278569    
1907.440      0.6128895    
1907.460      0.5992448    
1907.480      0.5867542    
1907.500      0.5753723    
1907.520      0.5648866    
1907.540      0.5552150    
1907.560      0.5462456    
1907.580      0.5380180    
1907.600      0.5303588    
1907.620      0.5232896    
1907.640      0.5167602    
1907.660      0.5107601    
1907.680      0.5053959    
1907.700      0.5007273    
1907.720      0.4970745    
1907.740      0.4938614    
1907.760      0.4894221    
1907.780      0.4841737    
1907.800      0.4796313    
1907.820      0.4756933    
1907.840      0.4721551    
1907.860      0.4689796    
1907.880      0.4661167    
1907.900      0.4635406    
1907.920      0.4612823    
1907.940      0.4593576    
1907.960      0.4577537    
1907.980      0.4566193    
1908.000      0.4563365    
1908.020      0.4578117    
1908.040      0.4626057    
1908.060      0.4691491    
1908.080      0.4722482    
1908.100      0.4776031    
1908.120      0.5018276    
1908.140      0.5575139    
1908.160      0.6079886    
1908.180      0.5850765    
1908.200      0.5210335    
1908.220      0.4780578    
1908.240      0.4594977    
1908.260      0.4520386    
1908.280      0.4494410    
1908.300      0.4511693    
1908.320      0.4627119    
1908.340      0.4910538    
1908.360      0.5110561    
1908.380      0.4904071    
1908.400      0.4620089    
1908.420      0.4499774    
1908.440      0.4468581    
1908.460      0.4466536    
1908.480      0.4477063    
1908.500      0.4496204    
1908.520      0.4535853    
1908.540      0.4914120    
1908.560      0.7363316    
1908.580       1.077171    
1908.600      0.8645096    
1908.620      0.5514166    
1908.640      0.4920384    
1908.660      0.5006251    
1908.680      0.5170862    
1908.700      0.5400267    
1908.720      0.5740207    
1908.740      0.6325334    
1908.760      0.7296892    
1908.780      0.8408472    
1908.800      0.9557575    
1908.820       1.099206    
1908.840       1.003811    
1908.860      0.9108693    
1908.880      0.9584768    
1908.900       1.022645    
1908.920       1.065168    
1908.940       1.079751    
1908.960       1.082225    
1908.980       1.082052    
1909.000       1.076325    
1909.020       1.049603    
1909.040      0.9879113    
1909.060      0.9015467    
1909.080      0.8138673    
1909.100      0.7373772    
1909.120      0.6757529    
1909.140      0.6276903    
1909.160      0.5906257    
1909.180      0.5617867    
1909.200      0.5402995    
1909.220      0.5261136    
1909.240      0.5165127    
1909.260      0.5038571    
1909.280      0.4879214    
1909.300      0.4750682    
1909.320      0.4658768    
1909.340      0.4588960    
1909.360      0.4533508    
1909.380      0.4488931    
1909.400      0.4453293    
1909.420      0.4424511    
1909.440      0.4400451    
1909.460      0.4384229    
1909.480      0.4379740    
1909.500      0.4378427    
1909.520      0.4364494    
1909.540      0.4348176    
1909.560      0.4344380    
1909.580      0.4354286    
1909.600      0.4379078    
1909.620      0.4434998    
1909.640      0.4558129    
1909.660      0.4732031    
1909.680      0.4792065    
1909.700      0.4706689    
1909.720      0.4655315    
1909.740      0.4705937    
1909.760      0.4848073    
1909.780      0.5120805    
1909.800      0.5827857    
1909.820      0.7458679    
1909.840      0.8845112    
1909.860      0.9728770    
1909.880       1.027094    
1909.900      0.9432588    
1909.920      0.7786374    
1909.940      0.6712170    
1909.960      0.7004831    
1909.980      0.6794037    
1910.000      0.5469332    
1910.020      0.4872018    
1910.040      0.4757095    
1910.060      0.4721133    
1910.080      0.4710608    
1910.100      0.4718105    
1910.120      0.4738459    
1910.140      0.4769301    
1910.160      0.4811594    
1910.180      0.4866047    
1910.200      0.4932924    
1910.220      0.5012387    
1910.240      0.5107212    
1910.260      0.5219486    
1910.280      0.5351334    
1910.300      0.5505276    
1910.320      0.5688976    
1910.340      0.5908245    
1910.360      0.6170557    
1910.380      0.6486531    
1910.400      0.6865900    
1910.420      0.7317873    
1910.440      0.7849768    
1910.460      0.8470997    
1910.480      0.9160754    
1910.500      0.9866853    
1910.520       1.047122    
1910.540       1.085222    
1910.560       1.100421    
1910.580       1.103945    
1910.600       1.104547    
1910.620       1.104823    
1910.640       1.104831    
1910.660       1.102411    
1910.680       1.089603    
1910.700       1.058180    
1910.720       1.053720    
1910.740       1.184885    
1910.760       1.156370    
1910.780      0.8923079    
1910.800      0.7602065    
1910.820      0.7108187    
1910.840      0.6762002    
1910.860      0.6486267    
1910.880      0.6282724    
1910.900      0.6141887    
1910.920      0.6005927    
1910.940      0.5849359    
1910.960      0.5723799    
1910.980      0.5643212    
1911.000      0.5592641    
1911.020      0.5564587    
1911.040      0.5557008    
1911.060      0.5569246    
1911.080      0.5613081    
1911.100      0.6019886    
1911.120      0.8918413    
1911.140       1.372781    
1911.160       1.161866    
1911.180      0.7479795    
1911.200      0.7030264    
1911.220      0.7566706    
1911.240      0.7671399    
1911.260      0.7694172    
1911.280      0.8123138    
1911.300       1.044417    
1911.320       5.172759    
1911.340       19.37978    
1911.360       14.71891    
1911.380       10.90981    
1911.400       3.737798    
1911.420       1.932729    
1911.440       6.620813    
1911.460       26.14976    
1911.480       16.22292    
1911.500       2.433003    
1911.520       1.089538    
1911.540       1.090287    
1911.560       1.108968    
1911.580       1.116618    
1911.600       1.118155    
1911.620       1.118311    
1911.640       1.118131    
1911.660       1.118317    
1911.680       1.119026    
1911.700       1.119595    
1911.720       1.119931    
1911.740       1.120213    
1911.760       1.120489    
1911.780       1.120727    
1911.800       1.120486    
1911.820       1.117280    
1911.840       1.105249    
1911.860       1.078902    
1911.880       1.038237    
1911.900      0.9873685    
1911.920      0.9335375    
1911.940      0.8823884    
1911.960      0.8369768    
1911.980      0.7992393    
1912.000      0.7699364    
1912.020      0.7474996    
1912.040      0.7305041    
1912.060      0.7279525    
1912.080      0.7574703    
1912.100      0.8376606    
1912.120      0.9405487    
1912.140      0.9610161    
1912.160      0.8607717    
1912.180      0.7354499    
1912.200      0.6534920    
1912.220      0.6091400    
1912.240      0.5846764    
1912.260      0.5690539    
1912.280      0.5574795    
1912.300      0.5497653    
1912.320      0.5460393    
1912.340      0.5460475    
1912.360      0.5506268    
1912.380      0.5623301    
1912.400      0.5875131    
1912.420      0.6415603    
1912.440      0.7516636    
1912.460      0.9083198    
1912.480      0.9930334    
1912.500      0.9125053    
1912.520      0.7625556    
1912.540      0.6645749    
1912.560      0.6355677    
1912.580      0.6706141    
1912.600      0.7824378    
1912.620      0.8975663    
1912.640      0.8599955    
1912.660      0.7227001    
1912.680      0.6322843    
1912.700      0.6024066    
1912.720      0.6078277    
1912.740      0.6463510    
1912.760      0.7346957    
1912.780      0.8622448    
1912.800      0.9374419    
1912.820      0.9193802    
1912.840      0.8462778    
1912.860      0.7432663    
1912.880      0.6631687    
1912.900      0.6250095    
1912.920      0.6114367    
1912.940      0.6092498    
1912.960      0.6129717    
1912.980      0.6204811    
1913.000      0.6308821    
1913.020      0.6436204    
1913.040      0.6588008    
1913.060      0.6765948    
1913.080      0.6971698    
1913.100      0.7208173    
1913.120      0.7477789    
1913.140      0.7787963    
1913.160      0.8143172    
1913.180      0.8549723    
1913.200      0.9010229    
1913.220      0.9534872    
1913.240       1.009928    
1913.260       1.061129    
1913.280       1.099651    
1913.300       1.125633    
1913.320       1.138319    
1913.340       1.142024    
1913.360       1.142773    
1913.380       1.143084    
1913.400       1.143351    
1913.420       1.143411    
1913.440       1.142211    
1913.460       1.137934    
1913.480       1.130826    
1913.500       1.124979    
1913.520       1.124626    
1913.540       1.130360    
1913.560       1.138439    
1913.580       1.143982    
1913.600       1.145880    
1913.620       1.146311    
1913.640       1.146631    
1913.660       1.146994    
1913.680       1.147311    
1913.700       1.147596    
1913.720       1.147878    
1913.740       1.148161    
1913.760       1.148445    
1913.780       1.148727    
1913.800       1.149008    
1913.820       1.149290    
1913.840       1.149537    
1913.860       1.149491    
1913.880       1.148196    
1913.900       1.143732    
1913.920       1.133744    
1913.940       1.116866    
1913.960       1.093395    
1913.980       1.064788    
1914.000       1.033100    
1914.020      0.9998716    
1914.040      0.9670152    
1914.060      0.9357744    
1914.080      0.9073219    
1914.100      0.8825275    
1914.120      0.8642044    
1914.140      0.8574882    
1914.160      0.8621395    
1914.180      0.8573117    
1914.200      0.8335196    
1914.220      0.8144818    
1914.240      0.8122022    
1914.260      0.8246551    
1914.280      0.8517231    
1914.300      0.8956559    
1914.320      0.9580762    
1914.340       1.033075    
1914.360       1.102396    
1914.380       1.143008    
1914.400       1.155695    
1914.420       1.157482    
1914.440       1.154627    
1914.460       1.135555    
1914.480       1.081659    
1914.500      0.9976162    
1914.520      0.9097252    
1914.540      0.8344572    
1914.560      0.7763874    
1914.580      0.7337048    
1914.600      0.7034917    
1914.620      0.6828802    
1914.640      0.6707028    
1914.660      0.6662930    
1914.680      0.6697139    
1914.700      0.6822445    
1914.720      0.7064747    
1914.740      0.7462310    
1914.760      0.8066569    
1914.780      0.8913164    
1914.800      0.9960625    
1914.820       1.092422    
1914.840       1.146600    
1914.860       1.161988    
1914.880       1.161782    
1914.900       1.143823    
1914.920       1.082887    
1914.940      0.9780222    
1914.960      0.8653067    
1914.980      0.7701492    
1915.000      0.6987164    
1915.020      0.6466271    
1915.040      0.6082337    
1915.060      0.5785576    
1915.080      0.5555407    
1915.100      0.5378628    
1915.120      0.5241873    
1915.140      0.5136406    
1915.160      0.5055067    
1915.180      0.4996544    
1915.200      0.4964688    
1915.220      0.4970976    
1915.240      0.5051339    
1915.260      0.5311782    
1915.280      0.5911852    
1915.300      0.6576692    
1915.320      0.6531280    
1915.340      0.6099855    
1915.360      0.6039103    
1915.380      0.5898575    
1915.400      0.5391623    
1915.420      0.4972717    
1915.440      0.4781579    
1915.460      0.4701967    
1915.480      0.4663704    
1915.500      0.4643817    
1915.520      0.4636658    
1915.540      0.4638995    
1915.560      0.4648693    
1915.580      0.4664413    
1915.600      0.4685732    
1915.620      0.4712946    
1915.640      0.4746417    
1915.660      0.4786091    
1915.680      0.4833223    
1915.700      0.4888603    
1915.720      0.4952602    
1915.740      0.5025885    
1915.760      0.5111661    
1915.780      0.5211596    
1915.800      0.5327868    
1915.820      0.5463164    
1915.840      0.5620603    
1915.860      0.5807251    
1915.880      0.6028219    
1915.900      0.6290661    
1915.920      0.6601316    
1915.940      0.6975382    
1915.960      0.7424805    
1915.980      0.7959971    
1916.000      0.8588595    
1916.020      0.9303838    
1916.040       1.007740    
1916.060       1.081541    
1916.080       1.138473    
1916.100       1.169629    
1916.120       1.180304    
1916.140       1.182395    
1916.160       1.182826    
1916.180       1.183087    
1916.200       1.182785    
1916.220       1.178376    
1916.240       1.160899    
1916.260       1.124679    
1916.280       1.080875    
1916.300       1.055640    
1916.320       1.069974    
1916.340       1.108222    
1916.360       1.148265    
1916.380       1.168045    
1916.400       1.129833    
1916.420       1.024964    
1916.440      0.9093573    
1916.460      0.8374581    
1916.480      0.8198895    
1916.500      0.8647723    
1916.520      0.9799852    
1916.540       1.108725    
1916.560       1.153515    
1916.580       1.087964    
1916.600      0.9745331    
1916.620      0.9122038    
1916.640      0.9266793    
1916.660      0.9948203    
1916.680       1.083870    
1916.700       1.153789    
1916.720       1.184178    
1916.740       1.190544    
1916.760       1.188277    
1916.780       1.167969    
1916.800       1.106012    
1916.820       1.003242    
1916.840      0.8923231    
1916.860      0.7986338    
1916.880      0.7280647    
1916.900      0.6767168    
1916.920      0.6399919    
1916.940      0.6135314    
1916.960      0.5962074    
1916.980      0.5877794    
1917.000      0.5880114    
1917.020      0.5980928    
1917.040      0.6210166    
1917.060      0.6622469    
1917.080      0.7319379    
1917.100      0.8409530    
1917.120      0.9833554    
