sky_background/mk_skybg_zm_10_10_ph.dat
# %ECSV 1.0
# ---
# datatype:
# - {name: wavelength, unit: micrometer, datatype: float32}
# - {name: flux, unit: photon/(s arcsec^2 nm m^2), datatype: float32}
# schema: astropy-2.0
wavelength     flux
[from data line 78858]
2477.160       4.283816    
2477.180       4.755193    
2477.200       5.639690    
2477.220       7.602156    
2477.240       11.93733    
2477.260       17.72261    
2477.280       18.69709    
2477.300       14.07259    
2477.320       10.47403    
2477.340       9.985047    
2477.360       11.91642    
2477.380       16.91226    
2477.400       27.21349    
2477.420       42.30487    
2477.440       50.94854    
2477.460       44.92191    
2477.480       32.94726    
2477.500       21.25885    
2477.520       13.07695    
2477.540       9.195751    
2477.560       7.495065    
2477.580       6.689085    
2477.600       6.376942    
2477.620       6.529223    
2477.640       7.360510    
2477.660       9.480004    
2477.680       13.74190    
2477.700       18.70446    
2477.720       19.21672    
2477.740       14.55111    
2477.760       9.797800    
2477.780       7.149244    
2477.800       5.874660    
2477.820       5.220542    
2477.840       4.916493    
2477.860       4.890463    
2477.880       4.944085    
2477.900       4.950955    
2477.920       5.074379    
2477.940       5.330550    
2477.960       5.439220    
2477.980       5.313310    
2478.000       5.197747    
2478.020       5.376142    
2478.040       5.864044    
2478.060       6.445570    
2478.080       6.806605    
2478.100       6.541417    
2478.120       5.693369    
2478.140       4.926032    
2478.160       4.529331    
2478.180       4.411791    
2478.200       4.554360    
2478.220       4.744125    
2478.240       4.702741    
2478.260       4.776721    
2478.280       5.024505    
2478.300       5.003744    
2478.320       4.877534    
2478.340       4.954017    
2478.360       5.208630    
2478.380       5.609931    
2478.400       6.149570    
2478.420       6.836148    
2478.440       7.758553    
2478.460       9.011474    
2478.480       10.88149    
2478.500       14.04394    
2478.520       19.74618    
2478.540       30.52662    
2478.560       50.02922    
2478.580       75.29063    
2478.600       86.93314    
2478.620       71.85523    
2478.640       46.75130    
2478.660       28.70136    
2478.680       18.97553    
2478.700       13.81107    
2478.720       10.94289    
2478.740       9.126049    
2478.760       7.871496    
2478.780       6.982311    
2478.800       6.394637    
2478.820       5.970641    
2478.840       5.561295    
2478.860       5.239608    
2478.880       5.053072    
2478.900       4.970812    
2478.920       4.991993    
2478.940       5.154263    
2478.960       5.483639    
2478.980       5.831245    
2479.000       5.870184    
2479.020       5.830174    
2479.040       6.391006    
2479.060       8.190221    
2479.080       14.30762    
2479.100       26.89395    
2479.120       30.77445    
2479.140       19.20248    
2479.160       10.13188    
2479.180       7.474805    
2479.200       7.253438    
2479.220       7.647298    
2479.240       7.383308    
2479.260       6.433969    
2479.280       5.770394    
2479.300       5.558899    
2479.320       5.545421    
2479.340       5.573933    
2479.360       5.936252    
2479.380       6.614941    
2479.400       6.544032    
2479.420       5.968993    
2479.440       5.790128    
2479.460       5.897379    
2479.480       6.110803    
2479.500       6.405061    
2479.520       6.798066    
2479.540       7.342696    
2479.560       8.054857    
2479.580       8.832528    
2479.600       9.806367    
2479.620       11.28520    
2479.640       13.53164    
2479.660       17.05847    
2479.680       23.00596    
2479.700       33.55905    
2479.720       52.41600    
2479.740       82.29555    
2479.760       108.7265    
2479.780       105.8587    
2479.800       77.38483    
2479.820       49.76494    
2479.840       33.11555    
2479.860       24.70766    
2479.880       19.99235    
2479.900       16.92038    
2479.920       14.82006    
2479.940       13.49588    
2479.960       13.00954    
2479.980       12.70375    
2480.000       12.11864    
2480.020       12.06226    
2480.040       12.83905    
2480.060       12.50179    
2480.080       12.38479    
2480.100       12.78307    
2480.120       12.64547    
2480.140       12.58700    
2480.160       13.55191    
2480.180       14.66047    
2480.200       15.34793    
2480.220       16.78055    
2480.240       18.66134    
2480.260       20.71028    
2480.280       22.98344    
2480.300       25.72076    
2480.320       29.62282    
2480.340       34.25567    
2480.360       40.62094    
2480.380       50.10564    
2480.400       63.45525    
2480.420       81.73940    
2480.440       107.0591    
2480.460       140.7173    
2480.480       177.2165    
2480.500       204.7228    
2480.520       216.1026    
2480.540       213.5280    
2480.560       195.6626    
2480.580       163.1015    
2480.600       126.6702    
2480.620       96.17865    
2480.640       74.07174    
2480.660       59.04327    
2480.680       49.00109    
2480.700       40.53611    
2480.720       34.57822    
2480.740       31.13569    
2480.760       27.60076    
2480.780       24.39430    
2480.800       22.82591    
2480.820       21.71950    
2480.840       20.42878    
2480.860       19.95031    
2480.880       20.76124    
2480.900       21.39998    
2480.920       20.18249    
2480.940       19.16212    
2480.960       19.55274    
2480.980       22.94378    
2481.000       30.77447    
2481.020       42.19156    
2481.040       47.72205    
2481.060       41.52361    
2481.080       31.77835    
2481.100       24.74990    
2481.120       22.00634    
2481.140       20.90184    
2481.160       20.20635    
2481.180       21.32532    
2481.200       23.35018    
2481.220       23.63267    
2481.240       24.56629    
2481.260       27.38255    
2481.280       30.63848    
2481.300       35.59629    
2481.320       40.70963    
2481.340       45.88382    
2481.360       54.04412    
2481.380       66.13156    
2481.400       81.77827    
2481.420       102.8149    
2481.440       130.5495    
2481.460       163.6418    
2481.480       194.3787    
2481.500       213.7459    
2481.520       220.2495    
2481.540       218.2439    
2481.560       205.8045    
2481.580       180.4052    
2481.600       147.2718    
2481.620       115.7745    
2481.640       92.26522    
2481.660       76.82532    
2481.680       65.12687    
2481.700       52.68143    
2481.720       42.42742    
2481.740       36.00902    
2481.760       31.06756    
2481.780       27.37175    
2481.800       24.84646    
2481.820       22.85567    
2481.840       21.01360    
2481.860       19.03704    
2481.880       17.36791    
2481.900       16.28734    
2481.920       16.24279    
2481.940       16.17904    
2481.960       14.22293    
2481.980       13.13963    
2482.000       12.82980    
2482.020       12.26857    
2482.040       12.84414    
2482.060       14.33209    
2482.080       15.42575    
2482.100       13.58491    
2482.120       11.46712    
2482.140       11.36223    
2482.160       11.23260    
2482.180       10.76450    
2482.200       10.68708    
2482.220       10.96661    
2482.240       12.05439    
2482.260       12.02566    
2482.280       11.05026    
2482.300       10.62298    
2482.320       10.54645    
2482.340       10.10903    
2482.360       9.131007    
2482.380       8.461577    
2482.400       8.665752    
2482.420       9.579826    
2482.440       11.45623    
2482.460       14.25785    
2482.480       13.99012    
2482.500       14.19761    
2482.520       14.14262    
2482.540       10.66207    
2482.560       9.407588    
2482.580       10.04077    
2482.600       11.08174    
2482.620       13.71007    
2482.640       15.80817    
2482.660       15.50180    
2482.680       12.42383    
2482.700       10.17576    
2482.720       9.283776    
2482.740       8.409111    
2482.760       8.133989    
2482.780       8.287949    
2482.800       8.706799    
2482.820       8.686694    
2482.840       8.992064    
2482.860       9.501648    
2482.880       9.796309    
2482.900       10.68172    
2482.920       11.39082    
2482.940       11.08836    
2482.960       10.76653    
2482.980       11.55808    
2483.000       13.37560    
2483.020       15.48292    
2483.040       15.91088    
2483.060       15.03651    
2483.080       14.41980    
2483.100       13.21157    
2483.120       12.53466    
2483.140       13.23788    
2483.160       14.97316    
2483.180       18.32615    
2483.200       22.35701    
2483.220       22.69820    
2483.240       19.76866    
2483.260       17.39279    
2483.280       16.86599    
2483.300       17.52378    
2483.320       18.22250    
2483.340       20.70306    
2483.360       26.58343    
2483.380       29.35232    
2483.400       24.62121    
2483.420       19.74724    
2483.440       18.08296    
2483.460       17.55150    
2483.480       17.74056    
2483.500       18.48956    
2483.520       18.75699    
2483.540       19.27122    
2483.560       20.85023    
2483.580       22.74747    
2483.600       23.72012    
2483.620       24.61947    
2483.640       25.33995    
2483.660       25.99839    
2483.680       27.39193    
2483.700       29.73020    
2483.720       32.02645    
2483.740       34.00435    
2483.760       35.54342    
2483.780       37.27787    
2483.800       39.65343    
2483.820       42.74371    
2483.840       46.26966    
2483.860       50.76476    
2483.880       55.30852    
2483.900       60.10726    
2483.920       65.60857    
2483.940       71.85467    
2483.960       79.24558    
2483.980       87.98743    
2484.000       98.29915    
2484.020       110.1218    
2484.040       123.3611    
2484.060       138.6247    
2484.080       155.5918    
2484.100       173.8344    
2484.120       191.9116    
2484.140       207.3956    
2484.160       218.2932    
2484.180       224.0131    
2484.200       225.9781    
2484.220       226.3837    
2484.240       226.4512    
2484.260       226.4838    
2484.280       226.5059    
2484.300       226.4031    
2484.320       225.4686    
2484.340       221.8450    
2484.360       213.4821    
2484.380       200.3080    
2484.400       183.6476    
2484.420       165.5090    
2484.440       147.6720    
2484.460       131.4664    
2484.480       116.9919    
2484.500       104.3514    
2484.520       93.48708    
2484.540       83.82312    
2484.560       75.46668    
2484.580       68.28952    
2484.600       62.09459    
2484.620       56.79808    
2484.640       52.74050    
2484.660       49.63450    
2484.680       46.03017    
2484.700       42.04108    
2484.720       38.68335    
2484.740       35.88731    
2484.760       33.59073    
2484.780       31.79248    
2484.800       30.29446    
2484.820       28.99036    
2484.840       27.40398    
2484.860       25.80334    
2484.880       24.50464    
2484.900       23.13000    
2484.920       21.74462    
2484.940       21.09750    
2484.960       20.62682    
2484.980       19.64726    
2485.000       18.64071    
2485.020       17.61940    
2485.040       16.84233    
2485.060       16.45705    
2485.080       16.08989    
2485.100       15.65197    
2485.120       14.93029    
2485.140       14.11738    
2485.160       13.74086    
2485.180       13.51312    
2485.200       13.24896    
2485.220       12.77205    
2485.240       12.20162    
2485.260       12.11970    
2485.280       12.19720    
2485.300       11.73197    
2485.320       11.14371    
2485.340       11.00725    
2485.360       11.16108    
2485.380       10.77580    
2485.400       10.24245    
2485.420       10.02373    
2485.440       9.845335    
2485.460       9.669257    
2485.480       9.556056    
2485.500       9.572440    
2485.520       9.974096    
2485.540       10.58089    
2485.560       10.30688    
2485.580       9.592309    
2485.600       9.294462    
2485.620       9.335952    
2485.640       9.267169    
2485.660       9.002676    
2485.680       8.909358    
2485.700       9.067600    
2485.720       9.504443    
2485.740       10.06295    
2485.760       10.22048    
2485.780       9.899504    
2485.800       9.309009    
2485.820       8.843847    
2485.840       8.611825    
2485.860       8.519398    
2485.880       8.639907    
2485.900       8.975041    
2485.920       9.171956    
2485.940       9.148668    
2485.960       9.021348    
2485.980       8.818762    
2486.000       8.974704    
2486.020       9.394132    
2486.040       9.617070    
2486.060       9.917475    
2486.080       10.85205    
2486.100       12.35896    
2486.120       14.78295    
2486.140       20.77141    
2486.160       32.72613    
2486.180       40.70148    
2486.200       32.73080    
2486.220       20.33544    
2486.240       14.02326    
2486.260       11.63159    
2486.280       10.66640    
2486.300       10.33227    
2486.320       10.08188    
2486.340       9.738486    
2486.360       9.525224    
2486.380       9.513731    
2486.400       9.642804    
2486.420       9.967189    
2486.440       10.49662    
2486.460       10.84575    
2486.480       11.09355    
2486.500       11.56186    
2486.520       12.16826    
2486.540       12.85584    
2486.560       13.29962    
2486.580       13.51649    
2486.600       14.00366    
2486.620       14.77684    
2486.640       15.86254    
2486.660       17.23275    
2486.680       18.94522    
2486.700       21.27083    
2486.720       24.51634    
2486.740       29.00097    
2486.760       35.55413    
2486.780       45.35181    
2486.800       60.36376    
2486.820       84.19890    
2486.840       118.9453    
2486.860       162.2740    
2486.880       196.0496    
2486.900       199.3988    
2486.920       169.7862    
2486.940       125.6242    
2486.960       88.15705    
2486.980       63.55472    
2487.000       48.44783    
2487.020       38.86204    
2487.040       32.51998    
2487.060       28.39774    
2487.080       25.85394    
2487.100       24.15991    
2487.120       22.63987    
2487.140       21.51476    
2487.160       20.93961    
2487.180       20.88345    
2487.200       21.09712    
2487.220       20.88494    
2487.240       20.75898    
2487.260       21.05050    
2487.280       21.89552    
2487.300       22.75783    
2487.320       23.35056    
2487.340       24.17754    
2487.360       25.16691    
2487.380       26.52554    
2487.400       28.32476    
2487.420       29.91981    
2487.440       31.62732    
2487.460       33.81427    
2487.480       36.41424    
2487.500       39.10361    
2487.520       42.40902    
2487.540       46.53785    
2487.560       51.84423    
2487.580       58.72152    
2487.600       66.21297    
2487.620       73.24426    
2487.640       80.61502    
2487.660       90.41547    
2487.680       103.7416    
2487.700       121.1401    
2487.720       144.1501    
2487.740       171.5571    
2487.760       193.5052    
2487.780       205.4435    
2487.800       215.3630    
2487.820       224.9453    
2487.840       230.3268    
2487.860       231.9508    
2487.880       232.2164    
2487.900       232.2560    
2487.920       232.1474    
2487.940       230.9946    
2487.960       226.0567    
2487.980       214.2620    
2488.000       195.8582    
2488.020       174.0922    
2488.040       152.3983    
2488.060       133.0342    
2488.080       116.3128    
2488.100       102.1222    
2488.120       90.46039    
2488.140       81.12645    
2488.160       73.68672    
2488.180       67.64005    
2488.200       63.51804    
2488.220       61.38062    
2488.240       59.29493    
2488.260       56.70100    
2488.280       55.84983    
2488.300       57.14193    
2488.320       60.31145    
2488.340       65.88821    
2488.360       75.55894    
2488.380       91.73580    
2488.400       117.7271    
2488.420       154.9843    
2488.440       193.8572    
2488.460       218.7049    
2488.480       225.9147    
2488.500       215.7863    
2488.520       186.4617    
2488.540       146.8315    
