sky_background/mk_skybg_zm_10_10_ph.dat
# %ECSV 1.0
# ---
# datatype:
# - {name: wavelength, unit: micrometer, datatype: float32}
# - {name: flux, unit: photon/(s arcsec^2 nm m^2), datatype: float32}
# schema: astropy-2.0
wavelength     flux
[from data line 87429]
2648.580       349.6434    
2648.600       340.1714    
2648.620       333.9509    
2648.640       330.5010    
2648.660       328.4662    
2648.680       327.0754    
2648.700       326.0770    
2648.720       325.3615    
2648.740       324.9849    
2648.760       324.8818    
2648.780       324.5161    
2648.800       323.7816    
2648.820       323.2028    
2648.840       322.8873    
2648.860       322.7266    
2648.880       322.6787    
2648.900       322.7554    
2648.920       323.0042    
2648.940       323.4590    
2648.960       323.9975    
2648.980       324.3058    
2649.000       324.3052    
2649.020       324.3641    
2649.040       324.8317    
2649.060       326.1241    
2649.080       328.9807    
2649.100       332.3711    
2649.120       332.4881    
2649.140       330.0549    
2649.160       328.8041    
2649.180       329.1991    
2649.200       330.3515    
2649.220       331.1640    
2649.240       331.5981    
2649.260       332.3930    
2649.280       333.6184    
2649.300       335.2100    
2649.320       337.3361    
2649.340       340.5194    
2649.360       344.7688    
2649.380       347.8791    
2649.400       349.0922    
2649.420       351.0711    
2649.440       354.7689    
2649.460       359.9302    
2649.480       366.6298    
2649.500       375.3284    
2649.520       386.8192    
2649.540       402.3647    
2649.560       424.0421    
2649.580       454.6945    
2649.600       496.9082    
2649.620       549.2748    
2649.640       600.2132    
2649.660       632.1936    
2649.680       637.0378    
2649.700       620.3549    
2649.720       599.5097    
2649.740       591.0920    
2649.760       586.7802    
2649.780       565.3590    
2649.800       525.4020    
2649.820       482.2078    
2649.840       447.7647    
2649.860       424.4165    
2649.880       409.3400    
2649.900       399.2495    
2649.920       392.3290    
2649.940       387.7390    
2649.960       384.9459    
2649.980       383.5671    
2650.000       383.4975    
2650.020       384.9373    
2650.040       388.2584    
2650.060       393.1377    
2650.080       398.1437    
2650.100       401.1902    
2650.120       402.1185    
2650.140       402.9799    
2650.160       402.1362    
2650.180       399.5591    
2650.200       397.8445    
2650.220       397.1005    
2650.240       396.7615    
2650.260       396.9752    
2650.280       397.9401    
2650.300       399.4817    
2650.320       401.3716    
2650.340       403.4925    
2650.360       405.7953    
2650.380       408.2249    
2650.400       410.8089    
2650.420       413.5286    
2650.440       416.3392    
2650.460       419.1662    
2650.480       422.1741    
2650.500       425.3809    
2650.520       428.9121    
2650.540       432.8038    
2650.560       436.3737    
2650.580       439.5144    
2650.600       443.0691    
2650.620       447.1335    
2650.640       451.2915    
2650.660       455.7278    
2650.680       461.1337    
2650.700       468.0752    
2650.720       476.2256    
2650.740       483.9464    
2650.760       488.3703    
2650.780       489.8208    
2650.800       492.3992    
2650.820       498.2493    
2650.840       507.7705    
2650.860       520.7167    
2650.880       534.1514    
2650.900       541.3628    
2650.920       539.8813    
2650.940       535.5771    
2650.960       533.8959    
2650.980       535.6952    
2651.000       539.9330    
2651.020       545.4360    
2651.040       551.8254    
2651.060       559.4186    
2651.080       568.1679    
2651.100       578.2801    
2651.120       589.9562    
2651.140       603.5622    
2651.160       618.8463    
2651.180       635.1078    
2651.200       649.4907    
2651.220       658.9468    
2651.240       662.9970    
2651.260       663.9548    
2651.280       663.8622    
2651.300       663.1436    
2651.320       662.4601    
2651.340       662.8271    
2651.360       663.8017    
2651.380       664.4197    
2651.400       664.6293    
2651.420       664.7211    
2651.440       664.7894    
2651.460       664.7253    
2651.480       664.0485    
2651.500       662.0947    
2651.520       658.9770    
2651.540       655.5275    
2651.560       652.6608    
2651.580       650.7633    
2651.600       649.8433    
2651.620       649.7433    
2651.640       650.2619    
2651.660       651.2219    
2651.680       652.4759    
2651.700       653.8901    
2651.720       655.3340    
2651.740       656.7535    
2651.760       658.1584    
2651.780       659.5019    
2651.800       660.7651    
2651.820       661.9117    
2651.840       662.9319    
2651.860       663.8122    
2651.880       664.5692    
2651.900       665.2025    
2651.920       665.7203    
2651.940       666.1346    
2651.960       666.4575    
2651.980       666.7062    
2652.000       666.8979    
2652.020       667.0494    
2652.040       667.1733    
2652.060       667.2699    
2652.080       667.3530    
2652.100       667.4346    
2652.120       667.5146    
2652.140       667.5946    
2652.160       667.6747    
2652.180       667.7548    
2652.200       667.8347    
2652.220       667.9148    
2652.240       667.9935    
2652.260       668.0735    
2652.280       668.1535    
2652.300       668.2336    
2652.320       668.3137    
2652.340       668.3937    
2652.360       668.4740    
2652.380       668.5540    
2652.400       668.6328    
2652.420       668.7130    
2652.440       668.7932    
2652.460       668.8732    
2652.480       668.9534    
2652.500       669.0336    
2652.520       669.1138    
2652.540       669.1940    
2652.560       669.2742    
2652.580       669.3530    
2652.600       669.4332    
2652.620       669.5134    
2652.640       669.5937    
2652.660       669.6739    
2652.680       669.7542    
2652.700       669.8359    
2652.720       669.9162    
2652.740       669.9965    
2652.760       670.0756    
2652.780       670.1557    
2652.800       670.2361    
2652.820       670.3165    
2652.840       670.3967    
2652.860       670.4771    
2652.880       670.5574    
2652.900       670.6378    
2652.920       670.7181    
2652.940       670.7972    
2652.960       670.8777    
2652.980       670.9580    
2653.000       671.0384    
2653.020       671.1188    
2653.040       671.1992    
2653.060       671.2797    
2653.080       671.3600    
2653.100       671.4383    
2653.120       671.5040    
2653.140       671.5583    
2653.160       671.6135    
2653.180       671.6784    
2653.200       671.7642    
2653.220       671.8759    
2653.240       671.9894    
2653.260       672.0806    
2653.280       672.1465    
2653.300       672.1527    
2653.320       672.0790    
2653.340       672.0187    
2653.360       672.0986    
2653.380       672.3221    
2653.400       672.5595    
2653.420       672.7122    
2653.440       672.8051    
2653.460       672.8586    
2653.480       672.7328    
2653.500       672.0399    
2653.520       670.4231    
2653.540       667.9778    
2653.560       665.0375    
2653.580       661.9634    
2653.600       658.9115    
2653.620       656.0015    
2653.640       653.2043    
2653.660       650.6090    
2653.680       648.2733    
2653.700       646.2788    
2653.720       644.7963    
2653.740       644.1231    
2653.760       644.7461    
2653.780       647.4269    
2653.800       653.0551    
2653.820       661.3719    
2653.840       669.1537    
2653.860       672.5956    
2653.880       670.4229    
2653.900       662.1964    
2653.920       650.5233    
2653.940       640.0923    
2653.960       633.1421    
2653.980       629.3854    
2654.000       626.8591    
2654.020       623.2979    
2654.040       618.4528    
2654.060       613.8601    
2654.080       610.4022    
2654.100       608.0162    
2654.120       606.3829    
2654.140       605.2371    
2654.160       604.5772    
2654.180       604.5336    
2654.200       605.2448    
2654.220       607.1179    
2654.240       611.1844    
2654.260       619.5405    
2654.280       632.9535    
2654.300       643.9001    
2654.320       641.2906    
2654.340       629.1370    
2654.360       619.0075    
2654.380       614.1453    
2654.400       612.6623    
2654.420       612.9433    
2654.440       614.2914    
2654.460       616.5844    
2654.480       620.3516    
2654.500       627.5501    
2654.520       639.4015    
2654.540       646.8304    
2654.560       642.2839    
2654.580       636.8300    
2654.600       636.4098    
2654.620       638.7184    
2654.640       642.1048    
2654.660       646.2291    
2654.680       651.0017    
2654.700       656.5490    
2654.720       662.7148    
2654.740       668.8782    
2654.760       673.9550    
2654.780       676.9819    
2654.800       678.0884    
2654.820       678.1978    
2654.840       677.5996    
2654.860       676.2552    
2654.880       674.8660    
2654.900       674.1743    
2654.920       674.2537    
2654.940       674.8180    
2654.960       675.6050    
2654.980       676.4327    
2655.000       677.2022    
2655.020       677.8583    
2655.040       678.4005    
2655.060       678.8207    
2655.080       679.1317    
2655.100       679.3552    
2655.120       679.5229    
2655.140       679.6537    
2655.160       679.7546    
2655.180       679.8394    
2655.200       679.9209    
2655.220       680.0010    
2655.240       680.0825    
2655.260       680.1625    
2655.280       680.2440    
2655.300       680.3256    
2655.320       680.4071    
2655.340       680.4887    
2655.360       680.5704    
2655.380       680.6519    
2655.400       680.7322    
2655.420       680.8136    
2655.440       680.8953    
2655.460       680.9769    
2655.480       681.0569    
2655.500       681.1386    
2655.520       681.2203    
2655.540       681.3019    
2655.560       681.3823    
2655.580       681.4640    
2655.600       681.5457    
2655.620       681.6273    
2655.640       681.7091    
2655.660       681.7907    
2655.680       681.8725    
2655.700       681.9526    
2655.720       682.0345    
2655.740       682.1147    
2655.760       682.1965    
2655.780       682.2783    
2655.800       682.3600    
2655.820       682.4417    
2655.840       682.5228    
2655.860       682.5971    
2655.880       682.6503    
2655.900       682.6888    
2655.920       682.7264    
2655.940       682.7853    
2655.960       682.8632    
2655.980       682.8793    
2656.000       682.6779    
2656.020       682.1405    
2656.040       681.3089    
2656.060       680.3339    
2656.080       679.4075    
2656.100       678.6318    
2656.120       677.9056    
2656.140       676.8442    
2656.160       675.3867    
2656.180       674.0842    
2656.200       673.5943    
2656.220       674.3488    
2656.240       676.5087    
2656.260       679.6285    
2656.280       682.4623    
2656.300       683.9714    
2656.320       684.4194    
2656.340       684.3426    
2656.360       683.1514    
2656.380       679.2723    
2656.400       672.2493    
2656.420       663.6643    
2656.440       655.0626    
2656.460       647.5047    
2656.480       641.3091    
2656.500       636.5479    
2656.520       633.4564    
2656.540       632.1924    
2656.560       631.7195    
2656.580       629.8422    
2656.600       626.0969    
2656.620       622.4448    
2656.640       620.3425    
2656.660       619.9583    
2656.680       621.1017    
2656.700       623.6218    
2656.720       627.5242    
2656.740       632.8382    
2656.760       639.5931    
2656.780       647.6025    
2656.800       656.7501    
2656.820       666.1926    
2656.840       674.7717    
2656.860       681.2173    
2656.880       684.9489    
2656.900       686.4673    
2656.920       686.8901    
2656.940       687.0135    
2656.960       687.0980    
2656.980       687.1765    
2657.000       687.2116    
2657.020       686.9103    
2657.040       685.3787    
2657.060       681.2191    
2657.080       673.7853    
2657.100       663.6730    
2657.120       652.1957    
2657.140       640.7438    
2657.160       629.8350    
2657.180       620.1068    
2657.200       611.7762    
2657.220       605.0178    
2657.240       599.9257    
2657.260       596.0282    
2657.280       592.4238    
2657.300       588.9192    
2657.320       586.4358    
2657.340       585.6436    
2657.360       585.8567    
2657.380       586.7762    
2657.400       588.7049    
2657.420       589.8113    
2657.440       589.6492    
2657.460       590.6132    
2657.480       593.4435    
2657.500       597.7178    
2657.520       603.1586    
2657.540       609.7251    
2657.560       617.2806    
2657.580       625.7504    
2657.600       635.1207    
2657.620       645.2668    
2657.640       655.8444    
2657.660       666.1761    
2657.680       675.4266    
2657.700       682.6668    
2657.720       687.2798    
2657.740       689.4841    
2657.760       690.2476    
2657.780       690.4540    
2657.800       690.5461    
2657.820       690.6292    
2657.840       690.7120    
2657.860       690.7927    
2657.880       690.8571    
2657.900       690.8032    
2657.920       690.3351    
2657.940       689.1656    
2657.960       687.7070    
2657.980       687.2887    
2658.000       688.6293    
2658.020       690.3947    
2658.040       690.8753    
2658.060       688.6164    
2658.080       681.4104    
2658.100       669.7418    
2658.120       657.0053    
2658.140       646.1245    
2658.160       637.6891    
2658.180       631.4449    
2658.200       626.8148    
2658.220       623.5138    
2658.240       621.2751    
2658.260       619.9055    
2658.280       619.2828    
2658.300       619.3560    
2658.320       620.1334    
2658.340       621.8027    
2658.360       625.0292    
2658.380       629.3613    
2658.400       631.2646    
2658.420       630.2067    
2658.440       629.7778    
2658.460       630.8781    
2658.480       632.7759    
2658.500       635.0507    
2658.520       637.5708    
2658.540       640.2449    
2658.560       643.1351    
2658.580       646.2899    
2658.600       649.7666    
2658.620       653.2484    
2658.640       656.2440    
2658.660       658.9335    
2658.680       661.8510    
2658.700       665.3076    
2658.720       669.3004    
2658.740       673.4486    
2658.760       676.7817    
2658.780       678.6114    
2658.800       679.4060    
2658.820       680.0539    
2658.840       681.0923    
2658.860       682.5490    
2658.880       684.1855    
2658.900       685.8825    
2658.920       687.4887    
2658.940       688.8884    
2658.960       690.1029    
2658.980       691.1928    
2659.000       692.1732    
2659.020       693.0295    
2659.040       693.7592    
2659.060       694.3715    
2659.080       694.8714    
2659.100       695.2737    
2659.120       695.5883    
2659.140       695.8336    
2659.160       696.0230    
2659.180       696.1766    
2659.200       696.3041    
2659.220       696.4073    
2659.240       696.4927    
2659.260       696.5750    
2659.280       696.6586    
2659.300       696.7421    
2659.320       696.8256    
2659.340       696.9075    
2659.360       696.9911    
2659.380       697.0746    
2659.400       697.1568    
2659.420       697.2402    
2659.440       697.3225    
2659.460       697.4045    
2659.480       697.4881    
2659.500       697.5717    
2659.520       697.6554    
2659.540       697.7375    
2659.560       697.8210    
2659.580       697.9047    
2659.600       697.9854    
2659.620       698.0692    
2659.640       698.1528    
2659.660       698.2349    
2659.680       698.3188    
2659.700       698.4024    
2659.720       698.4861    
2659.740       698.5684    
2659.760       698.6521    
2659.780       698.7344    
2659.800       698.8167    
2659.820       698.9003    
2659.840       698.9841    
2659.860       699.0664    
2659.880       699.1501    
2659.900       699.2339    
2659.920       699.3178    
2659.940       699.4001    
2659.960       699.4825    
2659.980       699.5648    
