calculator/source/seyfert1_template.txt
# %ECSV 1.0
# ---
# datatype:
# - {name: wavelength, unit: angstrom, datatype: float32}
# - {name: flux, unit: erg / (s cm^2 angstrom), datatype: float32}
# schema: astropy-2.0
wavelength flux
[from data line 1552]
4236.0 2.949682e-14
4238.0 2.9499928e-14
4240.0 2.947073e-14
4242.0 2.9961625e-14
4244.0 3.0255373e-14
4246.0 3.0788804e-14
4248.0 3.1011777e-14
4250.0 3.113063e-14
4252.0 3.0926562e-14
4254.0 3.058503e-14
4256.0 3.0531882e-14
4258.0 3.0445115e-14
4260.0 3.0451936e-14
4262.0 3.0747726e-14
4264.0 3.147535e-14
4266.0 3.215757e-14
4268.0 3.2106838e-14
4270.0 3.1801954e-14
4272.0 3.242198e-14
4274.0 3.3066428e-14
4276.0 3.34295e-14
4278.0 3.351204e-14
4280.0 3.3363134e-14
4282.0 3.374791e-14
4284.0 3.4154896e-14
4286.0 3.437234e-14
4288.0 3.4376944e-14
4290.0 3.3946285e-14
4292.0 3.3087346e-14
4294.0 3.2576338e-14
4296.0 3.2189078e-14
4298.0 3.194705e-14
4300.0 3.2131876e-14
4302.0 3.252366e-14
4304.0 3.257748e-14
4306.0 3.2643078e-14
4308.0 3.2950744e-14
4310.0 3.3225755e-14
4312.0 3.3417537e-14
4314.0 3.3985144e-14
4316.0 3.523507e-14
4318.0 3.6760064e-14
4320.0 3.7855654e-14
4322.0 3.8362353e-14
4324.0 3.843681e-14
4326.0 3.8774383e-14
4328.0 3.8987402e-14
4330.0 3.9040514e-14
4332.0 3.975397e-14
4334.0 4.1322187e-14
4336.0 4.2886383e-14
4338.0 4.436168e-14
4340.0 4.6290727e-14
4342.0 4.7302474e-14
4344.0 4.673369e-14
4346.0 4.5662957e-14
4348.0 4.419405e-14
4350.0 4.330961e-14
4352.0 4.3005872e-14
4354.0 4.3323025e-14
4356.0 4.4765434e-14
4358.0 4.6467015e-14
4360.0 4.9416116e-14
4362.0 5.1504638e-14
4364.0 5.297518e-14
4366.0 5.160109e-14
4368.0 4.893204e-14
4370.0 4.6422955e-14
4372.0 4.3717806e-14
4374.0 4.1068894e-14
4376.0 3.913476e-14
4378.0 3.770715e-14
4380.0 3.7350477e-14
4382.0 3.6456284e-14
4384.0 3.543433e-14
4386.0 3.482515e-14
4388.0 3.456125e-14
4390.0 3.475998e-14
4392.0 3.4110752e-14
4394.0 3.3293677e-14
4396.0 3.2910896e-14
4398.0 3.2460945e-14
4400.0 3.2808144e-14
4402.0 3.3192646e-14
4404.0 3.3447857e-14
4406.0 3.3521237e-14
4408.0 3.3306986e-14
4410.0 3.3075285e-14
4412.0 3.294379e-14
4414.0 3.2910896e-14
4416.0 3.3146466e-14
4418.0 3.325006e-14
4420.0 3.29726e-14
4422.0 3.2968762e-14
4424.0 3.289298e-14
4426.0 3.2386898e-14
4428.0 3.192349e-14
4430.0 3.148565e-14
4432.0 3.117907e-14
4434.0 3.127143e-14
4436.0 3.116394e-14
4438.0 3.1139723e-14
4440.0 3.164285e-14
4442.0 3.164167e-14
4444.0 3.1448338e-14
4446.0 3.1431353e-14
4448.0 3.1792457e-14
4450.0 3.195133e-14
4452.0 3.165578e-14
4454.0 3.176461e-14
4456.0 3.1645002e-14
4458.0 3.148254e-14
4460.0 3.1410723e-14
4462.0 3.1449995e-14
4464.0 3.1348293e-14
4466.0 3.1374327e-14
4468.0 3.1843394e-14
4470.0 3.2433515e-14
4472.0 3.2969273e-14
4474.0 3.3151853e-14
4476.0 3.2930127e-14
4478.0 3.301317e-14
4480.0 3.3305376e-14
4482.0 3.3459394e-14
4484.0 3.3092286e-14
4486.0 3.2271745e-14
4488.0 3.2071534e-14
4490.0 3.189091e-14
4492.0 3.209006e-14
4494.0 3.200934e-14
4496.0 3.2267564e-14
4498.0 3.2726765e-14
4500.0 3.3112056e-14
4502.0 3.289045e-14
4504.0 3.285313e-14
4506.0 3.297043e-14
4508.0 3.312762e-14
4510.0 3.331064e-14
4512.0 3.341563e-14
4514.0 3.3563e-14
4516.0 3.3783133e-14
4518.0 3.359176e-14
4520.0 3.3382114e-14
4522.0 3.341203e-14
4524.0 3.3169766e-14
4526.0 3.2795828e-14
4528.0 3.2741357e-14
4530.0 3.2434294e-14
4532.0 3.232352e-14
4534.0 3.270801e-14
4536.0 3.308785e-14
4538.0 3.3047407e-14
4540.0 3.2883662e-14
4542.0 3.2836543e-14
4544.0 3.2982013e-14
4546.0 3.3093882e-14
4548.0 3.3259186e-14
4550.0 3.3425536e-14
4552.0 3.366427e-14
4554.0 3.3812e-14
4556.0 3.3831235e-14
4558.0 3.378187e-14
4560.0 3.3793443e-14
4562.0 3.3760213e-14
4564.0 3.3318834e-14
4566.0 3.3298356e-14
4568.0 3.3552832e-14
4570.0 3.4109705e-14
4572.0 3.46186e-14
4574.0 3.446039e-14
4576.0 3.4610244e-14
4578.0 3.480719e-14
4580.0 3.433538e-14
4582.0 3.3923405e-14
4584.0 3.3411225e-14
4586.0 3.310573e-14
4588.0 3.2928463e-14
4590.0 3.299962e-14
4592.0 3.308785e-14
4594.0 3.3561085e-14
4596.0 3.3728943e-14
4598.0 3.3825214e-14
4600.0 3.305786e-14
4602.0 3.281326e-14
4604.0 3.273309e-14
4606.0 3.284296e-14
4608.0 3.2949294e-14
4610.0 3.3127984e-14
4612.0 3.292318e-14
4614.0 3.2884235e-14
4616.0 3.3352217e-14
4618.0 3.3709028e-14
4620.0 3.359294e-14
4622.0 3.3769706e-14
4624.0 3.4099517e-14
4626.0 3.4394542e-14
4628.0 3.4675814e-14
4630.0 3.4586764e-14
4632.0 3.404228e-14
4634.0 3.3471588e-14
4636.0 3.324495e-14
4638.0 3.2866406e-14
4640.0 3.2401975e-14
4642.0 3.2262248e-14
4644.0 3.242646e-14
4646.0 3.2806345e-14
4648.0 3.2984405e-14
4650.0 3.287529e-14
4652.0 3.216781e-14
4654.0 3.1714015e-14
4656.0 3.220944e-14
4658.0 3.2789276e-14
4660.0 3.3282567e-14
4662.0 3.3518293e-14
4664.0 3.3478425e-14
4666.0 3.3218098e-14
4668.0 3.2587712e-14
4670.0 3.168513e-14
4672.0 3.175046e-14
4674.0 3.2211497e-14
4676.0 3.299324e-14
4678.0 3.3783723e-14
4680.0 3.439356e-14
4682.0 3.5042478e-14
4684.0 3.5691407e-14
4686.0 3.6044738e-14
4688.0 3.626362e-14
4690.0 3.5696113e-14
4692.0 3.486471e-14
4694.0 3.40612e-14
4696.0 3.3089447e-14
4698.0 3.2673124e-14
4700.0 3.2343967e-14
4702.0 3.1780453e-14
4704.0 3.202551e-14
4706.0 3.216894e-14
4708.0 3.1529033e-14
4710.0 3.117749e-14
4712.0 3.139293e-14
4714.0 3.180147e-14
4716.0 3.1916127e-14
4718.0 3.1690484e-14
4720.0 3.183857e-14
4722.0 3.2047315e-14
4724.0 3.233985e-14
4726.0 3.2573404e-14
4728.0 3.2568898e-14
4730.0 3.228741e-14
4732.0 3.2066462e-14
4734.0 3.201946e-14
4736.0 3.2123552e-14
4738.0 3.2429026e-14
4740.0 3.270758e-14
4742.0 3.2942927e-14
4744.0 3.305343e-14
4746.0 3.261463e-14
4748.0 3.2196573e-14
4750.0 3.2531303e-14
4752.0 3.3068312e-14
4754.0 3.338856e-14
4756.0 3.319775e-14
4758.0 3.268231e-14
4760.0 3.215291e-14
4762.0 3.162451e-14
4764.0 3.137743e-14
4766.0 3.153111e-14
4768.0 3.19237e-14
4770.0 3.2327565e-14
4772.0 3.287623e-14
4774.0 3.3590725e-14
4776.0 3.4211346e-14
4778.0 3.4440038e-14
4780.0 3.449514e-14
4782.0 3.459527e-14
4784.0 3.4420454e-14
4786.0 3.4024568e-14
4788.0 3.436336e-14
4790.0 3.5064182e-14
4792.0 3.5792732e-14
4794.0 3.6019886e-14
4796.0 3.6096855e-14
4798.0 3.6568127e-14
4800.0 3.7279106e-14
4802.0 3.7624682e-14
4804.0 3.771228e-14
4806.0 3.8089964e-14
4808.0 3.8634226e-14
4810.0 3.8767058e-14
4812.0 3.9219157e-14
4814.0 3.976794e-14
4816.0 4.0356028e-14
4818.0 4.056268e-14
4820.0 4.1112746e-14
4822.0 4.1866738e-14
4824.0 4.2663677e-14
4826.0 4.3435524e-14
4828.0 4.40945e-14
4830.0 4.4428064e-14
4832.0 4.4854582e-14
4834.0 4.5733403e-14
4836.0 4.620359e-14
4838.0 4.6801267e-14
4840.0 4.828478e-14
4842.0 4.953922e-14
4844.0 5.027015e-14
4846.0 5.139945e-14
4848.0 5.301871e-14
4850.0 5.4351004e-14
4852.0 5.567642e-14
4854.0 5.724683e-14
4856.0 5.928144e-14
4858.0 6.2283024e-14
4860.0 6.539996e-14
4862.0 6.730004e-14
4864.0 6.684889e-14
4866.0 6.452283e-14
4868.0 6.0894405e-14
4870.0 5.7515346e-14
4872.0 5.497325e-14
4874.0 5.3627353e-14
4876.0 5.3236753e-14
4878.0 5.2125425e-14
4880.0 5.081699e-14
4882.0 5.0145787e-14
4884.0 5.0131032e-14
4886.0 5.0137744e-14
4888.0 4.9382167e-14
4890.0 4.8398043e-14
4892.0 4.7712038e-14
4894.0 4.7196537e-14
4896.0 4.670527e-14
4898.0 4.630221e-14
4900.0 4.5280125e-14
4902.0 4.4747544e-14
4904.0 4.4436358e-14
4906.0 4.382989e-14
4908.0 4.3638582e-14
4910.0 4.26902e-14
4912.0 4.1568006e-14
4914.0 4.133907e-14
4916.0 4.0375265e-14
4918.0 3.9003845e-14
4920.0 3.8072406e-14
4922.0 3.7253986e-14
4924.0 3.638782e-14
4926.0 3.6229314e-14
4928.0 3.6710777e-14
4930.0 3.7025382e-14
4932.0 3.6938575e-14
4934.0 3.6969488e-14
4936.0 3.7594124e-14
4938.0 3.7657747e-14
4940.0 3.7253983e-14
4942.0 3.7719736e-14
4944.0 3.7757107e-14
4946.0 3.8426934e-14
4948.0 4.068668e-14
4950.0 4.440885e-14
4952.0 4.887534e-14
4954.0 5.612138e-14
4956.0 6.7062526e-14
4958.0 7.602621e-14
4960.0 8.163667e-14
4962.0 7.979254e-14
4964.0 7.1641796e-14
4966.0 6.039183e-14
4968.0 5.109909e-14
4970.0 4.4970074e-14
4972.0 4.0417576e-14
4974.0 3.831218e-14
4976.0 3.677686e-14
4978.0 3.566203e-14
4980.0 3.484642e-14
4982.0 3.4321128e-14
4984.0 3.4328365e-14
4986.0 3.5058253e-14
4988.0 3.6589418e-14
4990.0 3.8825758e-14
4992.0 4.1773524e-14
4994.0 4.5748368e-14
4996.0 5.137057e-14
4998.0 6.2186537e-14
5000.0 7.9386543e-14
5002.0 1.05157e-13
5004.0 1.3792582e-13
5006.0 1.6470481e-13
5008.0 1.7941414e-13
5010.0 1.7192317e-13
5012.0 1.470407e-13
5014.0 1.07913156e-13
5016.0 7.820959e-14
5018.0 5.778905e-14
5020.0 4.5491012e-14
5022.0 3.962124e-14
5024.0 3.643563e-14
5026.0 3.5194863e-14
5028.0 3.4276845e-14
5030.0 3.3402717e-14
5032.0 3.271836e-14
5034.0 3.219721e-14
5036.0 3.2176498e-14
5038.0 3.16612e-14
5040.0 3.1473556e-14
5042.0 3.1913887e-14
5044.0 3.1716447e-14
5046.0 3.096516e-14
5048.0 3.048191e-14
5050.0 3.0074277e-14
5052.0 2.9873327e-14
5054.0 2.976457e-14
5056.0 3.0260625e-14
5058.0 3.1229224e-14
5060.0 3.148849e-14
5062.0 3.0798003e-14
5064.0 3.0127353e-14
5066.0 2.950427e-14
5068.0 2.9446728e-14
5070.0 2.9080704e-14
5072.0 2.8395528e-14
5074.0 2.7676674e-14
5076.0 2.7986465e-14
5078.0 2.8219858e-14
5080.0 2.8299913e-14
5082.0 2.8499098e-14
5084.0 2.7938203e-14
5086.0 2.742783e-14
5088.0 2.7345319e-14
5090.0 2.7673696e-14
5092.0 2.7964844e-14
5094.0 2.7955814e-14
5096.0 2.7811007e-14
5098.0 2.7830924e-14
5100.0 2.7849813e-14
5102.0 2.7573789e-14
5104.0 2.7525391e-14
5106.0 2.7520556e-14
5108.0 2.7408805e-14
5110.0 2.7440601e-14
5112.0 2.7630037e-14
5114.0 2.7586327e-14
5116.0 2.750334e-14
5118.0 2.782109e-14
5120.0 2.8413866e-14
5122.0 2.8921496e-14
5124.0 2.8896546e-14
5126.0 2.876922e-14
5128.0 2.877756e-14
5130.0 2.8634345e-14
5132.0 2.8651452e-14
5134.0 2.876322e-14
5136.0 2.874769e-14
5138.0 2.916006e-14
5140.0 3.000587e-14
5142.0 3.0322417e-14
5144.0 2.9523906e-14
5146.0 2.9465098e-14
5148.0 3.0522768e-14
5150.0 3.0648566e-14
5152.0 3.0970733e-14
5154.0 3.0915493e-14
5156.0 3.1060095e-14
5158.0 3.1029212e-14
5160.0 3.0630737e-14
5162.0 2.9885796e-14
5164.0 2.911751e-14
5166.0 2.8213355e-14
5168.0 2.8155736e-14
5170.0 2.7927713e-14
5172.0 2.7772133e-14
5174.0 2.7457418e-14
5176.0 2.742307e-14
5178.0 2.7607414e-14
5180.0 2.8143556e-14
5182.0 2.8157898e-14
5184.0 2.8145843e-14
5186.0 2.8106191e-14
5188.0 2.8243417e-14
5190.0 2.805994e-14
5192.0 2.7587053e-14
5194.0 2.7595292e-14
5196.0 2.8006812e-14
5198.0 2.9107793e-14
5200.0 2.9722373e-14
5202.0 2.946128e-14
5204.0 2.9304687e-14
5206.0 2.9171462e-14
5208.0 2.85011e-14
5210.0 2.797135e-14
5212.0 2.8123478e-14
5214.0 2.8881706e-14
5216.0 2.970711e-14
5218.0 3.0509568e-14
5220.0 3.1013613e-14
5222.0 3.0884014e-14
5224.0 3.0219584e-14
5226.0 2.9464712e-14
5228.0 2.888494e-14
5230.0 2.9081917e-14
5232.0 2.9429343e-14
5234.0 2.9464065e-14
5236.0 2.9871362e-14
5238.0 3.0569185e-14
5240.0 3.060223e-14
5242.0 3.001536e-14
5244.0 2.947487e-14
5246.0 2.9426236e-14
5248.0 2.9529354e-14
5250.0 2.9661742e-14
5252.0 2.9486264e-14
5254.0 2.900978e-14
5256.0 2.8455764e-14
5258.0 2.7935382e-14
5260.0 2.7997898e-14
5262.0 2.874201e-14
5264.0 2.9155264e-14
5266.0 2.8111006e-14
5268.0 2.802761e-14
5270.0 2.8308055e-14
5272.0 2.8399519e-14
5274.0 2.8443454e-14
5276.0 2.9085177e-14
5278.0 3.0047013e-14
5280.0 3.038908e-14
5282.0 2.9946037e-14
5284.0 2.978078e-14
5286.0 3.0472474e-14
5288.0 3.063168e-14
5290.0 3.096659e-14
5292.0 3.106903e-14
5294.0 3.0845382e-14
5296.0 3.0322353e-14
5298.0 2.957166e-14
5300.0 2.935763e-14
5302.0 2.91978e-14
5304.0 2.9778883e-14
5306.0 3.0713245e-14
5308.0 3.0986722e-14
5310.0 3.111587e-14
5312.0 3.15064e-14
5314.0 3.1329028e-14
5316.0 3.0558245e-14
5318.0 2.997176e-14
5320.0 2.9308804e-14
5322.0 2.8808417e-14
5324.0 2.8610147e-14
5326.0 2.8415487e-14
5328.0 2.7977251e-14
5330.0 2.754323e-14
5332.0 2.7883716e-14
5334.0 2.8726987e-14
5336.0 2.9136507e-14
5338.0 2.8656988e-14
5340.0 2.80899e-14
5342.0 2.7693393e-14
5344.0 2.7324609e-14
5346.0 2.71934e-14
5348.0 2.732641e-14
5350.0 2.7660755e-14
5352.0 2.7962692e-14
5354.0 2.8429966e-14
5356.0 2.881968e-14
5358.0 2.8779584e-14
5360.0 2.87263e-14
5362.0 2.8521134e-14
5364.0 2.8379758e-14
5366.0 2.8702274e-14
5368.0 2.8382561e-14
5370.0 2.7682932e-14
5372.0 2.7634101e-14
5374.0 2.7455367e-14
5376.0 2.6955943e-14
5378.0 2.663158e-14
5380.0 2.6845185e-14
5382.0 2.6629708e-14
5384.0 2.6175348e-14
5386.0 2.6345635e-14
5388.0 2.6987037e-14
5390.0 2.740495e-14
5392.0 2.7384557e-14
5394.0 2.8100145e-14
5396.0 2.871305e-14
5398.0 2.9161278e-14
5400.0 2.8417484e-14
5402.0 2.7684635e-14
5404.0 2.6934586e-14
5406.0 2.6270247e-14
5408.0 2.6172188e-14
5410.0 2.622523e-14
5412.0 2.5849421e-14
5414.0 2.5656357e-14
5416.0 2.6111397e-14
5418.0 2.6791476e-14
5420.0 2.7423974e-14
5422.0 2.7491987e-14
5424.0 2.7248274e-14
5426.0 2.691714e-14
5428.0 2.6314932e-14
5430.0 2.5759947e-14
5432.0 2.5632928e-14
5434.0 2.6018728e-14
5436.0 2.6417411e-14
5438.0 2.6940439e-14
5440.0 2.7498327e-14
5442.0 2.7960542e-14
5444.0 2.7762013e-14
5446.0 2.7641324e-14
5448.0 2.7981428e-14
5450.0 2.8111624e-14
5452.0 2.7473217e-14
5454.0 2.6376779e-14
5456.0 2.5873953e-14
5458.0 2.59948e-14
5460.0 2.6385874e-14
5462.0 2.7152168e-14
5464.0 2.7837402e-14
5466.0 2.8003802e-14
5468.0 2.7827013e-14
5470.0 2.767163e-14
5472.0 2.79444e-14
5474.0 2.8375209e-14
5476.0 2.8378384e-14
5478.0 2.844183e-14
5480.0 2.8581077e-14
5482.0 2.8577872e-14
5484.0 2.7760612e-14
5486.0 2.6538408e-14
5488.0 2.5584681e-14
5490.0 2.5487333e-14
5492.0 2.5386457e-14
5494.0 2.611994e-14
5496.0 2.737608e-14
5498.0 2.7796721e-14
5500.0 2.7586811e-14
5502.0 2.7201345e-14
5504.0 2.6759314e-14
5506.0 2.6025699e-14
5508.0 2.6196337e-14
5510.0 2.6624095e-14
5512.0 2.5841418e-14
5514.0 2.628623e-14
5516.0 2.6872905e-14
5518.0 2.7425597e-14
5520.0 2.6960383e-14
5522.0 2.686376e-14
5524.0 2.6881404e-14
5526.0 2.7048738e-14
5528.0 2.673899e-14
5530.0 2.6852142e-14
5532.0 2.7082796e-14
5534.0 2.6915253e-14
5536.0 2.6760137e-14
5538.0 2.730128e-14
5540.0 2.7324788e-14
5542.0 2.7333433e-14
5544.0 2.8087558e-14
5546.0 2.8651896e-14
5548.0 2.9213194e-14
5550.0 2.9296454e-14
5552.0 2.875785e-14
5554.0 2.8157467e-14
5556.0 2.8244905e-14
5558.0 2.888253e-14
5560.0 2.8962615e-14
5562.0 2.8277055e-14
5564.0 2.728162e-14
5566.0 2.6590207e-14
5568.0 2.6555311e-14
5570.0 2.679036e-14
5572.0 2.7066147e-14
5574.0 2.6970568e-14
5576.0 2.6449739e-14
5578.0 2.6108127e-14
5580.0 2.6557763e-14
5582.0 2.7205643e-14
5584.0 2.6544237e-14
5586.0 2.5260283e-14
5588.0 2.458552e-14
5590.0 2.5557557e-14
5592.0 2.6169373e-14
5594.0 2.64966e-14
5596.0 2.6664704e-14
5598.0 2.6844415e-14
5600.0 2.7155507e-14
5602.0 2.7487156e-14
5604.0 2.7851467e-14
5606.0 2.8434462e-14
5608.0 2.8733424e-14
5610.0 2.7755183e-14
5612.0 2.6745392e-14
5614.0 2.6300895e-14
5616.0 2.6438189e-14
5618.0 2.6230584e-14
5620.0 2.5910341e-14
5622.0 2.5603843e-14
5624.0 2.5439022e-14
5626.0 2.6143641e-14
5628.0 2.6276534e-14
5630.0 2.6257327e-14
5632.0 2.5945358e-14
5634.0 2.5823665e-14
5636.0 2.6494911e-14
5638.0 2.6071632e-14
5640.0 2.5954814e-14
5642.0 2.6656388e-14
5644.0 2.7227039e-14
5646.0 2.7966194e-14
5648.0 2.8397894e-14
5650.0 2.7926366e-14
5652.0 2.6939315e-14
5654.0 2.6668273e-14
5656.0 2.6755906e-14
5658.0 2.6741047e-14
5660.0 2.6457818e-14
5662.0 2.6189781e-14
5664.0 2.5882532e-14
5666.0 2.539716e-14
5668.0 2.5705868e-14
5670.0 2.6632867e-14
5672.0 2.733499e-14
5674.0 2.7522132e-14
5676.0 2.7341476e-14
5678.0 2.6890497e-14
5680.0 2.6440223e-14
5682.0 2.6309558e-14
5684.0 2.6419093e-14
5686.0 2.6434299e-14
5688.0 2.6027303e-14
5690.0 2.5968841e-14
5692.0 2.6278553e-14
5694.0 2.6449508e-14
5696.0 2.6472988e-14
5698.0 2.6509634e-14
5700.0 2.6618837e-14
5702.0 2.662573e-14
5704.0 2.676043e-14
5706.0 2.6885652e-14
5708.0 2.7198e-14
5710.0 2.812644e-14
5712.0 2.993302e-14
5714.0 3.0710006e-14
5716.0 3.091964e-14
5718.0 3.0944838e-14
5720.0 2.9669555e-14
5722.0 2.7729235e-14
5724.0 2.8301527e-14
5726.0 2.8405194e-14
5728.0 2.7768046e-14
5730.0 2.7609657e-14
5732.0 2.7791658e-14
5734.0 2.750008e-14
5736.0 2.8298791e-14
5738.0 2.89859e-14
5740.0 2.798192e-14
5742.0 2.7612873e-14
5744.0 2.8461825e-14
5746.0 2.86966e-14
5748.0 2.8552783e-14
5750.0 2.8378387e-14
5752.0 2.8436956e-14
5754.0 2.8586915e-14
5756.0 2.8162658e-14
5758.0 2.8212735e-14
5760.0 2.8586095e-14
5762.0 2.7718335e-14
5764.0 2.6830273e-14
5766.0 2.6858097e-14
5768.0 2.7554417e-14
5770.0 2.8714248e-14
5772.0 2.9909953e-14
5774.0 2.988081e-14
5776.0 2.882981e-14
5778.0 2.8031366e-14
5780.0 2.7523279e-14
5782.0 2.6815139e-14
