calculator/source/seyfert1_template.txt
# %ECSV 1.0
# ---
# datatype:
# - {name: wavelength, unit: angstrom, datatype: float32}
# - {name: flux, unit: erg / (s cm^2 angstrom), datatype: float32}
# schema: astropy-2.0
wavelength flux
[from data line 2327]
5786.0 2.5776129e-14
5788.0 2.6538701e-14
5790.0 2.7186593e-14
5792.0 2.7041435e-14
5794.0 2.6674248e-14
5796.0 2.736262e-14
5798.0 2.785905e-14
5800.0 2.7471713e-14
5802.0 2.8078248e-14
5804.0 2.8958925e-14
5806.0 2.7906319e-14
5808.0 2.6488221e-14
5810.0 2.7554056e-14
5812.0 2.8634786e-14
5814.0 2.8140652e-14
5816.0 2.8142629e-14
5818.0 2.7740376e-14
5820.0 2.7295882e-14
5822.0 2.7165587e-14
5824.0 2.6815313e-14
5826.0 2.8328078e-14
5828.0 2.9979657e-14
5830.0 2.9767377e-14
5832.0 3.0696657e-14
5834.0 3.111471e-14
5836.0 3.10051e-14
5838.0 3.0242024e-14
5840.0 2.953227e-14
5842.0 2.7905768e-14
5844.0 2.7291327e-14
5846.0 2.886427e-14
5848.0 2.914489e-14
5850.0 2.8964204e-14
5852.0 2.9071255e-14
5854.0 2.9063086e-14
5856.0 2.885292e-14
5858.0 2.8817277e-14
5860.0 2.8897115e-14
5862.0 2.910728e-14
5864.0 2.9623327e-14
5866.0 2.992546e-14
5868.0 3.0349394e-14
5870.0 3.1100566e-14
5872.0 3.2058296e-14
5874.0 3.2506878e-14
5876.0 3.2286843e-14
5878.0 3.1901063e-14
5880.0 3.136992e-14
5882.0 3.1062277e-14
5884.0 3.065321e-14
5886.0 3.026953e-14
5888.0 2.9886324e-14
5890.0 2.9091116e-14
5892.0 2.8260976e-14
5894.0 2.771815e-14
5896.0 2.7709573e-14
5898.0 2.8051068e-14
5900.0 2.8292147e-14
5902.0 2.8066042e-14
5904.0 2.7748848e-14
5906.0 2.7711154e-14
5908.0 2.7842293e-14
5910.0 2.8290777e-14
5912.0 2.8879483e-14
5914.0 2.912589e-14
5916.0 2.9297094e-14
5918.0 2.9586078e-14
5920.0 2.979491e-14
5922.0 2.9922506e-14
5924.0 2.995044e-14
5926.0 2.984271e-14
5928.0 2.9594593e-14
5930.0 2.9153597e-14
5932.0 2.917524e-14
5934.0 2.9083964e-14
5936.0 2.9035337e-14
5938.0 2.9111438e-14
5940.0 2.8648057e-14
5942.0 2.8101873e-14
5944.0 2.7227818e-14
5946.0 2.7033893e-14
5948.0 2.7183073e-14
5950.0 2.7367665e-14
5952.0 2.7630645e-14
5954.0 2.7848961e-14
5956.0 2.760299e-14
5958.0 2.7374756e-14
5960.0 2.7047907e-14
5962.0 2.6922285e-14
5964.0 2.741247e-14
5966.0 2.797553e-14
5968.0 2.8430156e-14
5970.0 2.8533352e-14
5972.0 2.8425477e-14
5974.0 2.834967e-14
5976.0 2.7903623e-14
5978.0 2.7496512e-14
5980.0 2.7317892e-14
5982.0 2.7002807e-14
5984.0 2.6881405e-14
5986.0 2.71629e-14
5988.0 2.7180027e-14
5990.0 2.7671262e-14
5992.0 2.8540182e-14
5994.0 2.889978e-14
5996.0 2.8774655e-14
5998.0 2.8455445e-14
6000.0 2.8141582e-14
6002.0 2.790926e-14
6004.0 2.7618026e-14
6006.0 2.7132795e-14
6008.0 2.6840294e-14
6010.0 2.6946591e-14
6012.0 2.7333614e-14
6014.0 2.7555811e-14
6016.0 2.752243e-14
6018.0 2.700666e-14
6020.0 2.6653635e-14
6022.0 2.658408e-14
6024.0 2.6878395e-14
6026.0 2.7153481e-14
6028.0 2.7136134e-14
6030.0 2.7038406e-14
6032.0 2.697063e-14
6034.0 2.6871017e-14
6036.0 2.6800126e-14
6038.0 2.7065257e-14
6040.0 2.7584446e-14
6042.0 2.7614995e-14
6044.0 2.7465919e-14
6046.0 2.7552606e-14
6048.0 2.7803558e-14
6050.0 2.819391e-14
6052.0 2.8095639e-14
6054.0 2.7723997e-14
6056.0 2.696903e-14
6058.0 2.6089558e-14
6060.0 2.5749199e-14
6062.0 2.6367629e-14
6064.0 2.7182234e-14
6066.0 2.8343882e-14
6068.0 2.9164097e-14
6070.0 2.954038e-14
6072.0 3.0069e-14
6074.0 3.0068995e-14
6076.0 3.0576507e-14
6078.0 3.1202285e-14
6080.0 3.1426247e-14
6082.0 3.246579e-14
6084.0 3.3069044e-14
6086.0 3.3082258e-14
6088.0 3.209514e-14
6090.0 3.1171124e-14
6092.0 2.953662e-14
6094.0 2.8206909e-14
6096.0 2.7361295e-14
6098.0 2.674257e-14
6100.0 2.6806187e-14
6102.0 2.6875266e-14
6104.0 2.6701087e-14
6106.0 2.6628832e-14
6108.0 2.6819377e-14
6110.0 2.6722495e-14
6112.0 2.687916e-14
6114.0 2.7350421e-14
6116.0 2.7471408e-14
6118.0 2.7275572e-14
6120.0 2.6825208e-14
6122.0 2.6671085e-14
6124.0 2.6836697e-14
6126.0 2.7141915e-14
6128.0 2.702671e-14
6130.0 2.6632283e-14
6132.0 2.6613516e-14
6134.0 2.640332e-14
6136.0 2.6091618e-14
6138.0 2.5972778e-14
6140.0 2.6003193e-14
6142.0 2.6008504e-14
6144.0 2.5829618e-14
6146.0 2.5654893e-14
6148.0 2.5848906e-14
6150.0 2.6477405e-14
6152.0 2.6699034e-14
6154.0 2.6577366e-14
6156.0 2.6514291e-14
6158.0 2.6310888e-14
6160.0 2.5925478e-14
6162.0 2.589726e-14
6164.0 2.6022212e-14
6166.0 2.5903972e-14
6168.0 2.5676193e-14
6170.0 2.5256176e-14
6172.0 2.4769002e-14
6174.0 2.456075e-14
6176.0 2.5103514e-14
6178.0 2.5241373e-14
6180.0 2.5502842e-14
6182.0 2.5980704e-14
6184.0 2.6572113e-14
6186.0 2.6727193e-14
6188.0 2.6723026e-14
6190.0 2.6336033e-14
6192.0 2.5571931e-14
6194.0 2.5127229e-14
6196.0 2.4943667e-14
6198.0 2.5377537e-14
6200.0 2.5695429e-14
6202.0 2.589845e-14
6204.0 2.6021188e-14
6206.0 2.5835631e-14
6208.0 2.5796968e-14
6210.0 2.5955614e-14
6212.0 2.6495318e-14
6214.0 2.7096116e-14
6216.0 2.7036031e-14
6218.0 2.6745977e-14
6220.0 2.6334761e-14
6222.0 2.6202378e-14
6224.0 2.6315508e-14
6226.0 2.6282883e-14
6228.0 2.5891232e-14
6230.0 2.5399005e-14
6232.0 2.5673037e-14
6234.0 2.5542744e-14
6236.0 2.5181251e-14
6238.0 2.489584e-14
6240.0 2.4882992e-14
6242.0 2.503003e-14
6244.0 2.5093976e-14
6246.0 2.5439638e-14
6248.0 2.573959e-14
6250.0 2.5952993e-14
6252.0 2.597215e-14
6254.0 2.5630678e-14
6256.0 2.4940872e-14
6258.0 2.4446196e-14
6260.0 2.4353766e-14
6262.0 2.4667719e-14
6264.0 2.5236327e-14
6266.0 2.5694977e-14
6268.0 2.5857312e-14
6270.0 2.6069687e-14
6272.0 2.6325511e-14
6274.0 2.6498111e-14
6276.0 2.6933991e-14
6278.0 2.7429273e-14
6280.0 2.7674667e-14
6282.0 2.7979951e-14
6284.0 2.780185e-14
6286.0 2.7496573e-14
6288.0 2.7287553e-14
6290.0 2.7264495e-14
6292.0 2.750183e-14
6294.0 2.867021e-14
6296.0 3.083996e-14
6298.0 3.2192897e-14
6300.0 3.3016653e-14
6302.0 3.350998e-14
6304.0 3.333296e-14
6306.0 3.2562393e-14
6308.0 3.1546624e-14
6310.0 3.0468924e-14
6312.0 2.9731578e-14
6314.0 2.9453e-14
6316.0 2.8247387e-14
6318.0 2.68892e-14
6320.0 2.6823028e-14
6322.0 2.7045713e-14
6324.0 2.7607902e-14
6326.0 2.8185985e-14
6328.0 2.7952685e-14
6330.0 2.7395929e-14
6332.0 2.728893e-14
6334.0 2.7280666e-14
6336.0 2.690975e-14
6338.0 2.6847072e-14
6340.0 2.7151392e-14
6342.0 2.7730815e-14
6344.0 2.809601e-14
6346.0 2.79896e-14
6348.0 2.799593e-14
6350.0 2.7828112e-14
6352.0 2.7594323e-14
6354.0 2.7782503e-14
6356.0 2.8146215e-14
6358.0 2.8631577e-14
6360.0 2.9255498e-14
6362.0 2.9354794e-14
6364.0 2.9532468e-14
6366.0 3.0304447e-14
6368.0 3.0991628e-14
6370.0 3.1080153e-14
6372.0 3.075583e-14
6374.0 3.0193252e-14
6376.0 2.9355567e-14
6378.0 2.8764673e-14
6380.0 2.853467e-14
6382.0 2.8191554e-14
6384.0 2.8263955e-14
6386.0 2.865894e-14
6388.0 2.8222091e-14
6390.0 2.7901846e-14
6392.0 2.8148997e-14
6394.0 2.8396337e-14
6396.0 2.8492345e-14
6398.0 2.873109e-14
6400.0 2.8871176e-14
6402.0 2.914412e-14
6404.0 2.9501812e-14
6406.0 2.964917e-14
6408.0 2.971513e-14
6410.0 2.9603368e-14
6412.0 2.986244e-14
6414.0 3.0314625e-14
6416.0 3.0666272e-14
6418.0 3.0812277e-14
6420.0 3.1593556e-14
6422.0 3.212941e-14
6424.0 3.178785e-14
6426.0 3.1761757e-14
6428.0 3.1843743e-14
6430.0 3.227097e-14
6432.0 3.2047458e-14
6434.0 3.1371915e-14
6436.0 3.1285026e-14
6438.0 3.1639306e-14
6440.0 3.2793955e-14
6442.0 3.3378817e-14
6444.0 3.485185e-14
6446.0 3.671078e-14
6448.0 3.8297958e-14
6450.0 3.8823626e-14
6452.0 3.8458423e-14
6454.0 3.8094063e-14
6456.0 3.8410905e-14
6458.0 3.865171e-14
6460.0 3.92606e-14
6462.0 4.0576226e-14
6464.0 4.1786456e-14
6466.0 4.2566824e-14
6468.0 4.289863e-14
6470.0 4.3672324e-14
6472.0 4.475816e-14
6474.0 4.582961e-14
6476.0 4.6580927e-14
6478.0 4.730881e-14
6480.0 4.8299838e-14
6482.0 5.000503e-14
6484.0 5.2382913e-14
6486.0 5.4142898e-14
6488.0 5.5049115e-14
6490.0 5.6325096e-14
6492.0 5.765572e-14
6494.0 5.8884944e-14
6496.0 6.0566474e-14
6498.0 6.282451e-14
6500.0 6.4793446e-14
6502.0 6.6898086e-14
6504.0 6.886936e-14
6506.0 7.157889e-14
6508.0 7.453238e-14
6510.0 7.667825e-14
6512.0 7.9074774e-14
6514.0 8.21831e-14
6516.0 8.564727e-14
6518.0 8.996132e-14
6520.0 9.303984e-14
6522.0 9.5058123e-14
6524.0 9.575703e-14
6526.0 9.5785217e-14
6528.0 9.5187835e-14
6530.0 9.6427417e-14
6532.0 9.846833e-14
6534.0 1.0160924e-13
6536.0 1.0560129e-13
6538.0 1.1073985e-13
6540.0 1.1519049e-13
6542.0 1.1742727e-13
6544.0 1.1947976e-13
6546.0 1.2191222e-13
6548.0 1.2478759e-13
6550.0 1.2821188e-13
6552.0 1.317472e-13
6554.0 1.3799067e-13
6556.0 1.460983e-13
6558.0 1.544217e-13
6560.0 1.6318916e-13
6562.0 1.7039309e-13
6564.0 1.7290832e-13
6566.0 1.6826514e-13
6568.0 1.5731313e-13
6570.0 1.442652e-13
6572.0 1.3449172e-13
6574.0 1.2776501e-13
6576.0 1.2543157e-13
6578.0 1.2504955e-13
6580.0 1.2699162e-13
6582.0 1.3107514e-13
6584.0 1.3420202e-13
6586.0 1.3406798e-13
6588.0 1.2996768e-13
6590.0 1.2297911e-13
6592.0 1.1419992e-13
6594.0 1.0709142e-13
6596.0 1.03778314e-13
6598.0 1.0092411e-13
6600.0 9.798238e-14
6602.0 9.529072e-14
6604.0 9.2540626e-14
6606.0 8.981347e-14
6608.0 8.76217e-14
6610.0 8.6298204e-14
6612.0 8.471204e-14
6614.0 8.18661e-14
6616.0 7.841784e-14
6618.0 7.5000465e-14
6620.0 7.179961e-14
6622.0 6.8780654e-14
6624.0 6.6362145e-14
6626.0 6.4106205e-14
6628.0 6.1468205e-14
6630.0 5.861827e-14
6632.0 5.535896e-14
6634.0 5.1982083e-14
6636.0 4.936135e-14
6638.0 4.7055286e-14
6640.0 4.544718e-14
6642.0 4.3823635e-14
6644.0 4.3146527e-14
6646.0 4.2361957e-14
6648.0 4.193823e-14
6650.0 4.165545e-14
6652.0 4.1579235e-14
6654.0 4.0962795e-14
6656.0 4.033122e-14
6658.0 3.918343e-14
6660.0 3.900341e-14
6662.0 3.82388e-14
6664.0 3.7033026e-14
6666.0 3.6482146e-14
6668.0 3.6854068e-14
6670.0 3.723853e-14
6672.0 3.6563234e-14
6674.0 3.6368484e-14
6676.0 3.6089567e-14
6678.0 3.569235e-14
6680.0 3.5156472e-14
6682.0 3.406524e-14
6684.0 3.291227e-14
6686.0 3.2646947e-14
6688.0 3.2508667e-14
6690.0 3.2728706e-14
6692.0 3.3046462e-14
6694.0 3.3588807e-14
6696.0 3.3947925e-14
6698.0 3.3541488e-14
6700.0 3.2547092e-14
6702.0 3.190961e-14
6704.0 3.1949788e-14
6706.0 3.2467213e-14
6708.0 3.291205e-14
6710.0 3.29498e-14
6712.0 3.3720873e-14
6714.0 3.5256124e-14
6716.0 3.6518775e-14
6718.0 3.70506e-14
6720.0 3.6520222e-14
6722.0 3.5446157e-14
6724.0 3.453743e-14
6726.0 3.364609e-14
6728.0 3.3349066e-14
6730.0 3.4222093e-14
6732.0 3.490439e-14
6734.0 3.4640652e-14
6736.0 3.3750282e-14
6738.0 3.2280605e-14
6740.0 3.0444248e-14
6742.0 2.9400595e-14
6744.0 2.8661962e-14
6746.0 2.7803802e-14
6748.0 2.7422107e-14
6750.0 2.6027986e-14
6752.0 2.3766964e-14
6754.0 2.192644e-14
6756.0 2.0889183e-14
6758.0 2.0538994e-14
6760.0 2.0707686e-14
6762.0 2.1886801e-14
6764.0 2.3782054e-14
6766.0 2.4619231e-14
6768.0 2.5076902e-14
6770.0 2.554353e-14
6772.0 2.4374205e-14
6774.0 2.3486387e-14
6776.0 2.3246055e-14
6778.0 2.3307746e-14
6780.0 2.313951e-14
6782.0 2.2795652e-14
6784.0 2.2860117e-14
6786.0 2.3629163e-14
6788.0 2.4142646e-14
6790.0 2.4588325e-14
6792.0 2.558811e-14
6794.0 2.7170657e-14
6796.0 2.7615478e-14
6798.0 2.6427797e-14
6800.0 2.5999537e-14
6802.0 2.6017815e-14
6804.0 2.5535678e-14
6806.0 2.4450221e-14
6808.0 2.3986755e-14
6810.0 2.3604321e-14
6812.0 2.3463089e-14
6814.0 2.3735723e-14
6816.0 2.4153995e-14
6818.0 2.4682889e-14
6820.0 2.4692703e-14
6822.0 2.4087574e-14
6824.0 2.3474424e-14
6826.0 2.3979808e-14
6828.0 2.4883595e-14
6830.0 2.4686575e-14
6832.0 2.4075145e-14
6834.0 2.3975434e-14
6836.0 2.3906145e-14
6838.0 2.326781e-14
6840.0 2.2478413e-14
6842.0 2.2446746e-14
6844.0 2.2858607e-14
6846.0 2.3851872e-14
6848.0 2.5796795e-14
6850.0 2.6309387e-14
6852.0 2.6393462e-14
6854.0 2.6335686e-14
6856.0 2.6018841e-14
6858.0 2.6334009e-14
6860.0 2.6919151e-14
6862.0 2.7117846e-14
6864.0 2.6809663e-14
6866.0 2.636178e-14
6868.0 2.5382162e-14
6870.0 2.4781352e-14
6872.0 2.486306e-14
6874.0 2.5228903e-14
6876.0 2.586299e-14
6878.0 2.6708299e-14
6880.0 2.6751206e-14
6882.0 2.6599025e-14
6884.0 2.6579e-14
6886.0 2.6128486e-14
6888.0 2.457208e-14
6890.0 2.5099599e-14
6892.0 2.5387236e-14
6894.0 2.561599e-14
6896.0 2.5568784e-14
6898.0 2.5077674e-14
6900.0 2.412823e-14
6902.0 2.4174581e-14
6904.0 2.4972769e-14
6906.0 2.5390021e-14
6908.0 2.5257618e-14
6910.0 2.5624432e-14
6912.0 2.6204968e-14
6914.0 2.5712644e-14
6916.0 2.4943663e-14
6918.0 2.4732915e-14
6920.0 2.6049656e-14
6922.0 2.745163e-14
6924.0 2.641509e-14
6926.0 2.5522282e-14
6928.0 2.5457352e-14
6930.0 2.655893e-14
6932.0 2.770927e-14
6934.0 2.7571793e-14
6936.0 2.686671e-14
6938.0 2.6516622e-14
6940.0 2.700411e-14
6942.0 2.7464533e-14
6944.0 2.7019887e-14
6946.0 2.5981618e-14
6948.0 2.5754404e-14
6950.0 2.6892032e-14
6952.0 2.791496e-14
6954.0 2.851788e-14
6956.0 2.942682e-14
6958.0 3.0025183e-14
6960.0 3.002789e-14
6962.0 2.928031e-14
6964.0 2.757476e-14
6966.0 2.6250696e-14
6968.0 2.6348645e-14
6970.0 2.7351504e-14
6972.0 2.7648489e-14
6974.0 2.7584145e-14
6976.0 2.8243421e-14
6978.0 2.890524e-14
6980.0 2.7007134e-14
6982.0 2.6710467e-14
6984.0 2.7145254e-14
6986.0 2.6829332e-14
6988.0 2.680201e-14
6990.0 2.7761219e-14
6992.0 2.8328763e-14
6994.0 2.9219354e-14
6996.0 3.0529202e-14
6998.0 2.9867886e-14
7000.0 2.8559617e-14
7002.0 2.7420178e-14
7004.0 2.7322869e-14
7006.0 2.851888e-14
7008.0 2.8114218e-14
7010.0 2.6682798e-14
7012.0 2.6425766e-14
7014.0 2.6320194e-14
7016.0 2.6030957e-14
7018.0 2.6248623e-14
7020.0 2.7103142e-14
7022.0 2.7173823e-14
7024.0 2.77575e-14
7026.0 2.7735508e-14
7028.0 2.7691445e-14
7030.0 2.7336013e-14
7032.0 2.7208033e-14
7034.0 2.7490783e-14
7036.0 2.7789154e-14
7038.0 2.8154931e-14
7040.0 2.7970737e-14
7042.0 2.7102368e-14
7044.0 2.6258076e-14
7046.0 2.5987838e-14
7048.0 2.5688991e-14
7050.0 2.5434666e-14
7052.0 2.468186e-14
7054.0 2.455444e-14
7056.0 2.4933152e-14
7058.0 2.4506876e-14
7060.0 2.4110754e-14
7062.0 2.4029562e-14
7064.0 2.4417492e-14
7066.0 2.4634049e-14
7068.0 2.3946336e-14
7070.0 2.2633642e-14
7072.0 2.180391e-14
7074.0 2.2040656e-14
7076.0 2.2940271e-14
7078.0 7.413377e-15
