calculator/source/seyfert1_template.txt
# %ECSV 1.0
# ---
# datatype:
# - {name: wavelength, unit: angstrom, datatype: float32}
# - {name: flux, unit: erg / (s cm^2 angstrom), datatype: float32}
# schema: astropy-2.0
wavelength flux
[from data line 773]
2678.0 7.4610985e-14
2680.0 8.650312e-14
2682.0 8.6011215e-14
2684.0 7.9314234e-14
2686.0 7.2702186e-14
2688.0 7.734845e-14
2690.0 7.616674e-14
2692.0 7.40178e-14
2694.0 8.102818e-14
2696.0 9.338986e-14
2698.0 8.6840366e-14
2700.0 8.1912125e-14
2702.0 8.8178766e-14
2704.0 9.073326e-14
2706.0 9.053643e-14
2708.0 9.268584e-14
2710.0 9.358201e-14
2712.0 9.6742364e-14
2714.0 9.7814924e-14
2716.0 9.337181e-14
2718.0 9.011256e-14
2720.0 8.9812286e-14
2722.0 8.470776e-14
2724.0 8.7521326e-14
2726.0 8.443736e-14
2728.0 8.5867226e-14
2730.0 1.0018706e-13
2732.0 1.0863308e-13
2734.0 1.0860637e-13
2736.0 1.0440529e-13
2738.0 1.0197918e-13
2740.0 1.04219076e-13
2742.0 1.00627365e-13
2744.0 1.01420886e-13
2746.0 9.443002e-14
2748.0 9.479027e-14
2750.0 1.04631385e-13
2752.0 1.0810599e-13
2754.0 1.04505075e-13
2756.0 9.909241e-14
2758.0 1.0609592e-13
2760.0 1.1775701e-13
2762.0 1.2304314e-13
2764.0 1.3172494e-13
2766.0 1.323579e-13
2768.0 1.4007308e-13
2770.0 1.4966042e-13
2772.0 1.4899509e-13
2774.0 1.6006807e-13
2776.0 1.6744794e-13
2778.0 1.6508718e-13
2780.0 1.6389915e-13
2782.0 1.6206424e-13
2784.0 1.5841862e-13
2786.0 1.6449552e-13
2788.0 1.7907052e-13
2790.0 1.9708084e-13
2792.0 2.2324886e-13
2794.0 2.1860625e-13
2796.0 2.001143e-13
2798.0 1.9481668e-13
2800.0 1.9318763e-13
2802.0 1.8063529e-13
2804.0 1.6609224e-13
2806.0 1.6159589e-13
2808.0 1.6687202e-13
2810.0 1.7455254e-13
2812.0 1.6728696e-13
2814.0 1.468687e-13
2816.0 1.4272937e-13
2818.0 1.4148119e-13
2820.0 1.3328364e-13
2822.0 1.3234775e-13
2824.0 1.3639517e-13
2826.0 1.2457239e-13
2828.0 1.2192665e-13
2830.0 1.2279938e-13
2832.0 1.13393785e-13
2834.0 1.06939366e-13
2836.0 1.0740251e-13
2838.0 1.0617167e-13
2840.0 1.122401e-13
2842.0 1.153102e-13
2844.0 1.1549038e-13
2846.0 1.0780185e-13
2848.0 9.279541e-14
2850.0 9.3352545e-14
2852.0 1.0938209e-13
2854.0 9.418875e-14
2856.0 8.827273e-14
2858.0 9.910458e-14
2860.0 1.10395315e-13
2862.0 9.8888935e-14
2864.0 9.2343925e-14
2866.0 9.336443e-14
2868.0 9.8677875e-14
2870.0 9.834797e-14
2872.0 9.1908774e-14
2874.0 8.62499e-14
2876.0 8.910999e-14
2878.0 8.7251136e-14
2880.0 8.865347e-14
2882.0 9.65098e-14
2884.0 8.7458686e-14
2886.0 7.13946e-14
2888.0 8.1845975e-14
2890.0 8.967631e-14
2892.0 8.220224e-14
2894.0 7.2271785e-14
2896.0 7.1209694e-14
2898.0 7.340144e-14
2900.0 8.400423e-14
2902.0 9.345797e-14
2904.0 9.337222e-14
2906.0 8.596533e-14
2908.0 8.81993e-14
2910.0 8.351003e-14
2912.0 7.2800916e-14
2914.0 8.452697e-14
2916.0 9.2856956e-14
2918.0 8.2900504e-14
2920.0 7.535754e-14
2922.0 7.983688e-14
2924.0 8.686515e-14
2926.0 8.964441e-14
2928.0 8.276554e-14
2930.0 7.5232206e-14
2932.0 8.290414e-14
2934.0 9.3258693e-14
2936.0 8.914266e-14
2938.0 9.76621e-14
2940.0 8.808413e-14
2942.0 7.2203575e-14
2944.0 8.431489e-14
2946.0 9.707028e-14
2948.0 9.773033e-14
2950.0 8.5736085e-14
2952.0 8.213295e-14
2954.0 9.1119224e-14
2956.0 9.578627e-14
2958.0 8.787085e-14
2960.0 7.5235845e-14
2962.0 7.449523e-14
2964.0 7.29874e-14
2966.0 7.627118e-14
2968.0 6.653519e-14
2970.0 6.94001e-14
2972.0 7.2712405e-14
2974.0 7.303357e-14
2976.0 7.7655635e-14
2978.0 7.047295e-14
2980.0 6.4405465e-14
2982.0 7.135369e-14
2984.0 7.651811e-14
2986.0 6.491806e-14
2988.0 6.8668365e-14
2990.0 8.030123e-14
2992.0 8.2698686e-14
2994.0 8.0759957e-14
2996.0 6.9619745e-14
2998.0 6.790945e-14
3000.0 7.273972e-14
3002.0 6.68837e-14
3004.0 6.611647e-14
3006.0 7.1913206e-14
3008.0 7.5217834e-14
3010.0 7.17405e-14
3012.0 7.058539e-14
3014.0 6.917522e-14
3016.0 6.229342e-14
3018.0 5.384967e-14
3020.0 4.61831e-14
3022.0 5.090779e-14
3024.0 5.3811603e-14
3026.0 5.707412e-14
3028.0 6.6543816e-14
3030.0 7.505631e-14
3032.0 7.2855926e-14
3034.0 6.935119e-14
3036.0 7.654669e-14
3038.0 8.598402e-14
3040.0 8.8464846e-14
3042.0 6.880572e-14
3044.0 7.58761e-14
3046.0 8.264984e-14
3048.0 5.777383e-14
3050.0 6.142152e-14
3052.0 6.638823e-14
3054.0 6.475219e-14
3056.0 6.641258e-14
3058.0 8.531708e-14
3060.0 8.169136e-14
3062.0 4.6883247e-14
3064.0 5.3628292e-14
3066.0 6.2013085e-14
3068.0 5.4078612e-14
3070.0 6.1696606e-14
3072.0 7.5169295e-14
3074.0 6.503149e-14
3076.0 6.2605676e-14
3078.0 7.6768046e-14
3080.0 8.657685e-14
3082.0 6.991205e-14
3084.0 9.18184e-14
3086.0 8.904115e-14
3088.0 7.5913776e-14
3090.0 4.7683967e-14
3092.0 4.9539545e-14
3094.0 6.989271e-14
3096.0 5.93248e-14
3098.0 5.1241678e-14
3100.0 5.2410065e-14
3102.0 7.5604175e-14
3104.0 6.492305e-14
3106.0 4.781147e-14
3108.0 9.88006e-14
3110.0 1.01759746e-13
3112.0 5.710734e-14
3114.0 8.228422e-14
3116.0 8.515331e-14
3118.0 4.0592617e-14
3120.0 5.8458365e-14
3122.0 7.3170657e-14
3124.0 6.5879946e-14
3126.0 7.922597e-14
3128.0 5.4161567e-14
3130.0 6.421299e-14
3132.0 7.36103e-14
3134.0 6.01322e-14
3136.0 4.3323594e-14
3138.0 4.4088597e-14
3140.0 4.6987137e-14
3142.0 5.4284688e-14
3144.0 6.083293e-14
3146.0 7.36082e-14
3148.0 8.183158e-14
3150.0 7.445566e-14
3152.0 6.38881e-14
3154.0 5.4210827e-14
3156.0 5.6441105e-14
3158.0 6.597622e-14
3160.0 7.377163e-14
3162.0 7.665484e-14
3164.0 7.420152e-14
3166.0 7.223497e-14
3168.0 6.897091e-14
3170.0 7.1132634e-14
3172.0 7.841268e-14
3174.0 7.454383e-14
3176.0 6.129473e-14
3178.0 5.814036e-14
3180.0 6.5046343e-14
3182.0 6.709346e-14
3184.0 6.7427265e-14
3186.0 6.4343564e-14
3188.0 6.0513294e-14
3190.0 6.7786536e-14
3192.0 7.189095e-14
3194.0 7.198146e-14
3196.0 7.663919e-14
3198.0 8.1204344e-14
3200.0 7.014271e-14
3202.0 6.901636e-14
3204.0 7.11567e-14
3206.0 7.130858e-14
3208.0 6.605305e-14
3210.0 5.766204e-14
3212.0 5.566933e-14
3214.0 5.7926015e-14
3216.0 6.396179e-14
3218.0 6.914242e-14
3220.0 6.577905e-14
3222.0 5.8610424e-14
3224.0 5.1505092e-14
3226.0 4.4727998e-14
3228.0 4.2736156e-14
3230.0 4.8234223e-14
3232.0 5.2015653e-14
3234.0 5.856218e-14
3236.0 6.073616e-14
3238.0 6.128666e-14
3240.0 6.901636e-14
3242.0 7.3227564e-14
3244.0 6.915776e-14
3246.0 6.4210315e-14
3248.0 6.318047e-14
3250.0 6.2127305e-14
3252.0 5.939062e-14
3254.0 6.010857e-14
3256.0 6.497282e-14
3258.0 6.285624e-14
3260.0 5.1759063e-14
3262.0 4.8940313e-14
3264.0 5.4057006e-14
3266.0 5.910738e-14
3268.0 6.02333e-14
3270.0 6.087622e-14
3272.0 6.089761e-14
3274.0 6.3185744e-14
3276.0 6.471382e-14
3278.0 6.58866e-14
3280.0 6.8532636e-14
3282.0 6.8023624e-14
3284.0 6.4429094e-14
3286.0 6.2585476e-14
3288.0 6.0196273e-14
3290.0 5.69827e-14
3292.0 5.530501e-14
3294.0 5.5883548e-14
3296.0 5.9034104e-14
3298.0 6.034305e-14
3300.0 5.77935e-14
3302.0 5.7343216e-14
3304.0 5.7854065e-14
3306.0 5.800519e-14
3308.0 5.8237215e-14
3310.0 5.984648e-14
3312.0 6.1775366e-14
3314.0 5.997949e-14
3316.0 5.7973097e-14
3318.0 6.304203e-14
3320.0 6.696878e-14
3322.0 6.822752e-14
3324.0 6.6366366e-14
3326.0 7.184691e-14
3328.0 7.456691e-14
3330.0 7.139554e-14
3332.0 6.4874735e-14
3334.0 6.373005e-14
3336.0 5.808435e-14
3338.0 5.1528738e-14
3340.0 5.192881e-14
3342.0 5.5680453e-14
3344.0 6.252324e-14
3346.0 6.802571e-14
3348.0 6.854032e-14
3350.0 7.450571e-14
3352.0 7.547098e-14
3354.0 6.776554e-14
3356.0 5.8478396e-14
3358.0 5.6357872e-14
3360.0 5.857517e-14
3362.0 6.034942e-14
3364.0 5.937693e-14
3366.0 5.935229e-14
3368.0 6.177035e-14
3370.0 6.3752436e-14
3372.0 6.06414e-14
3374.0 5.7969403e-14
3376.0 6.291728e-14
3378.0 6.951724e-14
3380.0 6.823951e-14
3382.0 6.524476e-14
3384.0 6.2542196e-14
3386.0 5.826754e-14
3388.0 5.3322513e-14
3390.0 5.202594e-14
3392.0 5.5240927e-14
3394.0 5.8929193e-14
3396.0 6.030106e-14
3398.0 6.138659e-14
3400.0 6.0528446e-14
3402.0 5.7798316e-14
3404.0 5.6554496e-14
3406.0 5.877707e-14
3408.0 5.967889e-14
3410.0 5.628664e-14
3412.0 5.0575084e-14
3414.0 4.975202e-14
3416.0 5.34036e-14
3418.0 5.951596e-14
3420.0 6.759522e-14
3422.0 7.6073635e-14
3424.0 8.1932806e-14
3426.0 8.562884e-14
3428.0 8.608377e-14
3430.0 8.0237256e-14
3432.0 7.369019e-14
3434.0 7.093704e-14
3436.0 6.3503876e-14
3438.0 5.9658326e-14
3440.0 5.6920296e-14
3442.0 5.7786776e-14
3444.0 5.976623e-14
3446.0 6.394283e-14
3448.0 6.663463e-14
3450.0 6.528632e-14
3452.0 6.306225e-14
3454.0 6.175028e-14
3456.0 5.768294e-14
3458.0 5.3782665e-14
3460.0 5.1805914e-14
3462.0 5.1804095e-14
3464.0 5.265092e-14
3466.0 5.777535e-14
3468.0 6.2547684e-14
3470.0 6.31318e-14
3472.0 6.036638e-14
3474.0 5.469894e-14
3476.0 5.2240588e-14
3478.0 5.3118693e-14
3480.0 5.482401e-14
3482.0 5.4353152e-14
3484.0 5.2195874e-14
3486.0 5.0331013e-14
3488.0 4.991639e-14
3490.0 4.964202e-14
3492.0 4.8805303e-14
3494.0 4.832753e-14
3496.0 4.9454656e-14
3498.0 5.0804826e-14
3500.0 5.1723386e-14
3502.0 5.027534e-14
3504.0 4.6979188e-14
3506.0 4.8072555e-14
3508.0 5.167911e-14
3510.0 5.385535e-14
3512.0 5.3815157e-14
3514.0 5.33491e-14
3516.0 5.4384665e-14
3518.0 5.666812e-14
3520.0 5.592737e-14
3522.0 5.4663637e-14
3524.0 5.526033e-14
3526.0 5.4894115e-14
3528.0 5.3023127e-14
3530.0 5.0070852e-14
3532.0 4.7742958e-14
3534.0 4.7950677e-14
3536.0 5.087092e-14
3538.0 5.259292e-14
3540.0 5.2568667e-14
3542.0 5.240823e-14
3544.0 5.2273635e-14
3546.0 5.2619137e-14
3548.0 5.3267042e-14
3550.0 5.267926e-14
3552.0 5.1505434e-14
3554.0 5.2504066e-14
3556.0 5.246315e-14
3558.0 5.2805498e-14
3560.0 5.3636064e-14
3562.0 5.178157e-14
3564.0 5.13249e-14
3566.0 5.0223033e-14
3568.0 4.7953727e-14
3570.0 4.608341e-14
3572.0 4.6075828e-14
3574.0 4.7778194e-14
3576.0 4.9763602e-14
3578.0 4.9915733e-14
3580.0 5.2425265e-14
3582.0 5.4955508e-14
3584.0 5.526556e-14
3586.0 5.4049765e-14
3588.0 5.1831854e-14
3590.0 5.0979166e-14
3592.0 4.994007e-14
3594.0 4.8603384e-14
3596.0 4.8213264e-14
3598.0 4.9535415e-14
3600.0 5.053934e-14
3602.0 4.9254915e-14
3604.0 4.8148192e-14
3606.0 4.8609252e-14
3608.0 4.8132017e-14
3610.0 4.6999002e-14
3612.0 4.6012124e-14
3614.0 4.3954996e-14
3616.0 4.2814686e-14
3618.0 4.3810645e-14
3620.0 4.6498965e-14
3622.0 4.9467256e-14
3624.0 5.0606183e-14
3626.0 5.0282732e-14
3628.0 4.995455e-14
3630.0 4.9730724e-14
3632.0 4.857607e-14
3634.0 4.8993758e-14
3636.0 4.9444454e-14
3638.0 4.974678e-14
3640.0 4.9229287e-14
3642.0 4.98982e-14
3644.0 5.0619526e-14
3646.0 5.1104364e-14
3648.0 5.154526e-14
3650.0 5.119905e-14
3652.0 5.084288e-14
3654.0 5.128153e-14
3656.0 5.1238636e-14
3658.0 5.038796e-14
3660.0 5.0186763e-14
3662.0 4.919611e-14
3664.0 4.798596e-14
3666.0 4.732969e-14
3668.0 4.695083e-14
3670.0 4.8036357e-14
3672.0 4.8161416e-14
3674.0 4.838476e-14
3676.0 4.870017e-14
3678.0 4.7622334e-14
3680.0 4.645457e-14
3682.0 4.6085545e-14
3684.0 4.5454268e-14
3686.0 4.489992e-14
3688.0 4.441509e-14
3690.0 4.478569e-14
3692.0 4.6133026e-14
3694.0 4.7317744e-14
3696.0 4.8910342e-14
3698.0 4.884905e-14
3700.0 4.9220637e-14
3702.0 5.0468025e-14
3704.0 4.9581663e-14
3706.0 4.6645315e-14
3708.0 4.3587255e-14
3710.0 4.3397005e-14
3712.0 4.4501004e-14
3714.0 4.5405984e-14
3716.0 4.514104e-14
3718.0 4.4339668e-14
3720.0 4.478461e-14
3722.0 4.7276202e-14
3724.0 5.138173e-14
3726.0 5.6576116e-14
3728.0 6.141424e-14
3730.0 6.434214e-14
3732.0 6.3064734e-14
3734.0 5.6941546e-14
3736.0 5.0294773e-14
3738.0 4.645508e-14
3740.0 4.484385e-14
3742.0 4.4280514e-14
3744.0 4.474519e-14
3746.0 4.5338136e-14
3748.0 4.6139308e-14
3750.0 4.6420306e-14
3752.0 4.7104597e-14
3754.0 4.7804327e-14
3756.0 4.878752e-14
3758.0 4.9942262e-14
3760.0 5.1778616e-14
3762.0 5.2015314e-14
3764.0 5.022943e-14
3766.0 4.7718743e-14
3768.0 4.5648218e-14
3770.0 4.552709e-14
3772.0 4.556039e-14
3774.0 4.506844e-14
3776.0 4.3680388e-14
3778.0 4.3213856e-14
3780.0 4.416058e-14
3782.0 4.4917666e-14
3784.0 4.4702276e-14
3786.0 4.4517328e-14
3788.0 4.417814e-14
3790.0 4.4235415e-14
3792.0 4.3404347e-14
3794.0 4.236689e-14
3796.0 4.2363723e-14
3798.0 4.245536e-14
3800.0 4.2473827e-14
3802.0 4.2161597e-14
3804.0 4.085302e-14
3806.0 4.0164442e-14
3808.0 4.096855e-14
3810.0 4.1591103e-14
3812.0 4.2230444e-14
3814.0 4.1557137e-14
3816.0 4.1289346e-14
3818.0 4.145333e-14
3820.0 4.1161793e-14
3822.0 4.0694722e-14
3824.0 4.0576934e-14
3826.0 4.0779615e-14
3828.0 4.0768424e-14
3830.0 4.0962795e-14
3832.0 4.128391e-14
3834.0 4.1530872e-14
3836.0 4.225354e-14
3838.0 4.2439888e-14
3840.0 4.1990483e-14
3842.0 4.213975e-14
3844.0 4.2625568e-14
3846.0 4.306021e-14
3848.0 4.3887674e-14
3850.0 4.4418997e-14
3852.0 4.4258146e-14
3854.0 4.4161838e-14
3856.0 4.391274e-14
3858.0 4.349537e-14
3860.0 4.4016525e-14
3862.0 4.66617e-14
3864.0 5.241985e-14
3866.0 5.8779655e-14
3868.0 6.463812e-14
3870.0 6.774129e-14
3872.0 6.7890355e-14
3874.0 6.2886755e-14
3876.0 5.645561e-14
3878.0 4.959996e-14
3880.0 4.4581797e-14
3882.0 4.2320395e-14
3884.0 4.2679137e-14
3886.0 4.2475694e-14
3888.0 4.2006068e-14
3890.0 4.2382893e-14
3892.0 4.332654e-14
3894.0 4.3224484e-14
3896.0 4.207771e-14
3898.0 4.0772453e-14
3900.0 4.0796542e-14
3902.0 4.090446e-14
3904.0 4.0715993e-14
3906.0 3.993745e-14
3908.0 3.885962e-14
3910.0 3.7951786e-14
3912.0 3.7723127e-14
3914.0 3.8188538e-14
3916.0 3.8147972e-14
3918.0 3.7683967e-14
3920.0 3.640444e-14
3922.0 3.4811313e-14
3924.0 3.4130905e-14
3926.0 3.4250587e-14
3928.0 3.5031938e-14
3930.0 3.552322e-14
3932.0 3.6383985e-14
3934.0 3.6091623e-14
3936.0 3.5269754e-14
3938.0 3.4175682e-14
3940.0 3.4145297e-14
3942.0 3.538083e-14
3944.0 3.6740054e-14
3946.0 3.7329487e-14
3948.0 3.7540422e-14
3950.0 3.7984386e-14
3952.0 3.781154e-14
3954.0 3.7043844e-14
3956.0 3.667581e-14
3958.0 3.7067686e-14
3960.0 3.7732987e-14
3962.0 3.9135877e-14
3964.0 4.1042924e-14
3966.0 4.25916e-14
3968.0 4.3224196e-14
3970.0 4.3413495e-14
3972.0 4.2799264e-14
3974.0 4.133934e-14
3976.0 3.9513504e-14
3978.0 3.7243517e-14
3980.0 3.5456044e-14
3982.0 3.462727e-14
3984.0 3.4753725e-14
3986.0 3.521651e-14
3988.0 3.5896636e-14
3990.0 3.610415e-14
3992.0 3.5855274e-14
3994.0 3.5466086e-14
3996.0 3.5272153e-14
3998.0 3.5197333e-14
4000.0 3.5357842e-14
4002.0 3.533611e-14
4004.0 3.5113033e-14
4006.0 3.438223e-14
4008.0 3.283099e-14
4010.0 3.2469287e-14
4012.0 3.2547448e-14
4014.0 3.318667e-14
4016.0 3.3527055e-14
4018.0 3.4543494e-14
4020.0 3.4700948e-14
4022.0 3.456771e-14
4024.0 3.4542817e-14
4026.0 3.4773416e-14
4028.0 3.4565883e-14
4030.0 3.369304e-14
4032.0 3.3506153e-14
4034.0 3.2755526e-14
4036.0 3.1850875e-14
4038.0 3.159099e-14
4040.0 3.2669898e-14
4042.0 3.3868626e-14
4044.0 3.4500367e-14
4046.0 3.478831e-14
4048.0 3.5090834e-14
4050.0 3.4830886e-14
4052.0 3.4831882e-14
4054.0 3.4619585e-14
4056.0 3.4059554e-14
4058.0 3.437717e-14
4060.0 3.5603576e-14
4062.0 3.643323e-14
4064.0 3.654541e-14
4066.0 3.6508672e-14
4068.0 3.7331534e-14
4070.0 3.8299055e-14
4072.0 3.8569893e-14
4074.0 3.764584e-14
4076.0 3.6022106e-14
4078.0 3.5155696e-14
4080.0 3.5416826e-14
4082.0 3.595912e-14
4084.0 3.564473e-14
4086.0 3.547598e-14
4088.0 3.631143e-14
4090.0 3.6561784e-14
4092.0 3.5752126e-14
4094.0 3.5399797e-14
4096.0 3.58815e-14
4098.0 3.7440313e-14
4100.0 3.8699695e-14
4102.0 3.9745324e-14
4104.0 3.9591408e-14
4106.0 3.9171903e-14
4108.0 3.836151e-14
4110.0 3.705271e-14
4112.0 3.5986374e-14
4114.0 3.553648e-14
4116.0 3.4892587e-14
4118.0 3.4395067e-14
4120.0 3.4616624e-14
4122.0 3.496108e-14
4124.0 3.489581e-14
4126.0 3.429702e-14
4128.0 3.28833e-14
4130.0 3.1942144e-14
4132.0 3.1368056e-14
4134.0 3.137564e-14
4136.0 3.1020356e-14
4138.0 3.1302618e-14
4140.0 3.1645632e-14
4142.0 3.1994227e-14
4144.0 3.234702e-14
4146.0 3.2710525e-14
4148.0 3.3155932e-14
4150.0 3.287601e-14
4152.0 3.251459e-14
4154.0 3.2214394e-14
4156.0 3.1512282e-14
4158.0 3.0883804e-14
4160.0 3.0888757e-14
4162.0 3.0723837e-14
4164.0 3.0502463e-14
4166.0 3.059134e-14
4168.0 3.106705e-14
4170.0 3.1404444e-14
4172.0 3.114294e-14
4174.0 3.0618967e-14
4176.0 3.047462e-14
4178.0 3.0392613e-14
4180.0 3.0296793e-14
4182.0 3.002044e-14
4184.0 3.0073417e-14
4186.0 3.070313e-14
4188.0 3.0986386e-14
4190.0 3.0657382e-14
4192.0 3.0352396e-14
4194.0 3.0266676e-14
4196.0 3.03444e-14
4198.0 3.0673343e-14
4200.0 3.096135e-14
4202.0 3.0656775e-14
4204.0 3.009522e-14
4206.0 2.9596476e-14
4208.0 2.9739283e-14
4210.0 3.0137016e-14
4212.0 3.0285355e-14
4214.0 3.0286347e-14
4216.0 3.0158266e-14
4218.0 3.0284823e-14
4220.0 3.0391413e-14
4222.0 3.0076785e-14
4224.0 3.024103e-14
4226.0 3.005269e-14
4228.0 2.9648193e-14
4230.0 2.9241434e-14
4232.0 2.9079363e-14
