calculator/source/seyfert1_template.txt
# %ECSV 1.0
# ---
# datatype:
# - {name: wavelength, unit: angstrom, datatype: float32}
# - {name: flux, unit: erg / (s cm^2 angstrom), datatype: float32}
# schema: astropy-2.0
wavelength flux
1132.0 4.991913e-13
1134.0 3.775147e-13
1136.0 3.0653344e-13
1138.0 2.7669078e-13
1140.0 2.3857476e-13
1142.0 1.32998e-13
1144.0 3.2399346e-14
1146.0 1.054442e-13
1148.0 1.9499258e-13
1150.0 1.7295426e-13
1152.0 1.3829157e-13
1154.0 1.4960361e-13
1156.0 1.1656659e-13
1158.0 1.3464242e-13
1160.0 1.6345203e-13
1162.0 2.3967801e-13
1164.0 2.294017e-13
1166.0 2.2601063e-13
1168.0 2.3752043e-13
1170.0 2.4900814e-13
1172.0 2.6934642e-13
1174.0 3.2403897e-13
1176.0 3.7442778e-13
1178.0 3.9211752e-13
1180.0 4.5283208e-13
1182.0 6.8043634e-13
1184.0 1.1679643e-12
1186.0 1.911083e-12
1188.0 2.456199e-12
1190.0 2.472075e-12
1192.0 2.2881712e-12
1194.0 1.88936e-12
1196.0 1.2850899e-12
1198.0 8.4088395e-13
1200.0 6.927981e-13
1202.0 7.1114826e-13
1204.0 8.239145e-13
1206.0 8.8777564e-13
1208.0 1.086734e-12
1210.0 1.5925678e-12
1212.0 1.7867382e-12
1214.0 1.5183259e-12
1216.0 1.0997698e-12
1218.0 8.0919716e-13
1220.0 6.8691445e-13
1222.0 5.8623045e-13
1224.0 4.849528e-13
1226.0 3.9488608e-13
1228.0 3.5222153e-13
1230.0 3.1244725e-13
1232.0 2.642304e-13
1234.0 3.0354996e-13
1236.0 3.3461374e-13
1238.0 3.191725e-13
1240.0 3.2874997e-13
1242.0 3.1035347e-13
1244.0 2.582644e-13
1246.0 2.341923e-13
1248.0 2.281909e-13
1250.0 2.2665771e-13
1252.0 2.2700041e-13
1254.0 2.4433957e-13
1256.0 2.2992418e-13
1258.0 1.8891734e-13
1260.0 1.8152001e-13
1262.0 2.0002775e-13
1264.0 1.8166396e-13
1266.0 1.786797e-13
1268.0 1.7389718e-13
1270.0 2.1723525e-13
1272.0 1.7075343e-13
1274.0 1.4118726e-13
1276.0 1.3318914e-13
1278.0 1.1960841e-13
1280.0 1.2155454e-13
1282.0 1.4936365e-13
1284.0 1.4597324e-13
1286.0 1.5067343e-13
1288.0 1.6277222e-13
1290.0 1.651296e-13
1292.0 1.6249046e-13
1294.0 1.4661963e-13
1296.0 1.6760061e-13
1298.0 1.7464265e-13
1300.0 1.6841187e-13
1302.0 1.4682389e-13
1304.0 1.4965977e-13
1306.0 1.5834662e-13
1308.0 1.4854754e-13
1310.0 1.4495206e-13
1312.0 1.3205076e-13
1314.0 1.3272493e-13
1316.0 1.3580135e-13
1318.0 1.3426036e-13
1320.0 1.2932172e-13
1322.0 1.3125574e-13
1324.0 1.448197e-13
1326.0 1.6468562e-13
1328.0 1.4118323e-13
1330.0 1.2125437e-13
1332.0 1.3126525e-13
1334.0 1.521804e-13
1336.0 1.5013014e-13
1338.0 1.4126574e-13
1340.0 1.3939403e-13
1342.0 1.2340111e-13
1344.0 1.2874284e-13
1346.0 1.07172565e-13
1348.0 1.1149013e-13
1350.0 1.2550264e-13
1352.0 1.10028184e-13
1354.0 1.0253247e-13
1356.0 1.144731e-13
1358.0 1.04332646e-13
1360.0 1.4299038e-13
1362.0 1.2570785e-13
1364.0 1.2406055e-13
1366.0 1.386388e-13
1368.0 1.3447663e-13
1370.0 1.4998418e-13
1372.0 1.4098805e-13
1374.0 1.1019139e-13
1376.0 1.5191198e-13
1378.0 1.4557153e-13
1380.0 1.2925757e-13
1382.0 1.446071e-13
1384.0 1.5932077e-13
1386.0 1.4972551e-13
1388.0 1.6512199e-13
1390.0 1.4224189e-13
1392.0 1.6619984e-13
1394.0 1.8223009e-13
1396.0 1.7719104e-13
1398.0 1.5352806e-13
1400.0 1.7263514e-13
1402.0 1.839323e-13
1404.0 1.615966e-13
1406.0 1.4298475e-13
1408.0 1.7532892e-13
1410.0 2.0715555e-13
1412.0 1.5963421e-13
1414.0 1.2499519e-13
1416.0 1.4087014e-13
1418.0 1.2663099e-13
1420.0 1.2744837e-13
1422.0 1.0210826e-13
1424.0 8.649723e-14
1426.0 9.6975264e-14
1428.0 9.104841e-14
1430.0 1.1454954e-13
1432.0 9.9971904e-14
1434.0 1.2037225e-13
1436.0 1.3324765e-13
1438.0 1.1695222e-13
1440.0 1.3605714e-13
1442.0 1.4390165e-13
1444.0 1.2936291e-13
1446.0 1.1498704e-13
1448.0 1.0350499e-13
1450.0 1.0022997e-13
1452.0 1.2375498e-13
1454.0 1.2581279e-13
1456.0 1.3109156e-13
1458.0 1.05128146e-13
1460.0 1.351169e-13
1462.0 1.3712643e-13
1464.0 1.309267e-13
1466.0 1.1446832e-13
1468.0 9.586874e-14
1470.0 9.108402e-14
1472.0 8.991925e-14
1474.0 1.1954275e-13
1476.0 1.2154279e-13
1478.0 1.2260459e-13
1480.0 1.3409125e-13
1482.0 1.379364e-13
1484.0 1.262836e-13
1486.0 1.1423604e-13
1488.0 1.2754384e-13
1490.0 1.1219401e-13
1492.0 1.2823976e-13
1494.0 1.4429056e-13
1496.0 1.4893329e-13
1498.0 1.8272898e-13
1500.0 1.9632061e-13
1502.0 2.0462869e-13
1504.0 2.6050172e-13
1506.0 2.661404e-13
1508.0 2.4482402e-13
1510.0 2.6986505e-13
1512.0 2.8761894e-13
1514.0 3.2667743e-13
1516.0 3.5256742e-13
1518.0 3.7917884e-13
1520.0 3.941315e-13
1522.0 3.9544575e-13
1524.0 4.1743537e-13
1526.0 4.6210995e-13
1528.0 4.891474e-13
1530.0 4.960519e-13
1532.0 5.370501e-13
1534.0 5.561239e-13
1536.0 5.440354e-13
1538.0 6.0052234e-13
1540.0 6.540815e-13
1542.0 7.874138e-13
1544.0 9.38751e-13
1546.0 1.0193173e-12
1548.0 9.083175e-13
1550.0 7.152453e-13
1552.0 6.175408e-13
1554.0 5.423214e-13
1556.0 4.7701665e-13
1558.0 4.455429e-13
1560.0 4.2032637e-13
1562.0 3.7558807e-13
1564.0 3.148434e-13
1566.0 3.0137015e-13
1568.0 2.799993e-13
1570.0 2.7086425e-13
1572.0 2.810132e-13
1574.0 2.849165e-13
1576.0 2.575706e-13
1578.0 2.2880555e-13
1580.0 2.525723e-13
1582.0 2.437105e-13
1584.0 2.1092923e-13
1586.0 1.9647157e-13
1588.0 1.8042e-13
1590.0 1.6244478e-13
1592.0 1.8676503e-13
1594.0 2.1583255e-13
1596.0 1.8806179e-13
1598.0 1.6645992e-13
1600.0 1.6270896e-13
1602.0 1.5724683e-13
1604.0 1.5672386e-13
1606.0 1.4827737e-13
1608.0 1.4076068e-13
1610.0 1.3260023e-13
1612.0 1.3450027e-13
1614.0 1.3754834e-13
1616.0 1.4010046e-13
1618.0 1.4009708e-13
1620.0 1.33176e-13
1622.0 1.4068004e-13
1624.0 1.7071144e-13
1626.0 1.6895267e-13
1628.0 1.7635372e-13
1630.0 1.90354e-13
1632.0 1.9580869e-13
1634.0 1.9237987e-13
1636.0 2.0252315e-13
1638.0 1.8741371e-13
1640.0 1.4878585e-13
1642.0 1.4621836e-13
1644.0 1.7441003e-13
1646.0 1.6784886e-13
1648.0 1.7564915e-13
1650.0 1.6807642e-13
1652.0 1.3384206e-13
1654.0 1.3943812e-13
1656.0 1.4570871e-13
1658.0 1.5975307e-13
1660.0 1.7465378e-13
1662.0 1.7035044e-13
1664.0 1.531294e-13
1666.0 1.3644371e-13
1668.0 1.1927425e-13
1670.0 1.0289832e-13
1672.0 1.1948922e-13
1674.0 1.1618786e-13
1676.0 1.0299643e-13
1678.0 8.712688e-14
1680.0 8.8534215e-14
1682.0 9.4260544e-14
1684.0 1.1439921e-13
1686.0 1.0352202e-13
1688.0 9.141684e-14
1690.0 1.10620504e-13
1692.0 1.2556328e-13
1694.0 1.1892196e-13
1696.0 1.2060508e-13
1698.0 1.2001726e-13
1700.0 1.217311e-13
1702.0 1.170429e-13
1704.0 1.1887392e-13
1706.0 1.2748335e-13
1708.0 1.2141208e-13
1710.0 1.3603444e-13
1712.0 1.508724e-13
1714.0 1.3269694e-13
1716.0 1.2155453e-13
1718.0 1.1855485e-13
1720.0 1.1717019e-13
1722.0 1.1005645e-13
1724.0 1.043716e-13
1726.0 1.02885216e-13
1728.0 1.0921766e-13
1730.0 1.07385306e-13
1732.0 1.0000637e-13
1734.0 1.0204078e-13
1736.0 1.04646984e-13
1738.0 1.0399892e-13
1740.0 1.0053835e-13
1742.0 1.052508e-13
1744.0 1.02231666e-13
1746.0 1.051644e-13
1748.0 1.1102692e-13
1750.0 1.165497e-13
1752.0 1.1150776e-13
1754.0 1.03372335e-13
1756.0 9.905367e-14
1758.0 9.474406e-14
1760.0 9.261422e-14
1762.0 9.625055e-14
1764.0 9.2534934e-14
1766.0 9.2586976e-14
1768.0 9.834107e-14
1770.0 9.6601404e-14
1772.0 1.0278134e-13
1774.0 1.09170675e-13
1776.0 1.01385026e-13
1778.0 1.06029545e-13
1780.0 1.0128422e-13
1782.0 1.0187533e-13
1784.0 1.02164784e-13
1786.0 1.0052135e-13
1788.0 1.0399731e-13
1790.0 1.07080835e-13
1792.0 1.1355701e-13
1794.0 1.0992409e-13
1796.0 1.0897619e-13
1798.0 1.0871398e-13
1800.0 1.0712645e-13
1802.0 1.0976827e-13
1804.0 1.1237548e-13
1806.0 1.2289785e-13
1808.0 1.1629583e-13
1810.0 1.1586988e-13
1812.0 1.1842709e-13
1814.0 1.1173768e-13
1816.0 9.831107e-14
1818.0 9.8219996e-14
1820.0 9.51941e-14
1822.0 9.743761e-14
1824.0 1.03288824e-13
1826.0 1.0848124e-13
1828.0 1.1909183e-13
1830.0 1.1821169e-13
1832.0 1.1560329e-13
1834.0 1.1722604e-13
1836.0 1.1140742e-13
1838.0 1.09219335e-13
1840.0 1.0956671e-13
1842.0 1.1371795e-13
1844.0 1.2401697e-13
1846.0 1.3471308e-13
1848.0 1.3800823e-13
1850.0 1.2890012e-13
1852.0 1.1248634e-13
1854.0 1.06027444e-13
1856.0 1.13284775e-13
1858.0 1.1734064e-13
1860.0 1.171244e-13
1862.0 1.1451659e-13
1864.0 1.1460037e-13
1866.0 1.1541762e-13
1868.0 1.0980491e-13
1870.0 1.11743825e-13
1872.0 1.205119e-13
1874.0 1.2603151e-13
1876.0 1.3162691e-13
1878.0 1.395527e-13
1880.0 1.3617072e-13
1882.0 1.3385617e-13
1884.0 1.4115162e-13
1886.0 1.4744e-13
1888.0 1.5881883e-13
1890.0 1.7491862e-13
1892.0 1.8708396e-13
1894.0 1.892836e-13
1896.0 2.0072518e-13
1898.0 2.1292613e-13
1900.0 2.311955e-13
1902.0 2.5347294e-13
1904.0 2.6839409e-13
1906.0 2.5586307e-13
1908.0 2.3225486e-13
1910.0 2.0655958e-13
1912.0 1.7442649e-13
1914.0 1.4709947e-13
1916.0 1.3464863e-13
1918.0 1.2969882e-13
1920.0 1.2545938e-13
1922.0 1.2121016e-13
1924.0 1.144276e-13
1926.0 9.4906904e-14
1928.0 1.08011066e-13
1930.0 5.245244e-14
1932.0 5.741036e-14
1934.0 7.961838e-14
1936.0 9.9285814e-14
1938.0 1.2824962e-13
1940.0 1.1609809e-13
1942.0 1.0594831e-13
1944.0 1.294075e-13
1946.0 1.037496e-13
1948.0 7.927105e-14
1950.0 1.1587675e-13
1952.0 1.195089e-13
1954.0 6.989977e-14
1956.0 5.282046e-14
1958.0 3.7486958e-14
1960.0 2.9353503e-14
1962.0 4.4897252e-14
1964.0 6.8353783e-14
1966.0 8.398155e-14
1968.0 8.749116e-14
1970.0 4.9047365e-14
1972.0 2.9074128e-14
1974.0 6.2332694e-14
1976.0 9.266894e-14
1978.0 9.0945114e-14
1980.0 8.6019896e-14
1982.0 1.0536966e-13
1984.0 9.9052365e-14
1986.0 7.1919684e-14
1988.0 6.011451e-14
1990.0 6.5108793e-14
1992.0 3.487658e-14
1994.0 2.1826282e-14
1996.0 4.5154222e-14
1998.0 6.731319e-14
2000.0 1.004472e-13
2002.0 1.020697e-13
2004.0 9.402136e-14
2006.0 8.575077e-14
2008.0 8.6991524e-14
2010.0 7.5459875e-14
2012.0 5.2618097e-14
2014.0 4.5340224e-14
2016.0 4.7237083e-14
2018.0 5.263936e-14
2020.0 7.96016e-14
2022.0 1.0223951e-13
2024.0 1.2697544e-13
2026.0 9.703171e-14
2028.0 6.8540165e-14
2030.0 8.346786e-14
2032.0 1.244674e-13
2034.0 1.3249982e-13
2036.0 1.2050183e-13
2038.0 8.6936914e-14
2040.0 8.884485e-14
2042.0 1.2355512e-13
2044.0 1.5289991e-13
2046.0 1.3223705e-13
2048.0 1.12841357e-13
2050.0 1.1744041e-13
2052.0 1.1847989e-13
2054.0 1.0177963e-13
2056.0 7.2296695e-14
2058.0 6.0418094e-14
2060.0 8.7803144e-14
2062.0 1.11150604e-13
2064.0 9.825646e-14
2066.0 1.00597976e-13
2068.0 9.733026e-14
2070.0 7.80096e-14
2072.0 6.582225e-14
2074.0 9.27901e-14
2076.0 1.1806409e-13
2078.0 1.01082025e-13
2080.0 7.991827e-14
2082.0 1.01822996e-13
2084.0 1.1737131e-13
2086.0 9.550231e-14
2088.0 1.0752618e-13
2090.0 1.2749036e-13
2092.0 1.294166e-13
2094.0 1.082642e-13
2096.0 9.5743156e-14
2098.0 9.9763344e-14
2100.0 1.0941258e-13
2102.0 7.4728553e-14
2104.0 8.5786365e-14
2106.0 9.613522e-14
2108.0 7.44143e-14
2110.0 7.3706056e-14
2112.0 8.9158925e-14
2114.0 1.0331786e-13
2116.0 1.1052727e-13
2118.0 8.3241445e-14
2120.0 6.945498e-14
2122.0 1.02389824e-13
2124.0 9.786024e-14
2126.0 5.75602e-14
2128.0 6.181988e-14
2130.0 1.0518956e-13
2132.0 9.228939e-14
2134.0 7.287001e-14
2136.0 7.0148565e-14
2138.0 6.6897354e-14
2140.0 7.976329e-14
2142.0 9.957228e-14
2144.0 1.1728011e-13
2146.0 1.1459307e-13
2148.0 1.1391215e-13
2150.0 1.08642153e-13
2152.0 1.0709588e-13
2154.0 1.055445e-13
2156.0 1.0398933e-13
2158.0 1.02433436e-13
2160.0 1.0083108e-13
2162.0 9.485356e-14
2164.0 8.573721e-14
2166.0 7.4813094e-14
2168.0 6.037141e-14
2170.0 6.155857e-14
2172.0 8.5139286e-14
2174.0 9.697377e-14
2176.0 1.00978647e-13
2178.0 9.977671e-14
2180.0 7.628725e-14
2182.0 5.64535e-14
2184.0 6.649051e-14
2186.0 7.336164e-14
2188.0 7.350983e-14
2190.0 7.7914244e-14
2192.0 6.712146e-14
2194.0 7.280555e-14
2196.0 8.1213987e-14
2198.0 9.551909e-14
2200.0 9.882924e-14
2202.0 8.2023364e-14
2204.0 6.936841e-14
2206.0 6.14543e-14
2208.0 6.446716e-14
2210.0 8.305156e-14
2212.0 9.861549e-14
2214.0 1.0619031e-13
2216.0 1.1863245e-13
2218.0 1.2040687e-13
2220.0 1.0437917e-13
2222.0 1.0065918e-13
2224.0 8.9608e-14
2226.0 7.8271957e-14
2228.0 9.5352064e-14
2230.0 1.0795463e-13
2232.0 9.034954e-14
2234.0 6.4420474e-14
2236.0 7.150144e-14
2238.0 6.187421e-14
2240.0 5.3667164e-14
2242.0 6.7438215e-14
2244.0 6.530009e-14
2246.0 6.468952e-14
2248.0 7.5718484e-14
2250.0 7.236054e-14
2252.0 7.460672e-14
2254.0 8.9337656e-14
2256.0 8.2746276e-14
2258.0 8.845804e-14
2260.0 1.07435775e-13
2262.0 1.099818e-13
2264.0 9.980936e-14
2266.0 1.080559e-13
2268.0 1.2002937e-13
2270.0 1.2125568e-13
2272.0 1.2234263e-13
2274.0 1.3340984e-13
2276.0 1.05709644e-13
2278.0 7.5166165e-14
2280.0 7.483199e-14
2282.0 7.716065e-14
2284.0 8.56706e-14
2286.0 1.0136744e-13
2288.0 1.12662104e-13
2290.0 1.2613256e-13
2292.0 1.2352393e-13
2294.0 1.1248437e-13
2296.0 1.1601221e-13
2298.0 1.1066084e-13
2300.0 1.030057e-13
2302.0 1.2260889e-13
2304.0 1.414026e-13
2306.0 1.2465914e-13
2308.0 1.3228034e-13
2310.0 1.308721e-13
2312.0 1.2255937e-13
2314.0 1.02563316e-13
2316.0 9.522797e-14
2318.0 1.179045e-13
2320.0 1.2282798e-13
2322.0 1.00077336e-13
2324.0 9.749026e-14
2326.0 1.1683387e-13
2328.0 1.2118912e-13
2330.0 1.09339085e-13
2332.0 9.467876e-14
2334.0 9.988479e-14
2336.0 1.1857151e-13
2338.0 1.3040793e-13
2340.0 1.2811e-13
2342.0 1.11032284e-13
2344.0 1.05714984e-13
2346.0 9.57564e-14
2348.0 7.351693e-14
2350.0 8.146261e-14
2352.0 9.441301e-14
2354.0 1.08766755e-13
2356.0 1.3591979e-13
2358.0 1.2941575e-13
2360.0 9.900127e-14
2362.0 7.812308e-14
2364.0 8.470963e-14
2366.0 8.069631e-14
2368.0 7.619033e-14
2370.0 7.948667e-14
2372.0 7.309646e-14
2374.0 7.6135136e-14
2376.0 7.5432865e-14
2378.0 6.849081e-14
2380.0 7.475004e-14
2382.0 9.380833e-14
2384.0 1.1674616e-13
2386.0 1.3536011e-13
2388.0 1.0868177e-13
2390.0 9.0747214e-14
2392.0 7.116264e-14
2394.0 6.3233774e-14
2396.0 8.328569e-14
2398.0 9.185531e-14
2400.0 8.2515836e-14
2402.0 1.07051913e-13
2404.0 1.1707298e-13
2406.0 1.178183e-13
2408.0 9.999474e-14
2410.0 9.935408e-14
2412.0 1.2016519e-13
2414.0 1.2121761e-13
2416.0 9.787573e-14
2418.0 1.2625838e-13
2420.0 1.4521904e-13
2422.0 1.2448843e-13
2424.0 1.0013843e-13
2426.0 1.0887788e-13
2428.0 1.09435654e-13
2430.0 9.2186905e-14
2432.0 9.665914e-14
2434.0 1.02156714e-13
2436.0 1.10478744e-13
2438.0 1.10435566e-13
2440.0 1.0091304e-13
2442.0 1.0606377e-13
2444.0 1.1370198e-13
2446.0 9.335521e-14
2448.0 7.659965e-14
2450.0 8.834253e-14
2452.0 9.861375e-14
2454.0 1.0797929e-13
2456.0 1.2384714e-13
2458.0 1.1345532e-13
2460.0 1.1467993e-13
2462.0 1.1890864e-13
2464.0 1.1271383e-13
2466.0 1.1134921e-13
2468.0 1.2154359e-13
2470.0 1.2292999e-13
2472.0 1.1407237e-13
2474.0 1.1045884e-13
2476.0 1.07695116e-13
2478.0 9.989662e-14
2480.0 1.0253382e-13
2482.0 1.18267e-13
2484.0 1.2999051e-13
2486.0 1.3006476e-13
2488.0 1.2099901e-13
2490.0 1.00948946e-13
2492.0 1.05895287e-13
2494.0 1.2709232e-13
2496.0 1.3473291e-13
2498.0 1.2328276e-13
2500.0 1.10161866e-13
2502.0 1.1755084e-13
2504.0 1.1001416e-13
2506.0 1.1490957e-13
2508.0 1.1397197e-13
2510.0 9.7244376e-14
2512.0 1.12804196e-13
2514.0 1.2771368e-13
2516.0 1.11054964e-13
2518.0 1.0182523e-13
2520.0 1.0896015e-13
2522.0 1.1543181e-13
2524.0 1.1002746e-13
2526.0 1.0387476e-13
2528.0 1.0169675e-13
2530.0 1.07217065e-13
2532.0 9.8733366e-14
2534.0 7.391514e-14
2536.0 5.054455e-14
2538.0 4.3672328e-14
2540.0 4.7858317e-14
2542.0 5.9875e-14
2544.0 7.8759366e-14
2546.0 9.021136e-14
2548.0 9.739525e-14
2550.0 9.2697646e-14
2552.0 8.7161134e-14
2554.0 8.357148e-14
2556.0 7.8051755e-14
2558.0 8.644862e-14
2560.0 1.0156887e-13
2562.0 1.0330629e-13
2564.0 9.84783e-14
2566.0 8.9127605e-14
2568.0 8.7437185e-14
2570.0 9.449225e-14
2572.0 1.02462926e-13
2574.0 1.1224823e-13
2576.0 1.1483817e-13
2578.0 9.202348e-14
2580.0 8.178039e-14
2582.0 9.6491805e-14
2584.0 1.10195985e-13
2586.0 1.04037526e-13
2588.0 1.07037575e-13
2590.0 1.01990167e-13
2592.0 8.174304e-14
2594.0 7.444699e-14
2596.0 8.2755e-14
2598.0 8.9945114e-14
2600.0 8.8686565e-14
2602.0 9.309828e-14
2604.0 9.164839e-14
2606.0 8.748693e-14
2608.0 8.242837e-14
2610.0 7.612176e-14
2612.0 7.211119e-14
2614.0 8.979652e-14
2616.0 9.316189e-14
2618.0 8.3619946e-14
2620.0 8.0959355e-14
2622.0 8.816211e-14
2624.0 9.910633e-14
2626.0 9.6751275e-14
2628.0 8.854919e-14
2630.0 8.596193e-14
2632.0 9.3898596e-14
2634.0 9.6471455e-14
2636.0 9.5572164e-14
2638.0 9.5331966e-14
2640.0 8.666739e-14
2642.0 8.038009e-14
2644.0 8.7134727e-14
2646.0 9.377126e-14
2648.0 9.020443e-14
2650.0 7.956211e-14
2652.0 7.60202e-14
2654.0 7.591777e-14
2656.0 7.981603e-14
2658.0 8.0805364e-14
2660.0 8.124038e-14
2662.0 7.765513e-14
2664.0 8.075676e-14
2666.0 8.766963e-14
2668.0 8.966371e-14
2670.0 8.2733015e-14
2672.0 8.134945e-14
2674.0 8.049243e-14
