instruments/deimos/GG400_5000_900ZD.txt
# %ECSV 0.9
# ---
# datatype:
# - {name: wav, datatype: float32}
# - {name: eff, datatype: float64}
# - {name: eff_unc, datatype: float64}
# meta: !!omap
# - {Filter: GG400}
# - {cwav: '5000'}
# - {Grating: 900ZD}
# schema: astropy-2.0
wav eff eff_unc
[from data line 641]
5803.000 0.22091 0.00580
5805.640 0.22101 0.00581
5808.280 0.22111 0.00582
5811.360 0.22123 0.00583
5814.000 0.22134 0.00584
5816.640 0.22144 0.00585
5819.720 0.22155 0.00586
5822.360 0.22166 0.00587
5825.000 0.22176 0.00587
5828.080 0.22187 0.00588
5830.720 0.22197 0.00589
5833.360 0.22207 0.00590
5836.440 0.22219 0.00591
5839.080 0.22228 0.00592
5842.160 0.22240 0.00593
5844.800 0.22250 0.00594
5847.440 0.22259 0.00595
5850.520 0.22271 0.00596
5853.160 0.22280 0.00597
5855.800 0.22290 0.00598
5858.880 0.22301 0.00599
5861.520 0.22310 0.00599
5864.160 0.22320 0.00600
5867.240 0.22331 0.00601
5869.880 0.22340 0.00602
5872.520 0.22349 0.00603
5875.600 0.22360 0.00604
5878.240 0.22370 0.00605
5880.880 0.22379 0.00605
5883.960 0.22389 0.00606
5886.600 0.22399 0.00607
5889.680 0.22409 0.00608
5892.320 0.22418 0.00609
5894.960 0.22427 0.00610
5898.040 0.22438 0.00611
5900.680 0.22446 0.00612
5903.320 0.22455 0.00612
5906.400 0.22466 0.00613
5909.040 0.22474 0.00614
5911.680 0.22483 0.00615
5914.760 0.22493 0.00616
5917.400 0.22502 0.00617
5920.040 0.22511 0.00618
5923.120 0.22521 0.00618
5925.760 0.22529 0.00619
5928.840 0.22539 0.00620
5931.480 0.22547 0.00621
5934.120 0.22556 0.00622
5937.200 0.22566 0.00623
5939.840 0.22574 0.00623
5942.480 0.22582 0.00624
5945.560 0.22592 0.00625
5948.200 0.22600 0.00626
5950.840 0.22608 0.00627
5953.920 0.22618 0.00628
5956.560 0.22626 0.00628
5959.200 0.22634 0.00629
5962.280 0.22643 0.00630
5964.920 0.22651 0.00631
5968.000 0.22660 0.00632
5970.640 0.22668 0.00632
5973.280 0.22676 0.00633
5976.360 0.22685 0.00634
5979.000 0.22693 0.00635
5981.640 0.22701 0.00635
5984.720 0.22710 0.00636
5987.360 0.22717 0.00637
5990.000 0.22725 0.00638
5993.080 0.22734 0.00639
5995.720 0.22741 0.00639
5998.360 0.22749 0.00640
6001.440 0.22757 0.00641
6004.080 0.22765 0.00641
6006.720 0.22772 0.00642
6009.800 0.22781 0.00643
6012.440 0.22788 0.00644
6015.520 0.22796 0.00645
6018.160 0.22804 0.00645
6020.800 0.22811 0.00646
6023.880 0.22819 0.00647
6026.520 0.22826 0.00647
6029.160 0.22833 0.00648
6032.240 0.22841 0.00649
6034.880 0.22848 0.00650
6037.520 0.22855 0.00650
6040.600 0.22863 0.00651
6043.240 0.22870 0.00652
6045.880 0.22877 0.00652
6048.960 0.22885 0.00653
6051.600 0.22891 0.00654
6054.680 0.22899 0.00655
6057.320 0.22906 0.00655
6059.960 0.22912 0.00656
6063.040 0.22920 0.00657
6065.680 0.22926 0.00657
6068.320 0.22933 0.00658
6071.400 0.22940 0.00659
6074.040 0.22947 0.00659
6076.680 0.22953 0.00660
6079.760 0.22960 0.00661
6082.400 0.22967 0.00661
6085.040 0.22973 0.00662
6088.120 0.22980 0.00663
6090.760 0.22986 0.00663
6093.400 0.22992 0.00664
6096.480 0.22999 0.00665
6099.120 0.23005 0.00665
6102.200 0.23012 0.00666
6104.840 0.23018 0.00666
6107.480 0.23024 0.00667
6110.560 0.23031 0.00668
6113.200 0.23037 0.00668
6115.840 0.23043 0.00669
6118.920 0.23049 0.00670
6121.560 0.23055 0.00670
6124.200 0.23061 0.00671
6127.280 0.23067 0.00671
6129.920 0.23073 0.00672
6132.560 0.23079 0.00672
6135.640 0.23085 0.00673
6138.280 0.23090 0.00674
6141.360 0.23097 0.00674
6144.000 0.23102 0.00675
6146.640 0.23107 0.00675
6149.720 0.23114 0.00676
6152.360 0.23119 0.00677
6155.000 0.23124 0.00677
6158.080 0.23130 0.00678
6160.720 0.23135 0.00678
6163.360 0.23141 0.00679
6166.440 0.23146 0.00679
6169.080 0.23151 0.00680
6171.720 0.23156 0.00680
6174.800 0.23162 0.00681
6177.440 0.23167 0.00681
6180.080 0.23172 0.00682
6183.160 0.23178 0.00682
6185.800 0.23183 0.00683
6188.880 0.23188 0.00684
6191.520 0.23193 0.00684
6194.160 0.23197 0.00684
6197.240 0.23203 0.00685
6199.880 0.23207 0.00685
6202.520 0.23212 0.00686
6205.600 0.23217 0.00687
6208.240 0.23222 0.00687
6210.880 0.23226 0.00687
6213.960 0.23231 0.00688
6216.600 0.23236 0.00688
6219.240 0.23240 0.00689
6222.320 0.23245 0.00689
6224.960 0.23249 0.00690
6228.040 0.23254 0.00690
6230.680 0.23258 0.00691
6233.320 0.23263 0.00691
6236.400 0.23267 0.00692
6239.040 0.23271 0.00692
6241.680 0.23275 0.00692
6244.760 0.23280 0.00693
6247.400 0.23284 0.00693
6250.040 0.23288 0.00694
6253.120 0.23293 0.00694
6255.760 0.23296 0.00695
6258.400 0.23300 0.00695
6261.480 0.23304 0.00695
6264.120 0.23308 0.00696
6266.760 0.23312 0.00696
6269.840 0.23316 0.00697
6272.480 0.23320 0.00697
6275.560 0.23324 0.00697
6278.200 0.23327 0.00698
6280.840 0.23330 0.00698
6283.920 0.23334 0.00698
6286.560 0.23337 0.00699
6289.200 0.23340 0.00699
6292.280 0.23344 0.00699
6294.920 0.23347 0.00700
6297.560 0.23350 0.00700
6300.640 0.23353 0.00700
6303.280 0.23357 0.00700
6305.920 0.23360 0.00701
6309.000 0.23363 0.00701
6311.640 0.23366 0.00701
6314.720 0.23370 0.00702
6317.360 0.23373 0.00702
6320.000 0.23376 0.00702
6323.080 0.23379 0.00703
6325.720 0.23383 0.00703
6328.360 0.23386 0.00703
6331.440 0.23389 0.00704
6334.080 0.23392 0.00704
6336.720 0.23395 0.00704
6339.800 0.23399 0.00705
6342.440 0.23402 0.00705
6345.080 0.23405 0.00705
6348.160 0.23408 0.00705
6350.800 0.23410 0.00706
6353.440 0.23413 0.00706
6356.520 0.23415 0.00706
6359.160 0.23418 0.00706
6362.240 0.23421 0.00707
6364.880 0.23423 0.00707
6367.520 0.23425 0.00707
6370.600 0.23428 0.00707
6373.240 0.23430 0.00708
6375.880 0.23432 0.00708
6378.960 0.23435 0.00708
6381.600 0.23437 0.00708
6384.240 0.23439 0.00708
6387.320 0.23441 0.00709
6389.960 0.23443 0.00709
6392.600 0.23445 0.00709
6395.680 0.23448 0.00709
6398.320 0.23450 0.00709
6401.400 0.23452 0.00709
6404.040 0.23454 0.00710
6406.680 0.23455 0.00710
6409.760 0.23457 0.00710
6412.400 0.23459 0.00710
6415.040 0.23461 0.00710
6418.120 0.23463 0.00710
6420.760 0.23464 0.00710
6423.400 0.23466 0.00710
6426.480 0.23468 0.00711
6429.120 0.23469 0.00711
6431.760 0.23470 0.00711
6434.840 0.23472 0.00711
6437.480 0.23473 0.00711
6440.120 0.23475 0.00711
6443.200 0.23476 0.00711
6445.840 0.23478 0.00711
6448.920 0.23479 0.00711
6451.560 0.23480 0.00711
6454.200 0.23481 0.00711
6457.280 0.23483 0.00711
6459.920 0.23484 0.00711
6462.560 0.23485 0.00712
6465.640 0.23486 0.00712
6468.280 0.23487 0.00712
6470.920 0.23488 0.00712
6474.000 0.23489 0.00712
6476.640 0.23490 0.00712
6479.280 0.23490 0.00712
6482.360 0.23491 0.00712
6485.000 0.23492 0.00712
6488.080 0.23493 0.00712
6490.720 0.23494 0.00712
6493.360 0.23494 0.00712
6496.440 0.23495 0.00712
6499.080 0.23496 0.00712
6501.720 0.23496 0.00712
6504.800 0.23497 0.00711
6507.440 0.23497 0.00711
6510.080 0.23497 0.00711
6513.160 0.23498 0.00711
6515.800 0.23498 0.00711
6518.440 0.23499 0.00711
6521.520 0.23499 0.00711
6524.160 0.23499 0.00711
6527.240 0.23499 0.00711
6529.880 0.23499 0.00711
6532.520 0.23500 0.00711
6535.600 0.23500 0.00711
6538.240 0.23500 0.00711
6540.880 0.23499 0.00710
6543.960 0.23499 0.00710
6546.600 0.23498 0.00710
6549.240 0.23498 0.00710
6552.320 0.23497 0.00710
6554.960 0.23497 0.00709
6557.600 0.23496 0.00709
6560.680 0.23496 0.00709
6563.320 0.23496 0.00709
6565.960 0.23495 0.00709
6569.040 0.23495 0.00708
6571.680 0.23494 0.00708
6574.760 0.23494 0.00708
6577.400 0.23493 0.00708
6580.040 0.23493 0.00708
6583.120 0.23492 0.00707
6585.760 0.23492 0.00707
6588.400 0.23491 0.00707
6591.480 0.23491 0.00707
6594.120 0.23490 0.00707
6596.760 0.23490 0.00707
6599.840 0.23489 0.00706
6602.480 0.23489 0.00706
6605.120 0.23489 0.00706
6608.200 0.23488 0.00706
6610.840 0.23488 0.00706
6613.920 0.23487 0.00705
6616.560 0.23486 0.00705
6619.200 0.23485 0.00705
6622.280 0.23483 0.00704
6624.920 0.23482 0.00704
6627.560 0.23481 0.00704
6630.640 0.23480 0.00704
6633.280 0.23479 0.00703
6635.920 0.23478 0.00703
6639.000 0.23476 0.00703
6641.640 0.23475 0.00702
6644.280 0.23473 0.00702
6647.360 0.23472 0.00702
6650.000 0.23470 0.00701
6652.640 0.23469 0.00701
6655.720 0.23467 0.00700
6658.360 0.23466 0.00700
6661.440 0.23464 0.00700
6664.080 0.23463 0.00699
6666.720 0.23461 0.00699
6669.800 0.23459 0.00698
6672.440 0.23457 0.00698
6675.080 0.23456 0.00698
6678.160 0.23454 0.00697
6680.800 0.23452 0.00697
6683.440 0.23450 0.00696
6686.520 0.23448 0.00696
6689.160 0.23446 0.00696
6691.800 0.23444 0.00695
6694.880 0.23442 0.00695
6697.520 0.23440 0.00694
6700.600 0.23437 0.00694
6703.240 0.23435 0.00693
6705.880 0.23433 0.00693
6708.960 0.23431 0.00692
6711.600 0.23429 0.00692
6714.240 0.23426 0.00691
6717.320 0.23424 0.00691
6719.960 0.23422 0.00690
6722.600 0.23419 0.00690
6725.680 0.23417 0.00689
6728.320 0.23414 0.00689
6730.960 0.23412 0.00688
6734.040 0.23409 0.00687
6736.680 0.23407 0.00687
6739.320 0.23404 0.00686
6742.400 0.23401 0.00686
6745.040 0.23398 0.00685
6748.120 0.23395 0.00685
6750.760 0.23393 0.00684
6753.400 0.23390 0.00683
6756.480 0.23387 0.00683
6759.120 0.23384 0.00682
6761.760 0.23381 0.00682
6764.840 0.23378 0.00681
6767.480 0.23375 0.00680
6770.120 0.23372 0.00680
6773.200 0.23369 0.00679
6775.840 0.23366 0.00678
6778.480 0.23363 0.00678
6781.560 0.23359 0.00677
6784.200 0.23356 0.00676
6787.280 0.23353 0.00676
6789.920 0.23350 0.00675
6792.560 0.23346 0.00674
6795.640 0.23343 0.00673
6798.280 0.23340 0.00673
6800.920 0.23336 0.00672
