instruments/deimos/GG400_1200G.txt
# %ECSV 0.9
# ---
# datatype:
# - {name: wav, datatype: float32}
# - {name: eff, datatype: float64}
# - {name: eff_unc, datatype: float64}
# meta: !!omap
# - {Filter: GG400}
# - {cwav: '5000'}
# - {Grating: 1200G}
# schema: astropy-2.0
wav eff eff_unc
[from data line 641]
5512.160 0.13621 0.00305
5514.800 0.13653 0.00305
5517.110 0.13682 0.00306
5519.420 0.13711 0.00306
5521.730 0.13739 0.00307
5524.040 0.13768 0.00307
5526.350 0.13797 0.00308
5528.660 0.13826 0.00308
5530.970 0.13855 0.00309
5533.280 0.13883 0.00309
5535.920 0.13916 0.00310
5538.230 0.13945 0.00310
5540.540 0.13974 0.00311
5542.850 0.14003 0.00311
5545.160 0.14032 0.00312
5547.470 0.14061 0.00312
5549.780 0.14090 0.00313
5552.090 0.14119 0.00313
5554.400 0.14148 0.00314
5557.040 0.14182 0.00314
5559.350 0.14211 0.00315
5561.660 0.14240 0.00315
5563.970 0.14269 0.00316
5566.280 0.14299 0.00316
5568.590 0.14328 0.00317
5570.900 0.14357 0.00317
5573.210 0.14387 0.00318
5575.520 0.14416 0.00318
5578.160 0.14450 0.00319
5580.470 0.14479 0.00319
5582.780 0.14509 0.00320
5585.090 0.14538 0.00320
5587.400 0.14568 0.00321
5589.710 0.14597 0.00321
5592.020 0.14627 0.00322
5594.330 0.14656 0.00322
5596.970 0.14690 0.00323
5599.280 0.14720 0.00323
5601.590 0.14750 0.00324
5603.900 0.14780 0.00324
5606.210 0.14809 0.00325
5608.520 0.14839 0.00325
5610.830 0.14869 0.00326
5613.140 0.14899 0.00327
5615.450 0.14929 0.00327
5618.090 0.14963 0.00328
5620.400 0.14993 0.00328
5622.710 0.15023 0.00329
5625.020 0.15053 0.00329
5627.330 0.15083 0.00330
5629.640 0.15113 0.00330
5631.950 0.15143 0.00331
5634.260 0.15173 0.00331
5636.570 0.15204 0.00332
5639.210 0.15238 0.00333
5641.520 0.15268 0.00333
5643.830 0.15299 0.00334
5646.140 0.15329 0.00334
5648.450 0.15359 0.00335
5650.760 0.15390 0.00335
5653.070 0.15420 0.00336
5655.380 0.15450 0.00336
5657.690 0.15481 0.00337
5660.330 0.15516 0.00338
5662.640 0.15546 0.00338
5664.950 0.15577 0.00339
5667.260 0.15607 0.00339
5669.570 0.15638 0.00340
5671.880 0.15669 0.00340
5674.190 0.15699 0.00341
5676.500 0.15730 0.00341
5678.810 0.15761 0.00342
5681.450 0.15796 0.00343
5683.760 0.15827 0.00343
5686.070 0.15857 0.00344
5688.380 0.15888 0.00344
5690.690 0.15919 0.00345
5693.000 0.15950 0.00346
5695.310 0.15981 0.00346
5697.620 0.16012 0.00347
5699.930 0.16043 0.00347
5702.570 0.16078 0.00348
5704.880 0.16110 0.00348
5707.190 0.16141 0.00349
5709.500 0.16172 0.00350
5711.810 0.16203 0.00350
5714.120 0.16234 0.00351
5716.430 0.16265 0.00351
5718.740 0.16297 0.00352
5721.050 0.16328 0.00353
5723.690 0.16364 0.00353
5726.000 0.16395 0.00354
5728.310 0.16426 0.00354
5730.620 0.16458 0.00355
5732.930 0.16489 0.00356
5735.240 0.16521 0.00356
5737.550 0.16552 0.00357
5739.860 0.16584 0.00357
5742.500 0.16620 0.00358
5744.810 0.16651 0.00359
5747.120 0.16683 0.00359
5749.430 0.16714 0.00360
5751.740 0.16746 0.00361
5754.050 0.16778 0.00361
5756.360 0.16810 0.00362
5758.670 0.16841 0.00362
5760.980 0.16873 0.00363
5763.620 0.16909 0.00364
5765.930 0.16941 0.00364
5768.240 0.16973 0.00365
5770.550 0.17005 0.00366
5772.860 0.17037 0.00366
5775.170 0.17069 0.00367
5777.480 0.17101 0.00368
5779.790 0.17133 0.00368
5782.100 0.17165 0.00369
5784.740 0.17202 0.00370
5787.050 0.17234 0.00370
5789.360 0.17266 0.00371
5791.670 0.17298 0.00372
5793.980 0.17330 0.00372
5796.290 0.17363 0.00373
5798.600 0.17395 0.00374
5800.910 0.17427 0.00374
5803.220 0.17460 0.00375
5805.860 0.17497 0.00376
5808.170 0.17529 0.00376
5810.480 0.17561 0.00377
5812.790 0.17594 0.00378
5815.100 0.17626 0.00378
5817.410 0.17659 0.00379
5819.720 0.17691 0.00380
5822.030 0.17724 0.00380
5824.340 0.17757 0.00381
5826.980 0.17794 0.00382
5829.290 0.17827 0.00382
5831.600 0.17859 0.00383
5833.910 0.17892 0.00384
5836.220 0.17925 0.00385
5838.530 0.17958 0.00385
5840.840 0.17990 0.00386
5843.150 0.18023 0.00387
5845.460 0.18056 0.00387
5848.100 0.18094 0.00388
5850.410 0.18127 0.00389
5852.720 0.18160 0.00390
5855.030 0.18193 0.00390
5857.340 0.18226 0.00391
5859.650 0.18259 0.00392
5861.960 0.18292 0.00392
5864.270 0.18325 0.00393
5866.580 0.18358 0.00394
5869.220 0.18396 0.00395
5871.530 0.18429 0.00395
5873.840 0.18462 0.00396
5876.150 0.18496 0.00397
5878.460 0.18529 0.00398
5880.770 0.18562 0.00398
5883.080 0.18596 0.00399
5885.390 0.18629 0.00400
5888.030 0.18667 0.00401
5890.340 0.18701 0.00401
5892.650 0.18734 0.00402
5894.960 0.18768 0.00403
5897.270 0.18801 0.00404
5899.580 0.18835 0.00404
5901.890 0.18869 0.00405
5904.200 0.18902 0.00406
5906.510 0.18936 0.00407
5909.150 0.18974 0.00408
5911.460 0.19008 0.00408
5913.770 0.19042 0.00409
5916.080 0.19076 0.00410
5918.390 0.19109 0.00411
5920.700 0.19143 0.00411
5923.010 0.19177 0.00412
5925.320 0.19211 0.00413
5927.630 0.19245 0.00414
5930.270 0.19284 0.00415
5932.580 0.19318 0.00415
5934.890 0.19352 0.00416
5937.200 0.19386 0.00417
5939.510 0.19420 0.00418
5941.820 0.19454 0.00419
5944.130 0.19488 0.00419
5946.440 0.19522 0.00420
5948.750 0.19557 0.00421
5951.390 0.19596 0.00422
5953.700 0.19630 0.00423
5956.010 0.19664 0.00424
5958.320 0.19699 0.00425
5960.630 0.19733 0.00425
5962.940 0.19767 0.00426
5965.250 0.19802 0.00427
5967.560 0.19836 0.00428
5969.870 0.19871 0.00429
5972.510 0.19910 0.00430
5974.820 0.19945 0.00430
5977.130 0.19979 0.00431
5979.440 0.20014 0.00432
5981.750 0.20049 0.00433
5984.060 0.20083 0.00434
5986.370 0.20118 0.00435
5988.680 0.20153 0.00436
5990.990 0.20188 0.00437
5993.630 0.20227 0.00438
5995.940 0.20262 0.00438
5998.250 0.20297 0.00439
6000.560 0.20332 0.00440
6002.870 0.20367 0.00441
6005.180 0.20402 0.00442
6007.490 0.20437 0.00443
6009.800 0.20472 0.00444
6012.440 0.20512 0.00445
6014.750 0.20547 0.00446
6017.060 0.20582 0.00447
6019.370 0.20617 0.00447
6021.680 0.20652 0.00448
6023.990 0.20687 0.00449
6026.300 0.20723 0.00450
6028.610 0.20758 0.00451
6030.920 0.20793 0.00452
6033.560 0.20833 0.00453
6035.870 0.20869 0.00454
6038.180 0.20904 0.00455
6040.490 0.20939 0.00456
6042.800 0.20975 0.00457
6045.110 0.21010 0.00458
6047.420 0.21046 0.00459
6049.730 0.21081 0.00460
6052.040 0.21117 0.00461
6054.680 0.21158 0.00462
6056.990 0.21193 0.00463
6059.300 0.21229 0.00464
6061.610 0.21264 0.00465
6063.920 0.21300 0.00466
6066.230 0.21336 0.00467
6068.540 0.21372 0.00468
6070.850 0.21407 0.00469
6073.160 0.21443 0.00470
6075.800 0.21484 0.00471
6078.110 0.21520 0.00472
6080.420 0.21556 0.00473
6082.730 0.21592 0.00474
6085.040 0.21628 0.00475
6087.350 0.21664 0.00476
6089.660 0.21700 0.00477
6091.970 0.21736 0.00478
6094.280 0.21772 0.00479
6096.920 0.21813 0.00480
6099.230 0.21850 0.00481
6101.540 0.21886 0.00482
6103.850 0.21922 0.00483
6106.160 0.21958 0.00484
6108.470 0.21994 0.00485
6110.780 0.22031 0.00486
6113.090 0.22067 0.00487
6115.400 0.22103 0.00488
6118.040 0.22145 0.00490
6120.350 0.22181 0.00491
6122.660 0.22218 0.00492
6124.970 0.22254 0.00493
6127.280 0.22291 0.00494
6129.590 0.22327 0.00495
6131.900 0.22364 0.00496
6134.210 0.22401 0.00497
6136.520 0.22437 0.00498
6139.160 0.22479 0.00500
6141.470 0.22516 0.00501
6143.780 0.22553 0.00502
6146.090 0.22589 0.00503
6148.400 0.22626 0.00504
6150.710 0.22663 0.00505
6153.020 0.22700 0.00506
6155.330 0.22737 0.00507
6157.970 0.22779 0.00509
6160.280 0.22816 0.00510
6162.590 0.22853 0.00511
6164.900 0.22890 0.00512
6167.210 0.22927 0.00513
6169.520 0.22964 0.00514
6171.830 0.23001 0.00516
6174.140 0.23038 0.00517
6176.450 0.23075 0.00518
6179.090 0.23118 0.00519
6181.400 0.23155 0.00520
6183.710 0.23192 0.00522
6186.020 0.23229 0.00523
6188.330 0.23267 0.00524
6190.640 0.23304 0.00525
6192.950 0.23341 0.00526
6195.260 0.23379 0.00528
6197.570 0.23416 0.00529
6200.210 0.23459 0.00530
6202.520 0.23496 0.00531
6204.830 0.23534 0.00533
6207.140 0.23572 0.00534
6209.450 0.23609 0.00535
6211.760 0.23647 0.00536
6214.070 0.23684 0.00538
6216.380 0.23722 0.00539
6218.690 0.23760 0.00540
6221.330 0.23803 0.00541
6223.640 0.23841 0.00543
6225.950 0.23878 0.00544
6228.260 0.23916 0.00545
6230.570 0.23954 0.00547
6232.880 0.23992 0.00548
6235.190 0.24030 0.00549
6237.500 0.24068 0.00550
6239.810 0.24106 0.00552
6242.450 0.24149 0.00553
6244.760 0.24187 0.00554
6247.070 0.24225 0.00556
6249.380 0.24263 0.00557
6251.690 0.24301 0.00558
6254.000 0.24339 0.00560
6256.310 0.24378 0.00561
6258.620 0.24416 0.00562
6260.930 0.24454 0.00564
6263.570 0.24498 0.00565
6265.880 0.24536 0.00567
6268.190 0.24574 0.00568
6270.500 0.24613 0.00569
6272.810 0.24651 0.00571
6275.120 0.24690 0.00572
6277.430 0.24728 0.00573
6279.740 0.24767 0.00575
6282.050 0.24805 0.00576
6284.690 0.24850 0.00578
6287.000 0.24889 0.00579
6289.310 0.24928 0.00581
6291.620 0.24967 0.00582
6293.930 0.25005 0.00583
6296.240 0.25044 0.00585
6298.550 0.25083 0.00586
6300.860 0.25122 0.00588
6303.500 0.25167 0.00589
6305.810 0.25205 0.00591
6308.120 0.25244 0.00592
6310.430 0.25283 0.00594
6312.740 0.25322 0.00595
6315.050 0.25361 0.00597
6317.360 0.25400 0.00598
6319.670 0.25439 0.00600
6321.980 0.25478 0.00601
6324.620 0.25522 0.00603
6326.930 0.25561 0.00604
6329.240 0.25600 0.00606
6331.550 0.25639 0.00607
6333.860 0.25678 0.00609
6336.170 0.25716 0.00610
6338.480 0.25755 0.00611
6340.790 0.25794 0.00613
6343.100 0.25834 0.00614
6345.740 0.25878 0.00616
6348.050 0.25918 0.00618
6350.360 0.25957 0.00619
