instruments/deimos/GG400_5000_900ZD.txt
# %ECSV 0.9
# ---
# datatype:
# - {name: wav, datatype: float32}
# - {name: eff, datatype: float64}
# - {name: eff_unc, datatype: float64}
# meta: !!omap
# - {Filter: GG400}
# - {cwav: '5000'}
# - {Grating: 900ZD}
# schema: astropy-2.0
wav eff eff_unc
4000.320 0.04688 0.00170
4002.960 0.04730 0.00170
4006.040 0.04779 0.00170
4008.680 0.04821 0.00170
4011.320 0.04863 0.00170
4014.400 0.04912 0.00170
4017.040 0.04954 0.00170
4019.680 0.04995 0.00169
4022.760 0.05044 0.00169
4025.400 0.05086 0.00169
4028.480 0.05134 0.00169
4031.120 0.05176 0.00169
4033.760 0.05217 0.00169
4036.840 0.05266 0.00169
4039.480 0.05307 0.00169
4042.120 0.05349 0.00168
4045.200 0.05397 0.00168
4047.840 0.05438 0.00168
4050.480 0.05479 0.00168
4053.560 0.05527 0.00168
4056.200 0.05568 0.00168
4058.840 0.05609 0.00168
4061.920 0.05657 0.00168
4064.560 0.05698 0.00168
4067.640 0.05746 0.00167
4070.280 0.05786 0.00167
4072.920 0.05827 0.00167
4076.000 0.05875 0.00167
4078.640 0.05915 0.00167
4081.280 0.05956 0.00167
4084.360 0.06003 0.00167
4087.000 0.06044 0.00167
4089.640 0.06084 0.00167
4092.720 0.06131 0.00167
4095.360 0.06171 0.00167
4098.000 0.06212 0.00167
4101.080 0.06258 0.00167
4103.720 0.06299 0.00166
4106.360 0.06339 0.00166
4109.440 0.06385 0.00166
4112.080 0.06425 0.00166
4115.160 0.06472 0.00166
4117.800 0.06512 0.00166
4120.440 0.06551 0.00166
4123.520 0.06598 0.00166
4126.160 0.06637 0.00166
4128.800 0.06677 0.00166
4131.880 0.06723 0.00166
4134.520 0.06763 0.00166
4137.160 0.06802 0.00166
4140.240 0.06848 0.00166
4142.880 0.06888 0.00166
4145.520 0.06927 0.00166
4148.600 0.06973 0.00166
4151.240 0.07012 0.00166
4154.320 0.07057 0.00165
4156.960 0.07097 0.00165
4159.600 0.07136 0.00165
4162.680 0.07181 0.00165
4165.320 0.07220 0.00165
4167.960 0.07259 0.00165
4171.040 0.07304 0.00165
4173.680 0.07343 0.00165
4176.320 0.07381 0.00165
4179.400 0.07426 0.00165
4182.040 0.07465 0.00165
4184.680 0.07504 0.00165
4187.760 0.07548 0.00165
4190.400 0.07587 0.00165
4193.040 0.07625 0.00165
4196.120 0.07670 0.00165
4198.760 0.07708 0.00165
4201.840 0.07753 0.00165
4204.480 0.07791 0.00165
4207.120 0.07829 0.00165
4210.200 0.07873 0.00165
4212.840 0.07911 0.00165
4215.480 0.07949 0.00165
4218.560 0.07993 0.00165
4221.200 0.08031 0.00165
4223.840 0.08069 0.00165
4226.920 0.08113 0.00165
4229.560 0.08150 0.00165
4232.200 0.08188 0.00165
4235.280 0.08232 0.00165
4237.920 0.08269 0.00165
4241.000 0.08313 0.00165
4243.640 0.08350 0.00165
4246.280 0.08388 0.00165
4249.360 0.08431 0.00165
4252.000 0.08468 0.00165
4254.640 0.08505 0.00165
4257.720 0.08549 0.00165
4260.360 0.08586 0.00165
4263.000 0.08623 0.00165
4266.080 0.08666 0.00165
4268.720 0.08703 0.00165
4271.360 0.08739 0.00165
4274.440 0.08782 0.00165
4277.080 0.08819 0.00165
4280.160 0.08862 0.00165
4282.800 0.08898 0.00165
4285.440 0.08935 0.00165
4288.520 0.08978 0.00166
4291.160 0.09014 0.00166
4293.800 0.09050 0.00166
4296.880 0.09093 0.00166
4299.520 0.09129 0.00166
4302.160 0.09165 0.00166
4305.240 0.09207 0.00166
4307.880 0.09244 0.00166
4310.520 0.09280 0.00166
4313.600 0.09322 0.00166
4316.240 0.09358 0.00166
4318.880 0.09394 0.00166
4321.960 0.09435 0.00166
4324.600 0.09471 0.00166
4327.680 0.09513 0.00166
4330.320 0.09548 0.00166
4332.960 0.09584 0.00166
4336.040 0.09626 0.00167
4338.680 0.09661 0.00167
4341.320 0.09697 0.00167
4344.400 0.09738 0.00167
4347.040 0.09773 0.00167
4349.680 0.09809 0.00167
4352.760 0.09850 0.00167
4355.400 0.09885 0.00167
4358.040 0.09920 0.00167
4361.120 0.09961 0.00167
4363.760 0.09996 0.00167
4366.840 0.10037 0.00168
4369.480 0.10072 0.00168
4372.120 0.10107 0.00168
4375.200 0.10147 0.00168
4377.840 0.10182 0.00168
4380.480 0.10217 0.00168
4383.560 0.10257 0.00168
4386.200 0.10292 0.00168
4388.840 0.10326 0.00168
4391.920 0.10367 0.00169
4394.560 0.10401 0.00169
4397.200 0.10435 0.00169
4400.280 0.10475 0.00169
4402.920 0.10510 0.00169
4405.560 0.10544 0.00169
4408.640 0.10584 0.00169
4411.280 0.10618 0.00170
4414.360 0.10658 0.00170
4417.000 0.10692 0.00170
4419.640 0.10726 0.00170
4422.720 0.10765 0.00170
4425.360 0.10799 0.00170
4428.000 0.10833 0.00170
4431.080 0.10872 0.00171
4433.720 0.10906 0.00171
4436.360 0.10940 0.00171
4439.440 0.10979 0.00171
4442.080 0.11012 0.00171
4444.720 0.11046 0.00171
4447.800 0.11085 0.00172
4450.440 0.11118 0.00172
4453.520 0.11157 0.00172
4456.160 0.11190 0.00172
4458.800 0.11224 0.00172
4461.880 0.11262 0.00173
4464.520 0.11296 0.00173
4467.160 0.11329 0.00173
4470.240 0.11367 0.00173
4472.880 0.11400 0.00173
4475.520 0.11433 0.00174
4478.600 0.11471 0.00174
4481.240 0.11504 0.00174
4483.880 0.11537 0.00174
4486.960 0.11575 0.00175
4489.600 0.11608 0.00175
4492.240 0.11640 0.00175
4495.320 0.11678 0.00175
4497.960 0.11711 0.00176
4501.040 0.11749 0.00176
4503.680 0.11781 0.00176
4506.320 0.11813 0.00176
4509.400 0.11851 0.00177
4512.040 0.11883 0.00177
4514.680 0.11915 0.00177
4517.760 0.11953 0.00177
4520.400 0.11985 0.00178
4523.040 0.12017 0.00178
4526.120 0.12054 0.00178
4528.760 0.12086 0.00178
4531.400 0.12118 0.00179
4534.480 0.12155 0.00179
4537.120 0.12187 0.00179
4540.200 0.12224 0.00180
4542.840 0.12255 0.00180
4545.480 0.12287 0.00180
4548.560 0.12324 0.00181
4551.200 0.12355 0.00181
4553.840 0.12387 0.00181
4556.920 0.12423 0.00182
4559.560 0.12455 0.00182
4562.200 0.12486 0.00182
4565.280 0.12522 0.00183
4567.920 0.12553 0.00183
4570.560 0.12585 0.00183
4573.640 0.12621 0.00184
4576.280 0.12652 0.00184
4578.920 0.12683 0.00184
4582.000 0.12719 0.00185
4584.640 0.12750 0.00185
4587.720 0.12786 0.00185
4590.360 0.12817 0.00186
4593.000 0.12847 0.00186
4596.080 0.12883 0.00186
4598.720 0.12914 0.00187
4601.360 0.12944 0.00187
4604.440 0.12980 0.00188
4607.080 0.13010 0.00188
4609.720 0.13041 0.00188
4612.800 0.13076 0.00189
4615.440 0.13106 0.00189
4618.080 0.13137 0.00190
4621.160 0.13172 0.00190
4623.800 0.13202 0.00190
4626.880 0.13237 0.00191
4629.520 0.13267 0.00191
4632.160 0.13297 0.00192
4635.240 0.13332 0.00192
4637.880 0.13362 0.00193
4640.520 0.13392 0.00193
4643.600 0.13426 0.00193
4646.240 0.13456 0.00194
4648.880 0.13486 0.00194
4651.960 0.13520 0.00195
4654.600 0.13549 0.00195
4657.240 0.13577 0.00196
4660.320 0.13611 0.00196
4662.960 0.13640 0.00197
4665.600 0.13669 0.00197
4668.680 0.13703 0.00197
4671.320 0.13732 0.00198
4674.400 0.13766 0.00198
4677.040 0.13794 0.00199
4679.680 0.13823 0.00199
4682.760 0.13857 0.00200
4685.400 0.13886 0.00200
4688.040 0.13915 0.00201
4691.120 0.13949 0.00201
4693.760 0.13978 0.00202
4696.400 0.14007 0.00202
4699.480 0.14040 0.00203
4702.120 0.14069 0.00204
4704.760 0.14098 0.00204
4707.840 0.14132 0.00205
4710.480 0.14161 0.00205
4713.560 0.14195 0.00206
4716.200 0.14224 0.00206
4718.840 0.14253 0.00207
4721.920 0.14286 0.00208
4724.560 0.14315 0.00208
4727.200 0.14344 0.00209
4730.280 0.14377 0.00209
4732.920 0.14405 0.00210
4735.560 0.14433 0.00210
4738.640 0.14466 0.00211
4741.280 0.14494 0.00212
4743.920 0.14522 0.00212
4747.000 0.14555 0.00213
4749.640 0.14582 0.00213
4752.280 0.14610 0.00214
4755.360 0.14643 0.00215
4758.000 0.14670 0.00215
4761.080 0.14703 0.00216
4763.720 0.14730 0.00216
4766.360 0.14758 0.00217
4769.440 0.14790 0.00218
4772.080 0.14817 0.00218
4774.720 0.14845 0.00219
4777.800 0.14876 0.00220
4780.440 0.14904 0.00220
4783.080 0.14931 0.00221
4786.160 0.14963 0.00222
4788.800 0.14990 0.00222
4791.440 0.15017 0.00223
4794.520 0.15048 0.00224
4797.160 0.15075 0.00224
4800.240 0.15107 0.00225
4802.880 0.15134 0.00226
4805.520 0.15161 0.00226
4808.600 0.15192 0.00227
4811.240 0.15219 0.00228
4813.880 0.15245 0.00228
4816.960 0.15276 0.00229
4819.600 0.15303 0.00230
4822.240 0.15329 0.00230
4825.320 0.15359 0.00231
4827.960 0.15385 0.00232
4830.600 0.15410 0.00232
4833.680 0.15440 0.00233
4836.320 0.15466 0.00234
4839.400 0.15495 0.00235
4842.040 0.15521 0.00235
4844.680 0.15547 0.00236
4847.760 0.15576 0.00237
4850.400 0.15602 0.00237
4853.040 0.15627 0.00238
4856.120 0.15657 0.00239
4858.760 0.15683 0.00240
4861.400 0.15708 0.00240
4864.480 0.15738 0.00241
4867.120 0.15764 0.00242
4869.760 0.15789 0.00243
4872.840 0.15819 0.00243
4875.480 0.15845 0.00244
4878.120 0.15870 0.00245
4881.200 0.15900 0.00246
4883.840 0.15925 0.00246
4886.920 0.15955 0.00247
4889.560 0.15981 0.00248
4892.200 0.16006 0.00249
4895.280 0.16036 0.00250
4897.920 0.16062 0.00250
4900.560 0.16087 0.00251
4903.640 0.16117 0.00252
4906.280 0.16143 0.00253
4908.920 0.16168 0.00254
4912.000 0.16198 0.00255
4914.640 0.16223 0.00255
4917.280 0.16249 0.00256
4920.360 0.16279 0.00257
4923.000 0.16304 0.00258
4926.080 0.16334 0.00259
4928.720 0.16360 0.00260
4931.360 0.16385 0.00260
4934.440 0.16414 0.00261
4937.080 0.16438 0.00262
4939.720 0.16463 0.00263
4942.800 0.16491 0.00264
4945.440 0.16516 0.00265
4948.080 0.16540 0.00265
4951.160 0.16568 0.00266
4953.800 0.16592 0.00267
4956.440 0.16617 0.00268
4959.520 0.16645 0.00269
4962.160 0.16669 0.00270
4964.800 0.16693 0.00271
4967.880 0.16721 0.00272
4970.520 0.16745 0.00272
4973.600 0.16772 0.00273
4976.240 0.16796 0.00274
4978.880 0.16820 0.00275
4981.960 0.16848 0.00276
4984.600 0.16871 0.00277
4987.240 0.16895 0.00278
4990.320 0.16923 0.00279
4992.960 0.16946 0.00280
5005.720 0.17059 0.00284
5008.800 0.17086 0.00285
5011.440 0.17109 0.00286
5014.080 0.17133 0.00286
5017.160 0.17160 0.00287
5019.800 0.17183 0.00288
5022.880 0.17209 0.00289
5025.520 0.17232 0.00290
5028.160 0.17255 0.00291
5031.240 0.17282 0.00292
5033.880 0.17305 0.00293
5036.520 0.17328 0.00294
5039.600 0.17354 0.00295
5042.240 0.17377 0.00296
5044.880 0.17399 0.00297
5047.960 0.17426 0.00298
5050.600 0.17448 0.00299
5053.240 0.17471 0.00300
5056.320 0.17497 0.00301
5058.960 0.17519 0.00302
5061.600 0.17542 0.00302
5064.680 0.17568 0.00303
5067.320 0.17590 0.00304
5070.400 0.17616 0.00305
5073.040 0.17638 0.00306
5075.680 0.17660 0.00307
5078.760 0.17686 0.00308
5081.400 0.17708 0.00309
5084.040 0.17730 0.00310
5087.120 0.17755 0.00311
5089.760 0.17777 0.00312
5092.400 0.17799 0.00313
5095.480 0.17824 0.00314
5098.120 0.17846 0.00315
5100.760 0.17868 0.00316
5103.840 0.17893 0.00317
5106.480 0.17914 0.00318
5109.560 0.17939 0.00319
5112.200 0.17961 0.00320
5114.840 0.17982 0.00321
5117.920 0.18007 0.00322
5120.560 0.18029 0.00323
5123.200 0.18050 0.00324
5126.280 0.18075 0.00325
5128.920 0.18096 0.00326
5131.560 0.18117 0.00327
5134.640 0.18142 0.00328
5137.280 0.18163 0.00329
5139.920 0.18184 0.00330
5143.000 0.18208 0.00331
5145.640 0.18229 0.00332
5148.280 0.18250 0.00333
5151.360 0.18274 0.00334
5154.000 0.18295 0.00335
5157.080 0.18319 0.00336
5159.720 0.18340 0.00337
5162.360 0.18360 0.00338
5165.440 0.18384 0.00339
5168.080 0.18405 0.00340
5170.720 0.18425 0.00341
5173.800 0.18449 0.00342
5176.440 0.18469 0.00343
5179.080 0.18490 0.00344
5182.160 0.18513 0.00346
5184.800 0.18534 0.00347
5187.440 0.18554 0.00348
5190.520 0.18577 0.00349
5193.160 0.18598 0.00350
5196.240 0.18621 0.00351
5198.880 0.18641 0.00352
5201.520 0.18661 0.00353
5204.600 0.18684 0.00354
5207.240 0.18704 0.00355
5209.880 0.18724 0.00356
5212.960 0.18747 0.00357
5215.600 0.18767 0.00358
5218.240 0.18786 0.00359
5221.320 0.18809 0.00360
5223.960 0.18829 0.00361
5226.600 0.18848 0.00362
5229.680 0.18871 0.00363
5232.320 0.18890 0.00364
5234.960 0.18910 0.00365
5238.040 0.18932 0.00367
5240.680 0.18952 0.00368
5243.760 0.18974 0.00369
5246.400 0.18993 0.00370
5249.040 0.19013 0.00371
5252.120 0.19035 0.00372
5254.760 0.19054 0.00373
5257.400 0.19073 0.00374
5260.480 0.19095 0.00375
5263.120 0.19114 0.00376
5265.760 0.19133 0.00377
5268.840 0.19155 0.00378
5271.480 0.19174 0.00379
5274.120 0.19192 0.00380
5277.200 0.19214 0.00382
5279.840 0.19233 0.00383
5282.920 0.19255 0.00384
5285.560 0.19273 0.00385
5288.200 0.19292 0.00386
5291.280 0.19313 0.00387
5293.920 0.19332 0.00388
5296.560 0.19350 0.00389
5299.640 0.19371 0.00390
5302.280 0.19390 0.00391
5304.920 0.19408 0.00392
5308.000 0.19429 0.00393
5310.640 0.19447 0.00394
5313.280 0.19465 0.00396
5316.360 0.19486 0.00397
5319.000 0.19504 0.00398
5321.640 0.19522 0.00399
5324.720 0.19543 0.00400
5327.360 0.19561 0.00401
5330.440 0.19582 0.00402
5333.080 0.19600 0.00403
5335.720 0.19616 0.00404
5338.800 0.19636 0.00405
5341.440 0.19652 0.00406
5344.080 0.19669 0.00407
5347.160 0.19688 0.00409
5349.800 0.19705 0.00410
5352.440 0.19721 0.00411
5355.520 0.19741 0.00412
5358.160 0.19757 0.00413
5360.800 0.19774 0.00414
5363.880 0.19793 0.00415
5366.520 0.19810 0.00416
5369.600 0.19829 0.00417
5372.240 0.19846 0.00418
5374.880 0.19863 0.00419
5377.960 0.19882 0.00420
5380.600 0.19899 0.00421
5383.240 0.19915 0.00422
5386.320 0.19935 0.00424
5388.960 0.19951 0.00425
5391.600 0.19968 0.00426
5394.680 0.19987 0.00427
5397.320 0.20004 0.00428
5399.960 0.20020 0.00429
5403.040 0.20040 0.00430
5405.680 0.20056 0.00431
5408.760 0.20076 0.00432
5411.400 0.20092 0.00433
5414.040 0.20109 0.00434
5417.120 0.20128 0.00436
5419.760 0.20145 0.00437
5422.400 0.20162 0.00438
5425.480 0.20181 0.00439
5428.120 0.20198 0.00440
5430.760 0.20214 0.00441
5433.840 0.20234 0.00442
5436.480 0.20250 0.00443
5439.120 0.20267 0.00444
5442.200 0.20286 0.00446
5444.840 0.20303 0.00447
5447.480 0.20319 0.00448
5450.560 0.20339 0.00449
5453.200 0.20355 0.00450
5456.280 0.20375 0.00451
5458.920 0.20391 0.00452
5461.560 0.20408 0.00453
5464.640 0.20427 0.00455
5467.280 0.20444 0.00456
5469.920 0.20461 0.00457
5473.000 0.20480 0.00458
5475.640 0.20495 0.00459
5478.280 0.20511 0.00460
5481.360 0.20529 0.00461
5484.000 0.20544 0.00462
5486.640 0.20559 0.00463
5489.720 0.20577 0.00464
5492.360 0.20592 0.00465
5495.440 0.20610 0.00467
5498.080 0.20625 0.00468
5500.720 0.20640 0.00469
5503.800 0.20658 0.00470
5506.440 0.20673 0.00471
5509.080 0.20688 0.00472
5512.160 0.20705 0.00473
5514.800 0.20720 0.00474
5517.440 0.20734 0.00475
5520.520 0.20752 0.00476
5523.160 0.20766 0.00477
5525.800 0.20781 0.00478
5528.880 0.20798 0.00480
5531.520 0.20813 0.00481
5534.160 0.20827 0.00482
5537.240 0.20844 0.00483
5539.880 0.20859 0.00484
5542.960 0.20875 0.00485
5545.600 0.20890 0.00486
5548.240 0.20904 0.00487
5551.320 0.20921 0.00488
5553.960 0.20935 0.00489
5556.600 0.20949 0.00490
5559.680 0.20965 0.00492
5562.320 0.20980 0.00493
5564.960 0.20994 0.00494
5568.040 0.21010 0.00495
5570.680 0.21024 0.00496
5573.320 0.21038 0.00497
5576.400 0.21054 0.00498
5579.040 0.21068 0.00499
5582.120 0.21084 0.00500
5584.760 0.21098 0.00501
5587.400 0.21111 0.00502
5590.480 0.21127 0.00503
5593.120 0.21141 0.00504
5595.760 0.21154 0.00505
5598.840 0.21170 0.00506
5601.480 0.21183 0.00507
5604.120 0.21197 0.00508
5607.200 0.21213 0.00510
5609.840 0.21226 0.00511
5612.480 0.21239 0.00512
5615.560 0.21255 0.00513
5618.200 0.21268 0.00514
5620.840 0.21281 0.00515
5623.920 0.21296 0.00516
5626.560 0.21309 0.00517
5629.640 0.21325 0.00518
5632.280 0.21338 0.00519
5634.920 0.21350 0.00520
5638.000 0.21366 0.00521
5640.640 0.21378 0.00522
5643.280 0.21391 0.00523
5646.360 0.21406 0.00524
5649.000 0.21419 0.00525
5651.640 0.21431 0.00526
5654.720 0.21446 0.00527
5657.360 0.21459 0.00528
5660.000 0.21471 0.00529
5663.080 0.21486 0.00531
5665.720 0.21498 0.00532
5668.800 0.21513 0.00533
5671.440 0.21525 0.00534
5674.080 0.21538 0.00535
5677.160 0.21552 0.00536
5679.800 0.21564 0.00537
5682.440 0.21576 0.00538
5685.520 0.21591 0.00539
5688.160 0.21603 0.00540
5690.800 0.21615 0.00541
5693.880 0.21629 0.00542
5696.520 0.21641 0.00543
5699.160 0.21653 0.00544
5702.240 0.21667 0.00545
5704.880 0.21679 0.00546
5707.520 0.21690 0.00547
5710.600 0.21704 0.00548
5713.240 0.21716 0.00549
5716.320 0.21729 0.00550
5718.960 0.21741 0.00551
5721.600 0.21753 0.00552
5724.680 0.21766 0.00553
5727.320 0.21778 0.00554
5729.960 0.21789 0.00555
5733.040 0.21803 0.00556
5735.680 0.21814 0.00557
5738.320 0.21825 0.00558
5741.400 0.21838 0.00559
5744.040 0.21850 0.00560
5746.680 0.21861 0.00561
5749.760 0.21874 0.00562
5752.400 0.21885 0.00563
5755.480 0.21898 0.00564
5758.120 0.21909 0.00565
5760.760 0.21920 0.00566
5763.840 0.21933 0.00567
5766.480 0.21944 0.00568
5769.120 0.21955 0.00569
5772.200 0.21967 0.00570
5774.840 0.21978 0.00571
5777.480 0.21989 0.00571
5780.560 0.22001 0.00572
5783.200 0.22012 0.00573
5785.840 0.22023 0.00574
5788.920 0.22035 0.00575
5791.560 0.22046 0.00576
5794.200 0.22056 0.00577
5797.280 0.22068 0.00578
