instruments/deimos/GG455_1200B.txt
# %ECSV 0.9
# ---
# datatype:
# - {name: wav, datatype: float32}
# - {name: eff, datatype: float64}
# - {name: eff_unc, datatype: float64}
# meta: !!omap
# - {Filter: GG455}
# - {cwav: '7000'}
# - {Grating: 1200B}
# schema: astropy-2.0
wav eff eff_unc
5645.350 0.14919 0.00000
5647.990 0.14937 0.00000
5650.630 0.14955 0.00000
5653.600 0.14975 0.00000
5656.240 0.14993 0.00000
5658.880 0.15011 0.00000
5661.520 0.15028 0.00000
5664.160 0.15046 0.00000
5667.130 0.15066 0.00000
5669.770 0.15083 0.00000
5672.410 0.15101 0.00000
5675.050 0.15118 0.00000
5677.690 0.15135 0.00000
5680.330 0.15152 0.00000
5683.300 0.15172 0.00000
5685.940 0.15189 0.00000
5688.580 0.15206 0.00000
5691.220 0.15223 0.00000
5693.860 0.15239 0.00000
5696.830 0.15258 0.00000
5699.470 0.15275 0.00000
5702.110 0.15291 0.00000
5704.750 0.15308 0.00000
5707.390 0.15325 0.00000
5710.360 0.15343 0.00000
5713.000 0.15359 0.00000
5715.640 0.15376 0.00000
5718.280 0.15392 0.00000
5720.920 0.15408 0.00000
5723.560 0.15424 0.00000
5726.530 0.15442 0.00000
5729.170 0.15458 0.00000
5731.810 0.15474 0.00000
5734.450 0.15490 0.00000
5737.090 0.15505 0.00000
5740.060 0.15523 0.00000
5742.700 0.15538 0.00000
5745.340 0.15554 0.00000
5747.980 0.15569 0.00000
5750.620 0.15585 0.00000
5753.590 0.15602 0.00000
5756.230 0.15617 0.00000
5758.870 0.15632 0.00000
5761.510 0.15648 0.00000
5764.150 0.15663 0.00000
5766.790 0.15678 0.00000
5769.760 0.15694 0.00000
5772.400 0.15709 0.00000
5775.040 0.15724 0.00000
5777.680 0.15739 0.00000
5780.320 0.15753 0.00000
5783.290 0.15770 0.00000
5785.930 0.15784 0.00000
5788.570 0.15799 0.00000
5791.210 0.15813 0.00000
5793.850 0.15827 0.00000
5796.820 0.15843 0.00000
5799.460 0.15857 0.00000
5802.100 0.15871 0.00000
5804.740 0.15885 0.00000
5807.380 0.15899 0.00000
5810.020 0.15913 0.00000
5812.990 0.15929 0.00000
5815.630 0.15943 0.00000
5818.270 0.15956 0.00000
5820.910 0.15970 0.00000
5823.550 0.15984 0.00000
5826.520 0.15999 0.00000
5829.160 0.16012 0.00000
5831.800 0.16026 0.00000
5834.440 0.16039 0.00000
5837.080 0.16052 0.00000
5840.050 0.16067 0.00000
5842.690 0.16080 0.00000
5845.330 0.16093 0.00000
5847.970 0.16106 0.00000
5850.610 0.16119 0.00000
5853.250 0.16132 0.00000
5856.220 0.16146 0.00000
5858.860 0.16159 0.00000
5861.500 0.16172 0.00000
5864.140 0.16184 0.00000
5866.780 0.16197 0.00000
5869.750 0.16211 0.00000
5872.390 0.16223 0.00000
5875.030 0.16235 0.00000
5877.670 0.16248 0.00000
5880.310 0.16260 0.00000
5883.280 0.16274 0.00000
5885.920 0.16286 0.00000
5888.560 0.16298 0.00000
5891.200 0.16310 0.00000
5893.840 0.16322 0.00000
5896.480 0.16333 0.00000
5899.450 0.16347 0.00000
5902.090 0.16358 0.00000
5904.730 0.16370 0.00000
5907.370 0.16382 0.00000
5910.010 0.16393 0.00000
5912.980 0.16406 0.00000
5915.620 0.16417 0.00000
5918.260 0.16429 0.00000
5920.900 0.16440 0.00000
5923.540 0.16451 0.00000
5926.510 0.16464 0.00000
5929.150 0.16475 0.00000
5931.790 0.16486 0.00000
5934.430 0.16497 0.00000
5937.070 0.16508 0.00000
5939.710 0.16518 0.00000
5942.680 0.16530 0.00000
5945.320 0.16541 0.00000
5947.960 0.16552 0.00000
5950.600 0.16562 0.00000
5953.240 0.16573 0.00000
5956.210 0.16585 0.00000
5958.850 0.16595 0.00000
5961.490 0.16605 0.00000
5964.130 0.16616 0.00000
5966.770 0.16626 0.00000
5969.740 0.16637 0.00000
5972.380 0.16647 0.00000
5975.020 0.16657 0.00000
5977.660 0.16667 0.00000
5980.300 0.16677 0.00000
5982.940 0.16687 0.00000
5985.910 0.16698 0.00000
5988.550 0.16708 0.00000
5991.190 0.16718 0.00000
5993.830 0.16727 0.00000
5996.470 0.16737 0.00000
5999.440 0.16747 0.00000
6002.080 0.16757 0.00000
6004.720 0.16766 0.00000
6007.360 0.16776 0.00000
6010.000 0.16785 0.00000
6012.970 0.16795 0.00000
6015.610 0.16804 0.00000
6018.250 0.16813 0.00000
6020.890 0.16822 0.00000
6023.530 0.16831 0.00000
6026.500 0.16841 0.00000
6029.140 0.16850 0.00000
6031.780 0.16859 0.00000
6034.420 0.16868 0.00000
6037.060 0.16876 0.00000
6039.700 0.16885 0.00000
6042.670 0.16895 0.00000
6045.310 0.16903 0.00000
6047.950 0.16912 0.00000
6050.590 0.16920 0.00000
6053.230 0.16928 0.00000
6056.200 0.16938 0.00000
6058.840 0.16946 0.00000
6061.480 0.16954 0.00000
6064.120 0.16962 0.00000
6066.760 0.16970 0.00000
6069.730 0.16979 0.00000
6072.370 0.16987 0.00000
6075.010 0.16995 0.00000
6077.650 0.17003 0.00000
6080.290 0.17010 0.00000
6082.930 0.17018 0.00000
6085.900 0.17027 0.00000
6088.540 0.17034 0.00000
6091.180 0.17042 0.00000
6093.820 0.17049 0.00000
6096.460 0.17057 0.00000
6099.430 0.17065 0.00000
6102.070 0.17072 0.00000
6104.710 0.17079 0.00000
6107.350 0.17087 0.00000
6109.990 0.17094 0.00000
6112.960 0.17102 0.00000
6115.600 0.17109 0.00000
6118.240 0.17116 0.00000
6120.880 0.17122 0.00000
6123.520 0.17129 0.00000
6126.160 0.17136 0.00000
6129.130 0.17144 0.00000
6131.770 0.17150 0.00000
6134.410 0.17157 0.00000
6137.050 0.17164 0.00000
6139.690 0.17170 0.00000
6142.660 0.17177 0.00000
6145.300 0.17184 0.00000
6147.940 0.17190 0.00000
6150.580 0.17196 0.00000
6153.220 0.17203 0.00000
6156.190 0.17210 0.00000
6158.830 0.17216 0.00000
6161.470 0.17222 0.00000
6164.110 0.17228 0.00000
6166.750 0.17234 0.00000
6169.390 0.17240 0.00000
6172.360 0.17246 0.00000
6175.000 0.17252 0.00000
6177.640 0.17258 0.00000
6180.280 0.17264 0.00000
6182.920 0.17269 0.00000
6185.890 0.17276 0.00000
6188.530 0.17281 0.00000
6191.170 0.17287 0.00000
6193.810 0.17292 0.00000
6196.450 0.17298 0.00000
6199.420 0.17304 0.00000
6202.060 0.17309 0.00000
6204.700 0.17314 0.00000
6207.340 0.17319 0.00000
6209.980 0.17324 0.00000
6212.620 0.17329 0.00000
6215.590 0.17335 0.00000
6218.230 0.17340 0.00000
6220.870 0.17345 0.00000
6223.510 0.17350 0.00000
6226.150 0.17355 0.00000
6229.120 0.17360 0.00000
6231.760 0.17365 0.00000
6234.400 0.17369 0.00000
6237.040 0.17374 0.00000
6239.680 0.17379 0.00000
6242.650 0.17384 0.00000
6245.290 0.17388 0.00000
6247.930 0.17393 0.00000
6250.570 0.17397 0.00000
6253.210 0.17401 0.00000
6255.850 0.17405 0.00000
6258.820 0.17410 0.00000
6261.460 0.17414 0.00000
6264.100 0.17418 0.00000
6266.740 0.17422 0.00000
6269.380 0.17426 0.00000
6272.350 0.17431 0.00000
6274.990 0.17435 0.00000
6277.630 0.17439 0.00000
6280.270 0.17442 0.00000
6282.910 0.17445 0.00000
6285.880 0.17449 0.00000
6288.520 0.17452 0.00000
6291.160 0.17455 0.00000
6293.800 0.17458 0.00000
6296.440 0.17462 0.00000
6299.080 0.17465 0.00000
6302.050 0.17469 0.00000
6304.690 0.17472 0.00000
6307.330 0.17475 0.00000
6309.970 0.17478 0.00000
6312.610 0.17482 0.00000
6315.580 0.17485 0.00000
6318.220 0.17488 0.00000
6320.860 0.17492 0.00000
6323.500 0.17495 0.00000
6326.140 0.17498 0.00000
6329.110 0.17502 0.00000
6331.750 0.17505 0.00000
6334.390 0.17508 0.00000
6337.030 0.17511 0.00000
6339.670 0.17515 0.00000
6342.640 0.17518 0.00000
6345.280 0.17521 0.00000
6347.920 0.17524 0.00000
6350.560 0.17526 0.00000
6353.200 0.17529 0.00000
6355.840 0.17531 0.00000
6358.810 0.17534 0.00000
6361.450 0.17536 0.00000
6364.090 0.17538 0.00000
6366.730 0.17541 0.00000
6369.370 0.17543 0.00000
6372.340 0.17545 0.00000
6374.980 0.17547 0.00000
6377.620 0.17549 0.00000
6380.260 0.17551 0.00000
6382.900 0.17553 0.00000
6385.870 0.17556 0.00000
6388.510 0.17557 0.00000
6391.150 0.17559 0.00000
6393.790 0.17561 0.00000
6396.430 0.17563 0.00000
6399.070 0.17565 0.00000
6402.040 0.17566 0.00000
6404.680 0.17568 0.00000
6407.320 0.17570 0.00000
6409.960 0.17571 0.00000
6412.600 0.17573 0.00000
6415.570 0.17574 0.00000
6418.210 0.17576 0.00000
6420.850 0.17577 0.00000
6423.490 0.17578 0.00000
6426.130 0.17579 0.00000
6429.100 0.17581 0.00000
6431.740 0.17582 0.00000
6434.380 0.17583 0.00000
6437.020 0.17584 0.00000
6439.660 0.17585 0.00000
6442.300 0.17586 0.00000
6445.270 0.17587 0.00000
6447.910 0.17588 0.00000
6450.550 0.17589 0.00000
6453.190 0.17590 0.00000
6455.830 0.17591 0.00000
6458.800 0.17591 0.00000
6461.440 0.17592 0.00000
6464.080 0.17593 0.00000
6466.720 0.17593 0.00000
6469.360 0.17594 0.00000
6472.330 0.17594 0.00000
6474.970 0.17595 0.00000
6477.610 0.17595 0.00000
6480.250 0.17596 0.00000
6482.890 0.17596 0.00000
6485.530 0.17596 0.00000
6488.500 0.17596 0.00000
6491.140 0.17597 0.00000
6493.780 0.17597 0.00000
6496.420 0.17597 0.00000
6499.060 0.17597 0.00000
6502.030 0.17597 0.00000
6504.670 0.17597 0.00000
6507.310 0.17597 0.00000
6509.950 0.17597 0.00000
6512.590 0.17597 0.00000
6515.560 0.17597 0.00000
6518.200 0.17596 0.00000
6520.840 0.17596 0.00000
6523.480 0.17596 0.00000
6526.120 0.17595 0.00000
6528.760 0.17595 0.00000
6531.730 0.17595 0.00000
6534.370 0.17594 0.00000
6537.010 0.17594 0.00000
6539.650 0.17593 0.00000
6542.290 0.17592 0.00000
6545.260 0.17591 0.00000
6547.900 0.17590 0.00000
6550.540 0.17589 0.00000
6553.180 0.17587 0.00000
6555.820 0.17586 0.00000
6558.790 0.17585 0.00000
6561.430 0.17584 0.00000
6564.070 0.17583 0.00000
6566.710 0.17582 0.00000
6569.350 0.17581 0.00000
6571.990 0.17580 0.00000
6574.960 0.17578 0.00000
6577.600 0.17577 0.00000
6580.240 0.17576 0.00000
6582.880 0.17575 0.00000
6585.520 0.17574 0.00000
6588.490 0.17573 0.00000
6591.130 0.17572 0.00000
6593.770 0.17570 0.00000
6596.410 0.17569 0.00000
6599.050 0.17568 0.00000
6602.020 0.17567 0.00000
6604.660 0.17566 0.00000
6607.300 0.17565 0.00000
6609.940 0.17564 0.00000
6612.580 0.17563 0.00000
6615.220 0.17561 0.00000
6618.190 0.17559 0.00000
6620.830 0.17557 0.00000
6623.470 0.17556 0.00000
6626.110 0.17554 0.00000
6628.750 0.17552 0.00000
6631.720 0.17550 0.00000
6634.360 0.17548 0.00000
6637.000 0.17546 0.00000
6639.640 0.17544 0.00000
6642.280 0.17542 0.00000
6645.250 0.17540 0.00000
6647.890 0.17537 0.00000
6650.530 0.17535 0.00000
6653.170 0.17533 0.00000
6655.810 0.17531 0.00000
6658.780 0.17528 0.00000
6661.420 0.17526 0.00000
6664.060 0.17524 0.00000
6666.700 0.17521 0.00000
6669.340 0.17519 0.00000
6671.980 0.17517 0.00000
6674.950 0.17514 0.00000
6677.590 0.17511 0.00000
6680.230 0.17509 0.00000
6682.870 0.17506 0.00000
6685.510 0.17504 0.00000
6688.480 0.17501 0.00000
6691.120 0.17498 0.00000
6693.760 0.17495 0.00000
6696.400 0.17492 0.00000
6699.040 0.17490 0.00000
6702.010 0.17486 0.00000
6704.650 0.17484 0.00000
6707.290 0.17481 0.00000
6709.930 0.17478 0.00000
6712.570 0.17475 0.00000
6715.210 0.17472 0.00000
6718.180 0.17468 0.00000
6720.820 0.17465 0.00000
6723.460 0.17462 0.00000
6726.100 0.17459 0.00000
6728.740 0.17456 0.00000
6731.710 0.17452 0.00000
6734.350 0.17449 0.00000
6736.990 0.17446 0.00000
6739.630 0.17443 0.00000
6742.270 0.17439 0.00000
6745.240 0.17435 0.00000
6747.880 0.17432 0.00000
6750.520 0.17429 0.00000
6753.160 0.17425 0.00000
6755.800 0.17422 0.00000
6758.440 0.17418 0.00000
6761.410 0.17414 0.00000
6764.050 0.17410 0.00000
6766.690 0.17407 0.00000
6769.330 0.17403 0.00000
6771.970 0.17399 0.00000
6774.940 0.17395 0.00000
6777.580 0.17391 0.00000
6780.220 0.17388 0.00000
6782.860 0.17384 0.00000
6785.500 0.17380 0.00000
6788.470 0.17376 0.00000
6791.110 0.17372 0.00000
6793.750 0.17368 0.00000
6796.390 0.17364 0.00000
6799.030 0.17360 0.00000
6801.670 0.17356 0.00000
6804.640 0.17351 0.00000
6807.280 0.17347 0.00000
6809.920 0.17343 0.00000
6812.560 0.17338 0.00000
6815.200 0.17334 0.00000
6818.170 0.17329 0.00000
6820.810 0.17325 0.00000
6823.450 0.17321 0.00000
6826.090 0.17317 0.00000
6828.730 0.17312 0.00000
6831.700 0.17307 0.00000
6834.340 0.17303 0.00000
6836.980 0.17298 0.00000
6839.620 0.17294 0.00000
6842.260 0.17288 0.00000
6844.900 0.17283 0.00000
6847.870 0.17277 0.00000
6850.510 0.17271 0.00000
6853.150 0.17266 0.00000
6855.790 0.17260 0.00000
6858.430 0.17255 0.00000
6861.400 0.17248 0.00000
6864.040 0.17243 0.00000
6866.680 0.17237 0.00000
6869.320 0.17232 0.00000
6871.960 0.17226 0.00000
6874.930 0.17220 0.00000
6877.570 0.17215 0.00000
6880.210 0.17209 0.00000
6882.850 0.17204 0.00000
6885.490 0.17198 0.00000
6888.130 0.17193 0.00000
6891.100 0.17187 0.00000
6893.740 0.17181 0.00000
6896.380 0.17176 0.00000
6899.020 0.17170 0.00000
6901.660 0.17165 0.00000
6904.630 0.17158 0.00000
6907.270 0.17153 0.00000
6909.910 0.17147 0.00000
6912.550 0.17142 0.00000
6915.190 0.17136 0.00000
6918.160 0.17130 0.00000
6920.800 0.17125 0.00000
6923.440 0.17119 0.00000
6926.080 0.17114 0.00000
6928.720 0.17108 0.00000
6931.360 0.17103 0.00000
6934.330 0.17097 0.00000
6936.970 0.17091 0.00000
6939.610 0.17086 0.00000
6942.250 0.17080 0.00000
6944.890 0.17075 0.00000
6947.860 0.17068 0.00000
6950.500 0.17063 0.00000
6953.140 0.17057 0.00000
6955.780 0.17052 0.00000
6958.420 0.17046 0.00000
6961.390 0.17040 0.00000
6964.030 0.17035 0.00000
6966.670 0.17029 0.00000
6969.310 0.17024 0.00000
6971.950 0.17018 0.00000
6974.590 0.17013 0.00000
6977.560 0.17006 0.00000
6980.200 0.17001 0.00000
6982.840 0.16995 0.00000
6985.480 0.16990 0.00000
6988.120 0.16984 0.00000
6991.090 0.16978 0.00000
6993.730 0.16973 0.00000
7003.960 0.16951 0.00000
7006.600 0.16946 0.00000
7009.240 0.16940 0.00000
7012.210 0.16934 0.00000
7014.850 0.16929 0.00000
7017.490 0.16923 0.00000
7020.130 0.16918 0.00000
7022.770 0.16912 0.00000
7025.740 0.16906 0.00000
7028.380 0.16901 0.00000
7031.020 0.16895 0.00000
7033.660 0.16889 0.00000
7036.300 0.16882 0.00000
7038.940 0.16876 0.00000
7041.910 0.16868 0.00000
7044.550 0.16862 0.00000
7047.190 0.16855 0.00000
7049.830 0.16849 0.00000
7052.470 0.16842 0.00000
7055.440 0.16835 0.00000
7058.080 0.16828 0.00000
7060.720 0.16821 0.00000
7063.360 0.16815 0.00000
7066.000 0.16808 0.00000
7068.970 0.16801 0.00000
7071.610 0.16794 0.00000
7074.250 0.16787 0.00000
7076.890 0.16780 0.00000
7079.530 0.16773 0.00000
7082.170 0.16767 0.00000
7085.140 0.16759 0.00000
7087.780 0.16752 0.00000
7090.420 0.16745 0.00000
7093.060 0.16738 0.00000
7095.700 0.16731 0.00000
7098.670 0.16723 0.00000
7101.310 0.16716 0.00000
7103.950 0.16709 0.00000
7106.590 0.16702 0.00000
7109.230 0.16695 0.00000
7112.200 0.16687 0.00000
7114.840 0.16680 0.00000
7117.480 0.16673 0.00000
7120.120 0.16666 0.00000
7122.760 0.16659 0.00000
7125.400 0.16652 0.00000
7128.370 0.16644 0.00000
7131.010 0.16636 0.00000
7133.650 0.16629 0.00000
7136.290 0.16622 0.00000
7138.930 0.16615 0.00000
7141.900 0.16606 0.00000
7144.540 0.16599 0.00000
7147.180 0.16591 0.00000
7149.820 0.16583 0.00000
7152.460 0.16575 0.00000
7155.430 0.16566 0.00000
7158.070 0.16558 0.00000
7160.710 0.16549 0.00000
7163.350 0.16541 0.00000
7165.990 0.16533 0.00000
7168.630 0.16525 0.00000
7171.600 0.16516 0.00000
7174.240 0.16508 0.00000
7176.880 0.16500 0.00000
7179.520 0.16492 0.00000
7182.160 0.16483 0.00000
7185.130 0.16474 0.00000
7187.770 0.16466 0.00000
7190.410 0.16458 0.00000
7193.050 0.16450 0.00000
7195.690 0.16442 0.00000
7198.660 0.16433 0.00000
7201.300 0.16425 0.00000
7203.940 0.16417 0.00000
7206.580 0.16408 0.00000
7209.220 0.16400 0.00000
7211.860 0.16392 0.00000
7214.830 0.16383 0.00000
7217.470 0.16375 0.00000
7220.110 0.16367 0.00000
7222.750 0.16359 0.00000
7225.390 0.16351 0.00000
7228.360 0.16341 0.00000
7231.000 0.16333 0.00000
7233.640 0.16325 0.00000
7236.280 0.16317 0.00000
7238.920 0.16309 0.00000
7241.890 0.16300 0.00000
7244.530 0.16292 0.00000
7247.170 0.16284 0.00000
7249.810 0.16276 0.00000
7252.450 0.16267 0.00000
7255.090 0.16259 0.00000
7258.060 0.16250 0.00000
7260.700 0.16242 0.00000
7263.340 0.16234 0.00000
7265.980 0.16226 0.00000
7268.620 0.16218 0.00000
7271.590 0.16209 0.00000
7274.230 0.16201 0.00000
7276.870 0.16192 0.00000
7279.510 0.16184 0.00000
7282.150 0.16176 0.00000
7285.120 0.16167 0.00000
7287.760 0.16159 0.00000
7290.400 0.16151 0.00000
7293.040 0.16143 0.00000
7295.680 0.16135 0.00000
7298.320 0.16126 0.00000
7301.290 0.16117 0.00000
7303.930 0.16109 0.00000
7306.570 0.16101 0.00000
7309.210 0.16093 0.00000
7311.850 0.16085 0.00000
7314.820 0.16076 0.00000
7317.460 0.16068 0.00000
7320.100 0.16060 0.00000
7322.740 0.16051 0.00000
7325.380 0.16043 0.00000
7328.350 0.16034 0.00000
7330.990 0.16026 0.00000
7333.630 0.16018 0.00000
7336.270 0.16010 0.00000
7338.910 0.16002 0.00000
7341.880 0.15993 0.00000
7344.520 0.15984 0.00000
7347.160 0.15976 0.00000
7349.800 0.15968 0.00000
7352.440 0.15960 0.00000
7355.080 0.15952 0.00000
7358.050 0.15943 0.00000
7360.690 0.15935 0.00000
7363.330 0.15927 0.00000
7365.970 0.15919 0.00000
7368.610 0.15910 0.00000
7371.580 0.15901 0.00000
7374.220 0.15893 0.00000
7376.860 0.15885 0.00000
7379.500 0.15877 0.00000
