instruments/deimos/GG455_1200B.txt
# %ECSV 0.9
# ---
# datatype:
# - {name: wav, datatype: float32}
# - {name: eff, datatype: float64}
# - {name: eff_unc, datatype: float64}
# meta: !!omap
# - {Filter: GG455}
# - {cwav: '7000'}
# - {Grating: 1200B}
# schema: astropy-2.0
wav eff eff_unc
[from data line 641]
7385.110 0.15860 0.00000
7387.750 0.15852 0.00000
7390.390 0.15843 0.00000
7393.030 0.15835 0.00000
7395.670 0.15827 0.00000
7398.310 0.15819 0.00000
7401.280 0.15810 0.00000
7403.920 0.15801 0.00000
7406.560 0.15792 0.00000
7409.200 0.15784 0.00000
7411.840 0.15775 0.00000
7414.810 0.15765 0.00000
7417.450 0.15756 0.00000
7420.090 0.15747 0.00000
7422.730 0.15738 0.00000
7425.370 0.15730 0.00000
7428.340 0.15720 0.00000
7430.980 0.15711 0.00000
7433.620 0.15702 0.00000
7436.260 0.15693 0.00000
7438.900 0.15684 0.00000
7441.540 0.15675 0.00000
7444.510 0.15665 0.00000
7447.150 0.15656 0.00000
7449.790 0.15647 0.00000
7452.430 0.15638 0.00000
7455.070 0.15629 0.00000
7458.040 0.15619 0.00000
7460.680 0.15610 0.00000
7463.320 0.15601 0.00000
7465.960 0.15592 0.00000
7468.600 0.15583 0.00000
7471.570 0.15573 0.00000
7474.210 0.15564 0.00000
7476.850 0.15555 0.00000
7479.490 0.15546 0.00000
7482.130 0.15537 0.00000
7484.770 0.15528 0.00000
7487.740 0.15518 0.00000
7490.380 0.15509 0.00000
7493.020 0.15500 0.00000
7495.660 0.15491 0.00000
7498.300 0.15482 0.00000
7501.270 0.15471 0.00000
7503.910 0.15462 0.00000
7506.550 0.15453 0.00000
7509.190 0.15444 0.00000
7511.830 0.15435 0.00000
7514.800 0.15425 0.00000
7517.440 0.15416 0.00000
7520.080 0.15406 0.00000
7522.720 0.15397 0.00000
7525.360 0.15388 0.00000
7528.000 0.15379 0.00000
7530.970 0.15369 0.00000
7533.610 0.15360 0.00000
7536.250 0.15350 0.00000
7538.890 0.15341 0.00000
7541.530 0.15332 0.00000
7544.500 0.15322 0.00000
7547.140 0.15312 0.00000
7549.780 0.15303 0.00000
7552.420 0.15294 0.00000
7555.060 0.15285 0.00000
7558.030 0.15274 0.00000
7560.670 0.15265 0.00000
7563.310 0.15256 0.00000
7565.950 0.15246 0.00000
7568.590 0.15237 0.00000
7571.230 0.15228 0.00000
7574.200 0.15217 0.00000
7576.840 0.15208 0.00000
7579.480 0.15199 0.00000
7582.120 0.15189 0.00000
7584.760 0.15180 0.00000
7587.730 0.15170 0.00000
7590.370 0.15160 0.00000
7593.010 0.15151 0.00000
7595.650 0.15142 0.00000
7598.290 0.15132 0.00000
7601.260 0.15122 0.00000
7603.900 0.15112 0.00000
7606.540 0.15103 0.00000
7609.180 0.15094 0.00000
7611.820 0.15084 0.00000
7614.460 0.15075 0.00000
7617.430 0.15065 0.00000
7620.070 0.15055 0.00000
7622.710 0.15046 0.00000
7625.350 0.15037 0.00000
7627.990 0.15027 0.00000
7630.960 0.15017 0.00000
7633.600 0.15007 0.00000
7636.240 0.14998 0.00000
7638.880 0.14989 0.00000
7641.520 0.14979 0.00000
7644.490 0.14969 0.00000
7647.130 0.14960 0.00000
7649.770 0.14950 0.00000
7652.410 0.14941 0.00000
7655.050 0.14932 0.00000
7657.690 0.14922 0.00000
7660.660 0.14912 0.00000
7663.300 0.14902 0.00000
7665.940 0.14893 0.00000
7668.580 0.14884 0.00000
7671.220 0.14875 0.00000
7674.190 0.14864 0.00000
7676.830 0.14855 0.00000
7679.470 0.14845 0.00000
7682.110 0.14836 0.00000
7684.750 0.14827 0.00000
7687.720 0.14816 0.00000
7690.360 0.14807 0.00000
7693.000 0.14798 0.00000
7695.640 0.14788 0.00000
7698.280 0.14779 0.00000
7701.250 0.14768 0.00000
7703.890 0.14759 0.00000
7706.530 0.14750 0.00000
7709.170 0.14740 0.00000
7711.810 0.14731 0.00000
7714.450 0.14722 0.00000
7717.420 0.14711 0.00000
7720.060 0.14702 0.00000
7722.700 0.14693 0.00000
7725.340 0.14683 0.00000
7727.980 0.14674 0.00000
7730.950 0.14663 0.00000
7733.590 0.14654 0.00000
7736.230 0.14645 0.00000
7738.870 0.14635 0.00000
7741.510 0.14626 0.00000
7744.480 0.14616 0.00000
7747.120 0.14606 0.00000
7749.760 0.14597 0.00000
7752.400 0.14588 0.00000
7755.040 0.14578 0.00000
7757.680 0.14569 0.00000
7760.650 0.14558 0.00000
7763.290 0.14549 0.00000
7765.930 0.14540 0.00000
7768.570 0.14530 0.00000
7771.210 0.14521 0.00000
7774.180 0.14510 0.00000
7776.820 0.14501 0.00000
7779.460 0.14492 0.00000
7782.100 0.14482 0.00000
7784.740 0.14473 0.00000
7787.710 0.14463 0.00000
7790.350 0.14453 0.00000
7792.990 0.14444 0.00000
7795.630 0.14435 0.00000
7798.270 0.14425 0.00000
7800.910 0.14416 0.00000
7803.880 0.14406 0.00000
7806.520 0.14396 0.00000
7809.160 0.14387 0.00000
7811.800 0.14378 0.00000
7814.440 0.14368 0.00000
7817.410 0.14358 0.00000
7820.050 0.14349 0.00000
7822.690 0.14339 0.00000
7825.330 0.14330 0.00000
7827.970 0.14321 0.00000
7830.940 0.14310 0.00000
7833.580 0.14301 0.00000
7836.220 0.14292 0.00000
7838.860 0.14282 0.00000
7841.500 0.14273 0.00000
7844.140 0.14264 0.00000
7847.110 0.14254 0.00000
7849.750 0.14244 0.00000
7852.390 0.14235 0.00000
7855.030 0.14226 0.00000
7857.670 0.14217 0.00000
7860.640 0.14206 0.00000
7863.280 0.14197 0.00000
7865.920 0.14188 0.00000
7868.560 0.14179 0.00000
7871.200 0.14169 0.00000
7874.170 0.14159 0.00000
7876.810 0.14150 0.00000
7879.450 0.14141 0.00000
7882.090 0.14132 0.00000
7884.730 0.14122 0.00000
7887.370 0.14113 0.00000
7890.340 0.14103 0.00000
7892.980 0.14094 0.00000
7895.620 0.14085 0.00000
7898.260 0.14076 0.00000
7900.900 0.14066 0.00000
7903.870 0.14056 0.00000
7906.510 0.14047 0.00000
7909.150 0.14038 0.00000
7911.790 0.14029 0.00000
7914.430 0.14020 0.00000
7917.400 0.14009 0.00000
7920.040 0.14000 0.00000
7922.680 0.13991 0.00000
7925.320 0.13982 0.00000
7927.960 0.13973 0.00000
7930.600 0.13964 0.00000
7933.570 0.13954 0.00000
7936.210 0.13945 0.00000
7938.850 0.13936 0.00000
7941.490 0.13927 0.00000
7944.130 0.13918 0.00000
7947.100 0.13908 0.00000
7949.740 0.13899 0.00000
7952.380 0.13890 0.00000
7955.020 0.13881 0.00000
7957.660 0.13872 0.00000
7960.630 0.13862 0.00000
7963.270 0.13853 0.00000
7965.910 0.13844 0.00000
7968.550 0.13835 0.00000
7971.190 0.13826 0.00000
7973.830 0.13817 0.00000
7976.800 0.13807 0.00000
7979.440 0.13798 0.00000
7982.080 0.13789 0.00000
7984.720 0.13780 0.00000
7987.360 0.13772 0.00000
7990.330 0.13762 0.00000
7992.970 0.13753 0.00000
7995.610 0.13744 0.00000
7998.250 0.13735 0.00000
8000.890 0.13726 0.00000
8003.860 0.13716 0.00000
8006.500 0.13708 0.00000
8009.140 0.13699 0.00000
8011.780 0.13690 0.00000
8014.420 0.13681 0.00000
8017.390 0.13671 0.00000
8020.030 0.13663 0.00000
8022.670 0.13654 0.00000
8025.310 0.13645 0.00000
8027.950 0.13636 0.00000
8030.590 0.13628 0.00000
8033.560 0.13618 0.00000
8036.200 0.13609 0.00000
8038.840 0.13601 0.00000
8041.480 0.13592 0.00000
8044.120 0.13583 0.00000
8047.090 0.13574 0.00000
8049.730 0.13565 0.00000
8052.370 0.13556 0.00000
8055.010 0.13548 0.00000
8057.650 0.13539 0.00000
8060.620 0.13530 0.00000
8063.260 0.13521 0.00000
8065.900 0.13513 0.00000
8068.540 0.13504 0.00000
8071.180 0.13495 0.00000
8073.820 0.13487 0.00000
8076.790 0.13477 0.00000
8079.430 0.13469 0.00000
8082.070 0.13460 0.00000
8084.710 0.13452 0.00000
8087.350 0.13444 0.00000
8090.320 0.13434 0.00000
8092.960 0.13426 0.00000
8095.600 0.13417 0.00000
8098.240 0.13409 0.00000
8100.880 0.13400 0.00000
8103.850 0.13391 0.00000
8106.490 0.13383 0.00000
8109.130 0.13374 0.00000
8111.770 0.13366 0.00000
8114.410 0.13358 0.00000
8117.050 0.13349 0.00000
8120.020 0.13340 0.00000
8122.660 0.13332 0.00000
8125.300 0.13324 0.00000
8127.940 0.13315 0.00000
