instruments/deimos/GG455_900ZD.txt
# %ECSV 0.9
# ---
# datatype:
# - {name: wav, datatype: float32}
# - {name: eff, datatype: float64}
# - {name: eff_unc, datatype: float64}
# meta: !!omap
# - {Filter: GG455}
# - {cwav: '7000'}
# - {Grating: 900ZD}
# schema: astropy-2.0
wav eff eff_unc
[from data line 641]
7509.080 0.20323 0.00835
7512.600 0.20309 0.00835
7516.120 0.20295 0.00836
7519.640 0.20281 0.00837
7523.600 0.20265 0.00838
7527.120 0.20251 0.00839
7530.640 0.20237 0.00839
7534.160 0.20223 0.00840
7537.680 0.20209 0.00841
7541.200 0.20195 0.00842
7545.160 0.20179 0.00843
7548.680 0.20165 0.00844
7552.200 0.20151 0.00844
7555.720 0.20137 0.00845
7559.240 0.20122 0.00846
7562.760 0.20107 0.00847
7566.720 0.20091 0.00847
7570.240 0.20076 0.00848
7573.760 0.20061 0.00849
7577.280 0.20046 0.00850
7580.800 0.20031 0.00850
7584.760 0.20014 0.00851
7588.280 0.19999 0.00852
7591.800 0.19984 0.00853
7595.320 0.19969 0.00854
7598.840 0.19954 0.00854
7602.360 0.19939 0.00855
7606.320 0.19922 0.00856
7609.840 0.19908 0.00857
7613.360 0.19893 0.00857
7616.880 0.19878 0.00858
7620.400 0.19863 0.00859
7623.920 0.19848 0.00860
7627.880 0.19831 0.00861
7631.400 0.19816 0.00861
7634.920 0.19801 0.00862
7638.440 0.19786 0.00863
7641.960 0.19771 0.00864
7645.480 0.19756 0.00864
7649.440 0.19739 0.00865
7652.960 0.19724 0.00866
7656.480 0.19710 0.00867
7660.000 0.19695 0.00868
7663.520 0.19680 0.00868
7667.480 0.19663 0.00869
7671.000 0.19648 0.00870
7674.520 0.19633 0.00871
7678.040 0.19618 0.00871
7681.560 0.19603 0.00872
7685.080 0.19588 0.00873
7689.040 0.19571 0.00874
7692.560 0.19556 0.00875
7696.080 0.19541 0.00875
7699.600 0.19527 0.00876
7703.120 0.19512 0.00877
7706.640 0.19497 0.00878
7710.600 0.19480 0.00879
7714.120 0.19465 0.00879
7717.640 0.19450 0.00880
7721.160 0.19435 0.00881
7724.680 0.19420 0.00882
7728.200 0.19405 0.00882
7732.160 0.19388 0.00883
7735.680 0.19373 0.00884
7739.200 0.19358 0.00885
7742.720 0.19344 0.00886
7746.240 0.19328 0.00886
7749.760 0.19312 0.00887
7753.720 0.19295 0.00888
7757.240 0.19279 0.00889
7760.760 0.19264 0.00889
7764.280 0.19248 0.00890
7767.800 0.19232 0.00891
7771.760 0.19215 0.00892
7775.280 0.19199 0.00892
7778.800 0.19183 0.00893
7782.320 0.19167 0.00894
7785.840 0.19152 0.00894
7789.360 0.19136 0.00895
7793.320 0.19118 0.00896
7796.840 0.19102 0.00897
7800.360 0.19086 0.00897
7803.880 0.19071 0.00898
7807.400 0.19055 0.00899
7810.920 0.19039 0.00899
7814.880 0.19021 0.00900
7818.400 0.19005 0.00901
7821.920 0.18989 0.00902
7825.440 0.18973 0.00902
7828.960 0.18957 0.00903
7832.480 0.18941 0.00904
7836.440 0.18923 0.00905
7839.960 0.18907 0.00905
7843.480 0.18891 0.00906
7847.000 0.18875 0.00907
7850.520 0.18859 0.00907
7854.480 0.18841 0.00908
7858.000 0.18824 0.00909
7861.520 0.18808 0.00909
7865.040 0.18792 0.00910
7868.560 0.18776 0.00911
7872.080 0.18760 0.00911
7876.040 0.18742 0.00912
7879.560 0.18725 0.00913
7883.080 0.18709 0.00913
7886.600 0.18693 0.00914
7890.120 0.18677 0.00915
7893.640 0.18660 0.00915
7897.600 0.18642 0.00916
7901.120 0.18626 0.00917
7904.640 0.18609 0.00917
7908.160 0.18593 0.00918
7911.680 0.18577 0.00919
7915.200 0.18560 0.00919
7919.160 0.18542 0.00920
7922.680 0.18525 0.00921
7926.200 0.18509 0.00921
7929.720 0.18493 0.00922
7933.240 0.18476 0.00923
7936.760 0.18460 0.00923
7940.720 0.18441 0.00924
7944.240 0.18425 0.00925
7947.760 0.18408 0.00925
7951.280 0.18392 0.00926
7954.800 0.18375 0.00927
7958.760 0.18357 0.00927
7962.280 0.18340 0.00928
7965.800 0.18324 0.00928
7969.320 0.18307 0.00929
7972.840 0.18291 0.00930
7976.360 0.18274 0.00930
7980.320 0.18255 0.00931
7983.840 0.18239 0.00932
7987.360 0.18222 0.00932
7990.880 0.18206 0.00933
7994.400 0.18189 0.00933
7997.920 0.18172 0.00934
8001.880 0.18154 0.00935
8005.400 0.18137 0.00935
8008.920 0.18120 0.00936
8012.440 0.18104 0.00936
8015.960 0.18087 0.00937
8019.480 0.18070 0.00938
8023.440 0.18052 0.00938
8026.960 0.18035 0.00939
8030.480 0.18018 0.00939
8034.000 0.18001 0.00940
8037.520 0.17985 0.00941
8041.040 0.17968 0.00941
8045.000 0.17949 0.00942
8048.520 0.17932 0.00942
8052.040 0.17916 0.00943
8055.560 0.17899 0.00943
8059.080 0.17882 0.00944
8063.040 0.17863 0.00945
8066.560 0.17846 0.00945
8070.080 0.17830 0.00946
8073.600 0.17813 0.00946
8077.120 0.17796 0.00947
8080.640 0.17779 0.00947
8084.600 0.17760 0.00948
8088.120 0.17743 0.00948
8091.640 0.17726 0.00949
8095.160 0.17710 0.00949
8098.680 0.17693 0.00950
8102.200 0.17676 0.00950
8106.160 0.17657 0.00951
8109.680 0.17640 0.00952
8113.200 0.17623 0.00952
8116.720 0.17606 0.00953
8120.240 0.17590 0.00953
8123.760 0.17573 0.00954
8127.720 0.17554 0.00954
8131.240 0.17537 0.00954
8134.760 0.17520 0.00955
8138.280 0.17503 0.00955
8141.800 0.17486 0.00956
8145.760 0.17467 0.00956
8149.280 0.17450 0.00956
8152.800 0.17433 0.00957
8156.320 0.17416 0.00957
8159.840 0.17399 0.00958
8163.360 0.17382 0.00958
8167.320 0.17363 0.00958
8170.840 0.17347 0.00959
8174.360 0.17330 0.00959
8177.880 0.17313 0.00959
8181.400 0.17296 0.00960
8184.920 0.17279 0.00960
8188.880 0.17260 0.00961
8192.400 0.17243 0.00961
8195.920 0.17226 0.00961
8199.440 0.17209 0.00962
8202.960 0.17192 0.00962
8206.480 0.17175 0.00962
8210.440 0.17156 0.00963
8213.960 0.17140 0.00963
8217.480 0.17123 0.00964
8221.000 0.17106 0.00964
8224.520 0.17089 0.00964
8228.040 0.17072 0.00965
8232.000 0.17053 0.00965
8235.520 0.17036 0.00966
8239.040 0.17019 0.00966
8242.560 0.17002 0.00966
8246.080 0.16985 0.00967
8250.040 0.16966 0.00967
8253.560 0.16949 0.00967
8257.080 0.16932 0.00968
8260.600 0.16916 0.00968
8264.120 0.16899 0.00969
8267.640 0.16882 0.00969
8271.600 0.16863 0.00969
8275.120 0.16846 0.00970
8278.640 0.16829 0.00970
8282.160 0.16812 0.00971
8285.680 0.16795 0.00971
8289.200 0.16778 0.00971
8293.160 0.16759 0.00972
8296.680 0.16742 0.00972
8300.200 0.16725 0.00972
8303.720 0.16709 0.00973
8307.240 0.16692 0.00973
8310.760 0.16675 0.00974
8314.720 0.16656 0.00974
8318.240 0.16639 0.00974
8321.760 0.16622 0.00975
8325.280 0.16605 0.00975
8328.800 0.16588 0.00976
8332.760 0.16569 0.00976
8336.280 0.16552 0.00976
8339.800 0.16535 0.00977
8343.320 0.16518 0.00977
8346.840 0.16501 0.00977
8350.360 0.16485 0.00978
8354.320 0.16466 0.00978
8357.840 0.16449 0.00979
8361.360 0.16432 0.00979
8364.880 0.16415 0.00979
8368.400 0.16398 0.00980
8371.920 0.16381 0.00980
8375.880 0.16362 0.00981
8379.400 0.16345 0.00981
8382.920 0.16328 0.00981
8386.440 0.16311 0.00982
8389.960 0.16294 0.00982
8393.480 0.16277 0.00983
8397.440 0.16259 0.00983
8400.960 0.16242 0.00983
8404.480 0.16225 0.00983
8408.000 0.16208 0.00983
8411.520 0.16192 0.00984
8415.040 0.16175 0.00984
8419.000 0.16156 0.00984
8422.520 0.16139 0.00984
8426.040 0.16123 0.00985
8429.560 0.16106 0.00985
8433.080 0.16089 0.00985
8437.040 0.16070 0.00985
8440.560 0.16054 0.00985
8444.080 0.16037 0.00986
8447.600 0.16021 0.00986
8451.120 0.16004 0.00986
8454.640 0.15987 0.00986
8458.600 0.15969 0.00986
8462.120 0.15952 0.00987
8465.640 0.15935 0.00987
8469.160 0.15919 0.00987
8472.680 0.15902 0.00987
8476.200 0.15886 0.00987
8480.160 0.15867 0.00987
8483.680 0.15850 0.00987
8487.200 0.15834 0.00988
8490.720 0.15817 0.00988
8494.240 0.15801 0.00988
8497.760 0.15784 0.00988
8501.720 0.15766 0.00988
8505.240 0.15749 0.00988
8508.760 0.15733 0.00988
8512.280 0.15716 0.00988
8515.800 0.15700 0.00989
8519.760 0.15681 0.00989
8523.280 0.15665 0.00989
8526.800 0.15649 0.00989
8530.320 0.15632 0.00989
8533.840 0.15616 0.00989
8537.360 0.15600 0.00989
8541.320 0.15581 0.00989
8544.840 0.15565 0.00989
8548.360 0.15548 0.00989
8551.880 0.15532 0.00989
8555.400 0.15516 0.00989
8558.920 0.15500 0.00990
8562.880 0.15481 0.00990
8566.400 0.15465 0.00990
8569.920 0.15449 0.00990
8573.440 0.15433 0.00990
8576.960 0.15416 0.00990
8580.480 0.15400 0.00990
8584.440 0.15382 0.00990
8587.960 0.15366 0.00990
8591.480 0.15350 0.00990
8595.000 0.15334 0.00990
8598.520 0.15317 0.00990
8602.040 0.15301 0.00990
8606.000 0.15283 0.00990
8609.520 0.15267 0.00990
8613.040 0.15251 0.00990
8616.560 0.15235 0.00990
8620.080 0.15219 0.00990
8624.040 0.15201 0.00990
8627.560 0.15185 0.00990
8631.080 0.15169 0.00990
8634.600 0.15153 0.00990
8638.120 0.15137 0.00990
8641.640 0.15121 0.00989
8645.600 0.15104 0.00989
8649.120 0.15088 0.00989
8652.640 0.15072 0.00989
8656.160 0.15056 0.00989
8659.680 0.15040 0.00989
8663.200 0.15024 0.00989
8667.160 0.15007 0.00989
8670.680 0.14991 0.00989
8674.200 0.14975 0.00989
8677.720 0.14959 0.00989
8681.240 0.14944 0.00989
8684.760 0.14928 0.00988
8688.720 0.14910 0.00988
8692.240 0.14895 0.00988
8695.760 0.14879 0.00988
8699.280 0.14864 0.00988
8702.800 0.14848 0.00988
8706.760 0.14830 0.00988
8710.280 0.14815 0.00988
8713.800 0.14799 0.00987
8717.320 0.14784 0.00987
8720.840 0.14768 0.00987
8724.360 0.14753 0.00987
8728.320 0.14736 0.00987
8731.840 0.14720 0.00987
8735.360 0.14705 0.00986
8738.880 0.14689 0.00986
8742.400 0.14674 0.00986
8745.920 0.14659 0.00986
8749.880 0.14642 0.00986
8753.400 0.14626 0.00985
8756.920 0.14611 0.00985
8760.440 0.14596 0.00985
8763.960 0.14581 0.00985
8767.480 0.14565 0.00985
8771.440 0.14548 0.00984
8774.960 0.14533 0.00984
8778.480 0.14518 0.00984
8782.000 0.14503 0.00984
8785.520 0.14488 0.00983
8789.040 0.14473 0.00983
8793.000 0.14456 0.00983
