instruments/deimos/GG455_600ZD.txt
# %ECSV 0.9
# ---
# datatype:
# - {name: wav, datatype: float32}
# - {name: eff, datatype: float64}
# - {name: eff_unc, datatype: float64}
# meta: !!omap
# - {Filter: GG455}
# - {cwav: '6500'}
# - {Grating: 600ZD}
# schema: astropy-2.0
wav eff eff_unc
[from data line 641]
7225.760 0.24615 0.00808
7230.240 0.24615 0.00809
7234.720 0.24616 0.00810
7239.200 0.24616 0.00811
7243.680 0.24617 0.00812
7247.520 0.24617 0.00812
7252.000 0.24618 0.00813
7256.480 0.24619 0.00814
7260.960 0.24619 0.00815
7265.440 0.24620 0.00816
7269.920 0.24620 0.00817
7274.400 0.24621 0.00817
7278.240 0.24621 0.00818
7282.720 0.24622 0.00819
7287.200 0.24623 0.00820
7291.680 0.24623 0.00821
7296.160 0.24624 0.00822
7300.640 0.24624 0.00822
7304.480 0.24625 0.00823
7308.960 0.24626 0.00824
7313.440 0.24626 0.00825
7317.920 0.24627 0.00826
7322.400 0.24627 0.00826
7326.880 0.24628 0.00827
7331.360 0.24628 0.00828
7335.200 0.24629 0.00829
7339.680 0.24630 0.00830
7344.160 0.24630 0.00830
7348.640 0.24631 0.00831
7353.120 0.24631 0.00832
7357.600 0.24632 0.00833
7362.080 0.24633 0.00834
7365.920 0.24633 0.00835
7370.400 0.24634 0.00835
7374.880 0.24634 0.00836
7379.360 0.24635 0.00837
7383.840 0.24635 0.00838
7388.320 0.24636 0.00839
7392.800 0.24637 0.00840
7396.640 0.24637 0.00840
7401.120 0.24638 0.00841
7405.600 0.24635 0.00842
7410.080 0.24633 0.00842
7414.560 0.24630 0.00843
7419.040 0.24628 0.00843
7422.880 0.24625 0.00843
7427.360 0.24622 0.00844
7431.840 0.24620 0.00844
7436.320 0.24616 0.00845
7440.800 0.24613 0.00845
7445.280 0.24610 0.00845
7449.760 0.24607 0.00846
7453.600 0.24604 0.00846
7458.080 0.24600 0.00846
7462.560 0.24596 0.00847
7467.040 0.24593 0.00847
7471.520 0.24589 0.00847
7476.000 0.24585 0.00847
7480.480 0.24581 0.00848
7484.320 0.24577 0.00848
7488.800 0.24573 0.00848
7493.280 0.24568 0.00848
7497.760 0.24564 0.00848
7502.240 0.24559 0.00848
7506.720 0.24554 0.00849
7511.200 0.24549 0.00849
7515.040 0.24545 0.00849
7519.520 0.24540 0.00849
7524.000 0.24535 0.00849
7528.480 0.24530 0.00849
7532.960 0.24524 0.00849
7537.440 0.24519 0.00849
7541.280 0.24514 0.00849
7545.760 0.24508 0.00849
7550.240 0.24503 0.00849
7554.720 0.24497 0.00849
7559.200 0.24491 0.00849
7563.680 0.24482 0.00848
7568.160 0.24474 0.00848
7572.000 0.24467 0.00847
7576.480 0.24458 0.00847
7580.960 0.24450 0.00846
7585.440 0.24441 0.00846
7589.920 0.24433 0.00845
7594.400 0.24425 0.00845
7598.880 0.24416 0.00844
7602.720 0.24409 0.00844
7607.200 0.24401 0.00843
7611.680 0.24392 0.00843
7616.160 0.24384 0.00842
7620.640 0.24375 0.00842
7625.120 0.24367 0.00841
7629.600 0.24358 0.00841
7633.440 0.24351 0.00840
7637.920 0.24343 0.00840
7642.400 0.24334 0.00839
7646.880 0.24326 0.00839
7651.360 0.24318 0.00838
7655.840 0.24309 0.00838
7659.680 0.24302 0.00837
7664.160 0.24294 0.00837
7668.640 0.24285 0.00837
7673.120 0.24277 0.00836
7677.600 0.24268 0.00836
7682.080 0.24260 0.00835
7686.560 0.24251 0.00835
7690.400 0.24244 0.00834
7694.880 0.24236 0.00834
7699.360 0.24227 0.00833
7703.840 0.24219 0.00833
7708.320 0.24211 0.00832
7712.800 0.24202 0.00832
7717.280 0.24194 0.00831
7721.120 0.24187 0.00831
7725.600 0.24178 0.00830
7730.080 0.24170 0.00830
7734.560 0.24161 0.00829
7739.040 0.24153 0.00829
7743.520 0.24144 0.00828
7748.000 0.24134 0.00828
7751.840 0.24124 0.00827
7756.320 0.24113 0.00826
7760.800 0.24102 0.00825
7765.280 0.24091 0.00824
7769.760 0.24079 0.00823
7774.240 0.24068 0.00822
7778.080 0.24058 0.00821
7782.560 0.24046 0.00819
7787.040 0.24034 0.00818
7791.520 0.24022 0.00817
7796.000 0.24010 0.00816
7800.480 0.23997 0.00815
7804.960 0.23985 0.00814
7808.800 0.23974 0.00812
7813.280 0.23962 0.00811
7817.760 0.23949 0.00810
7822.240 0.23936 0.00809
7826.720 0.23923 0.00807
7831.200 0.23910 0.00806
7835.680 0.23897 0.00805
7839.520 0.23885 0.00803
7844.000 0.23872 0.00802
7848.480 0.23858 0.00801
7852.960 0.23845 0.00799
7857.440 0.23831 0.00798
7861.920 0.23817 0.00796
7866.400 0.23803 0.00795
7870.240 0.23791 0.00793
7874.720 0.23777 0.00792
7879.200 0.23762 0.00790
7883.680 0.23748 0.00789
7888.160 0.23733 0.00787
7892.640 0.23718 0.00785
7896.480 0.23706 0.00784
7900.960 0.23691 0.00782
7905.440 0.23676 0.00781
7909.920 0.23661 0.00779
7914.400 0.23645 0.00777
7918.880 0.23630 0.00776
7923.360 0.23614 0.00774
7927.200 0.23601 0.00772
7931.680 0.23585 0.00771
7936.160 0.23569 0.00769
7940.640 0.23553 0.00767
7945.120 0.23537 0.00765
7949.600 0.23521 0.00764
7954.080 0.23505 0.00762
7957.920 0.23490 0.00760
7962.400 0.23474 0.00758
7966.880 0.23457 0.00756
7971.360 0.23440 0.00755
7975.840 0.23423 0.00753
7980.320 0.23406 0.00751
7984.800 0.23389 0.00749
7988.640 0.23374 0.00747
7993.120 0.23357 0.00745
7997.600 0.23339 0.00743
8002.080 0.23322 0.00741
8006.560 0.23304 0.00739
8011.040 0.23286 0.00737
8014.880 0.23271 0.00736
8019.360 0.23253 0.00734
8023.840 0.23235 0.00731
8028.320 0.23216 0.00729
8032.800 0.23198 0.00727
8037.280 0.23179 0.00725
8041.760 0.23161 0.00723
8045.600 0.23145 0.00721
8050.080 0.23126 0.00719
8054.560 0.23107 0.00717
8059.040 0.23088 0.00715
8063.520 0.23068 0.00713
8068.000 0.23049 0.00711
8072.480 0.23029 0.00709
8076.320 0.23013 0.00707
8080.800 0.22993 0.00704
8085.280 0.22973 0.00702
8089.760 0.22953 0.00700
8094.240 0.22933 0.00698
8098.720 0.22913 0.00696
8103.200 0.22893 0.00693
8107.040 0.22875 0.00691
8111.520 0.22855 0.00689
8116.000 0.22834 0.00687
8120.480 0.22814 0.00685
8124.960 0.22793 0.00682
8129.440 0.22772 0.00680
8133.280 0.22751 0.00678
8137.760 0.22726 0.00675
8142.240 0.22702 0.00672
8146.720 0.22678 0.00669
8151.200 0.22653 0.00667
8155.680 0.22629 0.00664
8160.160 0.22604 0.00661
8164.000 0.22583 0.00659
8168.480 0.22559 0.00656
8172.960 0.22535 0.00654
8177.440 0.22510 0.00651
8181.920 0.22486 0.00648
8186.400 0.22461 0.00645
8190.880 0.22437 0.00643
8194.720 0.22416 0.00640
8199.200 0.22392 0.00638
8203.680 0.22367 0.00635
8208.160 0.22343 0.00632
8212.640 0.22318 0.00630
8217.120 0.22294 0.00627
8221.600 0.22270 0.00624
8225.440 0.22249 0.00622
8229.920 0.22224 0.00619
8234.400 0.22200 0.00617
8238.880 0.22175 0.00614
8243.360 0.22151 0.00612
8247.840 0.22127 0.00609
8252.320 0.22102 0.00606
8256.160 0.22081 0.00604
8260.640 0.22057 0.00601
8265.120 0.22032 0.00599
8269.600 0.22008 0.00596
8274.080 0.21984 0.00594
8278.560 0.21959 0.00591
8282.400 0.21938 0.00589
8286.880 0.21914 0.00586
8291.360 0.21889 0.00584
8295.840 0.21865 0.00581
8300.320 0.21841 0.00578
8304.800 0.21816 0.00576
8309.280 0.21792 0.00573
8313.120 0.21771 0.00571
8317.600 0.21747 0.00569
8322.080 0.21722 0.00566
8326.560 0.21698 0.00564
8331.040 0.21673 0.00561
8335.520 0.21649 0.00558
8340.000 0.21624 0.00556
8343.840 0.21604 0.00554
8348.320 0.21579 0.00551
8352.800 0.21555 0.00549
8357.280 0.21530 0.00546
8361.760 0.21506 0.00544
8366.240 0.21481 0.00541
8370.720 0.21457 0.00539
8374.560 0.21436 0.00537
8379.040 0.21412 0.00534
8383.520 0.21387 0.00532
8388.000 0.21363 0.00529
8392.480 0.21339 0.00527
8396.960 0.21311 0.00524
8400.800 0.21287 0.00522
8405.280 0.21259 0.00519
8409.760 0.21231 0.00516
8414.240 0.21202 0.00513
8418.720 0.21174 0.00510
8423.200 0.21145 0.00507
8427.680 0.21117 0.00504
8431.520 0.21092 0.00501
8436.000 0.21063 0.00498
8440.480 0.21034 0.00495
8444.960 0.21005 0.00492
8449.440 0.20976 0.00489
8453.920 0.20947 0.00486
8458.400 0.20917 0.00483
8462.240 0.20892 0.00481
8466.720 0.20863 0.00478
8471.200 0.20833 0.00475
8475.680 0.20803 0.00472
8480.160 0.20773 0.00468
8484.640 0.20743 0.00465
8489.120 0.20713 0.00462
8492.960 0.20687 0.00460
8497.440 0.20657 0.00457
8501.920 0.20626 0.00453
8506.400 0.20595 0.00450
8510.880 0.20565 0.00447
8515.360 0.20534 0.00444
8519.200 0.20507 0.00442
8523.680 0.20476 0.00438
8528.160 0.20445 0.00435
8532.640 0.20414 0.00432
8537.120 0.20383 0.00429
8541.600 0.20351 0.00426
8546.080 0.20319 0.00423
8549.920 0.20292 0.00420
8554.400 0.20261 0.00417
8558.880 0.20229 0.00414
8563.360 0.20197 0.00411
8567.840 0.20164 0.00408
8572.320 0.20132 0.00405
8576.800 0.20100 0.00401
8580.640 0.20072 0.00399
8585.120 0.20039 0.00396
8589.600 0.20007 0.00393
8594.080 0.19974 0.00390
8598.560 0.19941 0.00386
8603.040 0.19908 0.00383
8607.520 0.19875 0.00380
8611.360 0.19846 0.00378
8615.840 0.19813 0.00375
8620.320 0.19780 0.00372
8624.800 0.19746 0.00369
8629.280 0.19712 0.00366
8633.760 0.19679 0.00363
8637.600 0.19649 0.00360
8642.080 0.19615 0.00358
8646.560 0.19581 0.00355
8651.040 0.19547 0.00352
8655.520 0.19513 0.00349
8660.000 0.19478 0.00346
8664.480 0.19444 0.00344
8668.320 0.19414 0.00342
8672.800 0.19379 0.00339
8677.280 0.19345 0.00336
8681.760 0.19310 0.00334
8686.240 0.19274 0.00331
8690.720 0.19239 0.00329
8695.200 0.19204 0.00327
8699.040 0.19174 0.00325
8703.520 0.19138 0.00323
8708.000 0.19102 0.00320
8712.480 0.19067 0.00318
8716.960 0.19031 0.00316
8721.440 0.18995 0.00314
8725.920 0.18959 0.00313
8729.760 0.18928 0.00311
8734.240 0.18892 0.00310
8738.720 0.18855 0.00308
8743.200 0.18819 0.00307
8747.680 0.18782 0.00305
8752.160 0.18745 0.00304
8756.000 0.18714 0.00303
8760.480 0.18677 0.00302
8764.960 0.18640 0.00301
8769.440 0.18603 0.00301
8773.920 0.18565 0.00300
8778.400 0.18528 0.00300
8782.880 0.18491 0.00299
8786.720 0.18458 0.00299
8791.200 0.18421 0.00299
