instruments/deimos/OG550_8000_1200B.txt
# %ECSV 0.9
# ---
# datatype:
# - {name: wav, datatype: float32}
# - {name: eff, datatype: float64}
# - {name: eff_unc, datatype: float64}
# meta: !!omap
# - {Filter: OG550}
# - {cwav: '8000'}
# - {Grating: 1200B}
# schema: astropy-2.0
wav eff eff_unc
[from data line 641]
8385.110 0.11046 0.00000
8387.750 0.11040 0.00000
8390.390 0.11034 0.00000
8393.030 0.11028 0.00000
8395.670 0.11022 0.00000
8398.310 0.11016 0.00000
8401.280 0.11010 0.00000
8403.920 0.11004 0.00000
8406.560 0.10998 0.00000
8409.200 0.10991 0.00000
8411.840 0.10985 0.00000
8414.810 0.10979 0.00000
8417.450 0.10973 0.00000
8420.090 0.10967 0.00000
8422.730 0.10961 0.00000
8425.370 0.10955 0.00000
8428.340 0.10948 0.00000
8430.980 0.10942 0.00000
8433.620 0.10936 0.00000
8436.260 0.10930 0.00000
8438.900 0.10924 0.00000
8441.540 0.10918 0.00000
8444.510 0.10911 0.00000
8447.150 0.10905 0.00000
8449.790 0.10899 0.00000
8452.430 0.10893 0.00000
8455.070 0.10887 0.00000
8458.040 0.10880 0.00000
8460.680 0.10874 0.00000
8463.320 0.10868 0.00000
8465.960 0.10862 0.00000
8468.600 0.10856 0.00000
8471.570 0.10849 0.00000
8474.210 0.10843 0.00000
8476.850 0.10837 0.00000
8479.490 0.10831 0.00000
8482.130 0.10824 0.00000
8484.770 0.10818 0.00000
8487.740 0.10812 0.00000
8490.380 0.10806 0.00000
8493.020 0.10800 0.00000
8495.660 0.10793 0.00000
8498.300 0.10787 0.00000
8501.270 0.10781 0.00000
8503.910 0.10775 0.00000
8506.550 0.10768 0.00000
8509.190 0.10762 0.00000
8511.830 0.10756 0.00000
8514.800 0.10749 0.00000
8517.440 0.10743 0.00000
8520.080 0.10737 0.00000
8522.720 0.10731 0.00000
8525.360 0.10725 0.00000
8528.000 0.10719 0.00000
8530.970 0.10712 0.00000
8533.610 0.10706 0.00000
8536.250 0.10700 0.00000
8538.890 0.10694 0.00000
8541.530 0.10688 0.00000
8544.500 0.10681 0.00000
8547.140 0.10675 0.00000
8549.780 0.10669 0.00000
8552.420 0.10663 0.00000
8555.060 0.10657 0.00000
8558.030 0.10650 0.00000
8560.670 0.10644 0.00000
8563.310 0.10638 0.00000
8565.950 0.10632 0.00000
8568.590 0.10626 0.00000
8571.230 0.10620 0.00000
8574.200 0.10613 0.00000
8576.840 0.10607 0.00000
8579.480 0.10601 0.00000
8582.120 0.10595 0.00000
8584.760 0.10589 0.00000
8587.730 0.10582 0.00000
8590.370 0.10576 0.00000
8593.010 0.10570 0.00000
8595.650 0.10564 0.00000
8598.290 0.10558 0.00000
8601.260 0.10551 0.00000
8603.900 0.10545 0.00000
8606.540 0.10539 0.00000
8609.180 0.10533 0.00000
8611.820 0.10527 0.00000
8614.460 0.10521 0.00000
8617.430 0.10514 0.00000
8620.070 0.10508 0.00000
8622.710 0.10502 0.00000
8625.350 0.10496 0.00000
8627.990 0.10489 0.00000
8630.960 0.10483 0.00000
8633.600 0.10477 0.00000
8636.240 0.10471 0.00000
8638.880 0.10464 0.00000
8641.520 0.10458 0.00000
8644.490 0.10452 0.00000
8647.130 0.10446 0.00000
8649.770 0.10439 0.00000
8652.410 0.10433 0.00000
8655.050 0.10427 0.00000
8657.690 0.10421 0.00000
8660.660 0.10414 0.00000
8663.300 0.10408 0.00000
8665.940 0.10402 0.00000
8668.580 0.10396 0.00000
8671.220 0.10390 0.00000
8674.190 0.10383 0.00000
8676.830 0.10377 0.00000
8679.470 0.10371 0.00000
8682.110 0.10365 0.00000
8684.750 0.10359 0.00000
8687.720 0.10352 0.00000
8690.360 0.10346 0.00000
8693.000 0.10340 0.00000
8695.640 0.10334 0.00000
8698.280 0.10328 0.00000
8701.250 0.10322 0.00000
8703.890 0.10315 0.00000
8706.530 0.10309 0.00000
8709.170 0.10303 0.00000
8711.810 0.10297 0.00000
8714.450 0.10291 0.00000
8717.420 0.10285 0.00000
8720.060 0.10279 0.00000
8722.700 0.10272 0.00000
8725.340 0.10266 0.00000
8727.980 0.10260 0.00000
8730.950 0.10254 0.00000
8733.590 0.10248 0.00000
8736.230 0.10242 0.00000
8738.870 0.10236 0.00000
8741.510 0.10230 0.00000
8744.480 0.10223 0.00000
8747.120 0.10217 0.00000
8749.760 0.10211 0.00000
8752.400 0.10205 0.00000
8755.040 0.10199 0.00000
8757.680 0.10193 0.00000
8760.650 0.10186 0.00000
8763.290 0.10180 0.00000
8765.930 0.10174 0.00000
8768.570 0.10168 0.00000
8771.210 0.10162 0.00000
8774.180 0.10155 0.00000
8776.820 0.10149 0.00000
8779.460 0.10143 0.00000
8782.100 0.10137 0.00000
8784.740 0.10131 0.00000
8787.710 0.10124 0.00000
8790.350 0.10118 0.00000
8792.990 0.10112 0.00000
8795.630 0.10106 0.00000
8798.270 0.10100 0.00000
8800.910 0.10094 0.00000
8803.880 0.10088 0.00000
8806.520 0.10082 0.00000
8809.160 0.10076 0.00000
8811.800 0.10070 0.00000
8814.440 0.10064 0.00000
8817.410 0.10057 0.00000
8820.050 0.10051 0.00000
8822.690 0.10045 0.00000
8825.330 0.10039 0.00000
8827.970 0.10033 0.00000
8830.940 0.10026 0.00000
8833.580 0.10020 0.00000
8836.220 0.10015 0.00000
8838.860 0.10009 0.00000
8841.500 0.10003 0.00000
8844.140 0.09997 0.00000
8847.110 0.09990 0.00000
8849.750 0.09984 0.00000
8852.390 0.09978 0.00000
8855.030 0.09972 0.00000
8857.670 0.09966 0.00000
8860.640 0.09959 0.00000
8863.280 0.09954 0.00000
8865.920 0.09948 0.00000
8868.560 0.09942 0.00000
8871.200 0.09936 0.00000
8874.170 0.09929 0.00000
8876.810 0.09923 0.00000
8879.450 0.09917 0.00000
8882.090 0.09911 0.00000
8884.730 0.09905 0.00000
8887.370 0.09899 0.00000
8890.340 0.09893 0.00000
8892.980 0.09887 0.00000
8895.620 0.09881 0.00000
8898.260 0.09875 0.00000
8900.900 0.09869 0.00000
8903.870 0.09863 0.00000
8906.510 0.09857 0.00000
8909.150 0.09851 0.00000
8911.790 0.09845 0.00000
8914.430 0.09839 0.00000
8917.400 0.09832 0.00000
8920.040 0.09826 0.00000
8922.680 0.09821 0.00000
8925.320 0.09815 0.00000
8927.960 0.09809 0.00000
8930.600 0.09803 0.00000
8933.570 0.09796 0.00000
8936.210 0.09790 0.00000
8938.850 0.09785 0.00000
8941.490 0.09779 0.00000
8944.130 0.09773 0.00000
8947.100 0.09766 0.00000
8949.740 0.09760 0.00000
8952.380 0.09755 0.00000
8955.020 0.09749 0.00000
8957.660 0.09743 0.00000
8960.630 0.09736 0.00000
8963.270 0.09730 0.00000
8965.910 0.09725 0.00000
8968.550 0.09719 0.00000
8971.190 0.09713 0.00000
8973.830 0.09707 0.00000
8976.800 0.09701 0.00000
8979.440 0.09695 0.00000
8982.080 0.09689 0.00000
8984.720 0.09683 0.00000
8987.360 0.09677 0.00000
8990.330 0.09671 0.00000
8992.970 0.09665 0.00000
8995.610 0.09659 0.00000
8998.250 0.09653 0.00000
9000.890 0.09648 0.00000
9003.860 0.09641 0.00000
9006.500 0.09635 0.00000
9009.140 0.09630 0.00000
9011.780 0.09624 0.00000
9014.420 0.09618 0.00000
9017.390 0.09612 0.00000
9020.030 0.09606 0.00000
9022.670 0.09600 0.00000
9025.310 0.09594 0.00000
9027.950 0.09588 0.00000
9030.590 0.09583 0.00000
9033.560 0.09576 0.00000
9036.200 0.09571 0.00000
9038.840 0.09565 0.00000
9041.480 0.09559 0.00000
9044.120 0.09553 0.00000
9047.090 0.09547 0.00000
9049.730 0.09541 0.00000
9052.370 0.09535 0.00000
9055.010 0.09530 0.00000
9057.650 0.09524 0.00000
9060.620 0.09518 0.00000
9063.260 0.09512 0.00000
9065.900 0.09506 0.00000
9068.540 0.09500 0.00000
9071.180 0.09495 0.00000
9073.820 0.09489 0.00000
9076.790 0.09483 0.00000
9079.430 0.09477 0.00000
9082.070 0.09471 0.00000
9084.710 0.09466 0.00000
9087.350 0.09460 0.00000
9090.320 0.09454 0.00000
9092.960 0.09448 0.00000
9095.600 0.09442 0.00000
9098.240 0.09437 0.00000
9100.880 0.09431 0.00000
9103.850 0.09425 0.00000
9106.490 0.09419 0.00000
9109.130 0.09413 0.00000
9111.770 0.09408 0.00000
9114.410 0.09402 0.00000
9117.050 0.09396 0.00000
9120.020 0.09390 0.00000
9122.660 0.09384 0.00000
9125.300 0.09379 0.00000
9127.940 0.09373 0.00000
9130.580 0.09368 0.00000
9133.550 0.09361 0.00000
9136.190 0.09356 0.00000
9138.830 0.09350 0.00000
9141.470 0.09345 0.00000
9144.110 0.09339 0.00000
9147.080 0.09333 0.00000
9149.720 0.09327 0.00000
9152.360 0.09322 0.00000
9155.000 0.09316 0.00000
9157.640 0.09310 0.00000
9160.280 0.09305 0.00000
9163.250 0.09299 0.00000
9165.890 0.09293 0.00000
9168.530 0.09288 0.00000
9171.170 0.09282 0.00000
9173.810 0.09277 0.00000
9176.780 0.09270 0.00000
9179.420 0.09265 0.00000
9182.060 0.09259 0.00000
9184.700 0.09254 0.00000
9187.340 0.09248 0.00000
9190.310 0.09242 0.00000
9192.950 0.09237 0.00000
9195.590 0.09231 0.00000
9198.230 0.09226 0.00000
9200.870 0.09220 0.00000
9203.510 0.09215 0.00000
9206.480 0.09209 0.00000
9209.120 0.09203 0.00000
9211.760 0.09198 0.00000
9214.400 0.09192 0.00000
9217.040 0.09187 0.00000
9220.010 0.09181 0.00000
9222.650 0.09175 0.00000
9225.290 0.09170 0.00000
9227.930 0.09164 0.00000
9230.570 0.09159 0.00000
9233.540 0.09153 0.00000
9236.180 0.09147 0.00000
9238.820 0.09142 0.00000
9241.460 0.09137 0.00000
9244.100 0.09131 0.00000
9246.740 0.09126 0.00000
9249.710 0.09120 0.00000
9252.350 0.09114 0.00000
9254.990 0.09109 0.00000
9257.630 0.09104 0.00000
9260.270 0.09098 0.00000
9263.240 0.09092 0.00000
9265.880 0.09087 0.00000
9268.520 0.09081 0.00000
9271.160 0.09076 0.00000
9273.800 0.09071 0.00000
9276.770 0.09065 0.00000
9279.410 0.09059 0.00000
9282.050 0.09054 0.00000
9284.690 0.09049 0.00000
9287.330 0.09043 0.00000
9289.970 0.09038 0.00000
9292.940 0.09032 0.00000
9295.580 0.09027 0.00000
9298.220 0.09022 0.00000
9300.860 0.09016 0.00000
9303.500 0.09011 0.00000
9306.470 0.09005 0.00000
9309.110 0.09000 0.00000
9311.750 0.08995 0.00000
9314.390 0.08989 0.00000
9317.030 0.08984 0.00000
9320.000 0.08978 0.00000
9322.640 0.08973 0.00000
9325.280 0.08968 0.00000
9327.920 0.08963 0.00000
9330.560 0.08957 0.00000
9333.200 0.08952 0.00000
9336.170 0.08946 0.00000
9338.810 0.08941 0.00000
9341.450 0.08936 0.00000
9344.090 0.08931 0.00000
9346.730 0.08926 0.00000
9349.700 0.08920 0.00000
