instruments/deimos/OG550_8000_900ZD.txt
# %ECSV 0.9
# ---
# datatype:
# - {name: wav, datatype: float32}
# - {name: eff, datatype: float64}
# - {name: eff_unc, datatype: float64}
# meta: !!omap
# - {Filter: OG550}
# - {cwav: '8000'}
# - {Grating: 900ZD}
# schema: astropy-2.0
wav eff eff_unc
[from data line 641]
8513.480 0.14582 0.00922
8517.000 0.14563 0.00922
8520.520 0.14543 0.00921
8524.040 0.14523 0.00920
8527.560 0.14504 0.00920
8531.080 0.14484 0.00919
8535.040 0.14462 0.00918
8538.560 0.14442 0.00918
8542.080 0.14422 0.00917
8545.600 0.14402 0.00916
8549.120 0.14382 0.00916
8553.080 0.14360 0.00915
8556.600 0.14340 0.00914
8560.120 0.14320 0.00913
8563.640 0.14300 0.00913
8567.160 0.14280 0.00912
8571.120 0.14258 0.00911
8574.640 0.14238 0.00910
8578.160 0.14218 0.00909
8581.680 0.14198 0.00909
8585.200 0.14178 0.00908
8588.720 0.14158 0.00907
8592.680 0.14135 0.00906
8596.200 0.14115 0.00905
8599.720 0.14095 0.00905
8603.240 0.14075 0.00904
8606.760 0.14055 0.00903
8610.720 0.14032 0.00902
8614.240 0.14012 0.00901
8617.760 0.13991 0.00900
8621.280 0.13971 0.00899
8624.800 0.13951 0.00898
8628.760 0.13928 0.00897
8632.280 0.13908 0.00897
8635.800 0.13887 0.00896
8639.320 0.13867 0.00895
8642.840 0.13847 0.00894
8646.360 0.13826 0.00893
8650.320 0.13803 0.00892
8653.840 0.13783 0.00891
8657.360 0.13762 0.00890
8660.880 0.13742 0.00889
8664.400 0.13721 0.00888
8668.360 0.13698 0.00887
8671.880 0.13678 0.00886
8675.400 0.13657 0.00885
8678.920 0.13637 0.00884
8682.440 0.13616 0.00883
8686.400 0.13593 0.00881
8689.920 0.13572 0.00880
8693.440 0.13551 0.00879
8696.960 0.13531 0.00878
8700.480 0.13510 0.00877
8704.000 0.13489 0.00876
8707.960 0.13466 0.00875
8711.480 0.13445 0.00873
8715.000 0.13424 0.00872
8718.520 0.13404 0.00871
8722.040 0.13383 0.00870
8726.000 0.13359 0.00869
8729.520 0.13338 0.00868
8733.040 0.13318 0.00866
8736.560 0.13297 0.00865
8740.080 0.13276 0.00864
8744.040 0.13252 0.00863
8747.560 0.13231 0.00861
8751.080 0.13210 0.00860
8754.600 0.13189 0.00859
8758.120 0.13168 0.00858
8761.640 0.13147 0.00856
8765.600 0.13124 0.00855
8769.120 0.13103 0.00853
8772.640 0.13082 0.00852
8776.160 0.13060 0.00851
8779.680 0.13039 0.00849
8783.640 0.13016 0.00848
8787.160 0.12994 0.00847
8790.680 0.12973 0.00845
8794.200 0.12952 0.00844
8797.720 0.12931 0.00842
8801.680 0.12907 0.00841
8805.200 0.12886 0.00839
8808.720 0.12865 0.00838
8812.240 0.12843 0.00837
8815.760 0.12822 0.00835
8819.280 0.12801 0.00834
8823.240 0.12777 0.00832
8826.760 0.12755 0.00830
8830.280 0.12734 0.00829
8833.800 0.12713 0.00827
8837.320 0.12691 0.00826
8841.280 0.12667 0.00824
8844.800 0.12646 0.00823
8848.320 0.12625 0.00821
8851.840 0.12603 0.00820
8855.360 0.12582 0.00818
8859.320 0.12557 0.00816
8862.840 0.12536 0.00815
8866.360 0.12514 0.00813
8869.880 0.12493 0.00811
8873.400 0.12471 0.00810
8876.920 0.12450 0.00808
8880.880 0.12426 0.00806
8884.400 0.12404 0.00804
8887.920 0.12382 0.00803
8891.440 0.12361 0.00801
8894.960 0.12339 0.00799
8898.920 0.12315 0.00797
8902.440 0.12293 0.00796
8905.960 0.12272 0.00794
8909.480 0.12250 0.00792
8913.000 0.12228 0.00790
8916.960 0.12204 0.00788
8920.480 0.12182 0.00786
8924.000 0.12160 0.00785
8927.520 0.12139 0.00783
8931.040 0.12117 0.00781
8935.000 0.12092 0.00779
8938.520 0.12071 0.00777
8942.040 0.12049 0.00775
8945.560 0.12027 0.00773
8949.080 0.12005 0.00771
8952.600 0.11983 0.00769
8956.560 0.11959 0.00767
8960.080 0.11937 0.00765
8963.600 0.11915 0.00763
8967.120 0.11893 0.00761
8970.640 0.11871 0.00759
8974.600 0.11846 0.00756
8978.120 0.11824 0.00754
8981.640 0.11802 0.00752
8985.160 0.11780 0.00750
8988.680 0.11757 0.00747
8992.640 0.11732 0.00745
8996.160 0.11710 0.00743
8999.680 0.11688 0.00740
9003.200 0.11666 0.00738
9006.720 0.11644 0.00736
9010.240 0.11622 0.00734
9014.200 0.11597 0.00731
9017.720 0.11575 0.00729
9021.240 0.11553 0.00727
9024.760 0.11531 0.00724
9028.280 0.11508 0.00722
9032.240 0.11483 0.00720
9035.760 0.11461 0.00717
9039.280 0.11439 0.00715
9042.800 0.11417 0.00713
9046.320 0.11395 0.00711
9050.280 0.11370 0.00708
9053.800 0.11348 0.00706
9057.320 0.11326 0.00704
9060.840 0.11304 0.00702
9064.360 0.11282 0.00699
9067.880 0.11259 0.00697
9071.840 0.11234 0.00695
9075.360 0.11212 0.00692
9078.880 0.11190 0.00690
9082.400 0.11168 0.00688
9085.920 0.11146 0.00686
9089.880 0.11121 0.00683
9093.400 0.11099 0.00681
9096.920 0.11077 0.00679
9100.440 0.11054 0.00676
9103.960 0.11032 0.00674
9107.920 0.11007 0.00671
9111.440 0.10984 0.00668
9114.960 0.10962 0.00665
9118.480 0.10939 0.00662
9122.000 0.10917 0.00659
9125.520 0.10894 0.00656
9129.480 0.10869 0.00653
9133.000 0.10846 0.00650
9136.520 0.10823 0.00647
9140.040 0.10801 0.00644
9143.560 0.10778 0.00641
9147.520 0.10753 0.00638
9151.040 0.10730 0.00635
9154.560 0.10708 0.00632
9158.080 0.10685 0.00629
9161.600 0.10663 0.00626
9165.560 0.10637 0.00623
9169.080 0.10615 0.00620
9172.600 0.10592 0.00617
9176.120 0.10569 0.00614
9179.640 0.10547 0.00612
9183.160 0.10524 0.00609
9187.120 0.10499 0.00605
9190.640 0.10476 0.00602
9194.160 0.10454 0.00600
9197.680 0.10431 0.00597
9201.200 0.10409 0.00594
9205.160 0.10383 0.00591
9208.680 0.10361 0.00588
9212.200 0.10338 0.00585
9215.720 0.10315 0.00582
9219.240 0.10293 0.00579
9223.200 0.10267 0.00576
9226.720 0.10245 0.00573
9230.240 0.10222 0.00570
9233.760 0.10200 0.00567
9237.280 0.10177 0.00564
9240.800 0.10155 0.00561
9244.760 0.10129 0.00558
9248.280 0.10107 0.00555
9251.800 0.10084 0.00552
9255.320 0.10061 0.00549
9258.840 0.10039 0.00546
9262.800 0.10013 0.00543
9266.320 0.09991 0.00540
9269.840 0.09968 0.00538
9273.360 0.09946 0.00535
9276.880 0.09923 0.00531
9280.840 0.09897 0.00528
9284.360 0.09875 0.00524
9287.880 0.09852 0.00521
9291.400 0.09829 0.00518
9294.920 0.09806 0.00514
9298.440 0.09783 0.00511
9302.400 0.09758 0.00507
9305.920 0.09735 0.00504
9309.440 0.09712 0.00500
9312.960 0.09689 0.00497
9316.480 0.09666 0.00493
9320.440 0.09641 0.00490
9323.960 0.09618 0.00486
9327.480 0.09595 0.00483
9331.000 0.09572 0.00479
9334.520 0.09549 0.00475
9338.480 0.09524 0.00471
9342.000 0.09501 0.00468
9345.520 0.09478 0.00464
9349.040 0.09455 0.00461
9352.560 0.09432 0.00457
9356.520 0.09406 0.00453
9360.040 0.09383 0.00449
9363.560 0.09361 0.00446
9367.080 0.09338 0.00442
9370.600 0.09315 0.00438
9374.120 0.09292 0.00434
9378.080 0.09266 0.00430
9381.600 0.09243 0.00426
9385.120 0.09220 0.00423
9388.640 0.09197 0.00419
9392.160 0.09174 0.00415
9396.120 0.09148 0.00411
9399.640 0.09126 0.00407
9403.160 0.09103 0.00403
9406.680 0.09080 0.00399
9410.200 0.09057 0.00395
9414.160 0.09031 0.00391
9417.680 0.09008 0.00387
9421.200 0.08985 0.00383
9424.720 0.08962 0.00379
9428.240 0.08939 0.00375
9431.760 0.08916 0.00371
9435.720 0.08890 0.00367
9439.240 0.08867 0.00363
9442.760 0.08844 0.00358
9446.280 0.08821 0.00354
9449.800 0.08798 0.00350
9453.760 0.08772 0.00346
9457.280 0.08749 0.00342
9460.800 0.08726 0.00338
9464.320 0.08703 0.00333
9467.840 0.08680 0.00329
9471.800 0.08654 0.00325
9475.320 0.08631 0.00320
9478.840 0.08608 0.00316
9482.360 0.08585 0.00312
9485.880 0.08562 0.00308
9489.400 0.08539 0.00303
9493.360 0.08513 0.00299
9496.880 0.08490 0.00294
9500.400 0.08467 0.00290
9503.920 0.08444 0.00286
9507.440 0.08421 0.00281
9511.400 0.08395 0.00277
9514.920 0.08372 0.00272
9518.440 0.08349 0.00268
9521.960 0.08326 0.00263
9525.480 0.08303 0.00259
9529.440 0.08277 0.00254
9532.960 0.08254 0.00250
9536.480 0.08231 0.00245
9540.000 0.08208 0.00241
9543.520 0.08185 0.00236
9547.040 0.08162 0.00232
9551.000 0.08136 0.00227
9554.520 0.08113 0.00223
9558.040 0.08090 0.00218
9561.560 0.08067 0.00214
9565.080 0.08044 0.00209
9569.040 0.08018 0.00204
9572.560 0.07995 0.00200
9576.080 0.07972 0.00195
9579.600 0.07949 0.00191
9583.120 0.07926 0.00186
9587.080 0.07900 0.00181
9590.600 0.07877 0.00177
9594.120 0.07854 0.00172
9597.640 0.07831 0.00168
9601.160 0.07808 0.00163
9604.680 0.07785 0.00159
9608.640 0.07759 0.00154
9612.160 0.07736 0.00150
9615.680 0.07713 0.00145
9619.200 0.07689 0.00141
9622.720 0.07666 0.00137
9626.680 0.07641 0.00132
9630.200 0.07617 0.00128
9633.720 0.07594 0.00124
9637.240 0.07571 0.00120
9640.760 0.07548 0.00116
9644.720 0.07522 0.00112
9648.240 0.07499 0.00108
9651.760 0.07476 0.00104
9655.280 0.07453 0.00101
9658.800 0.07430 0.00098
9662.320 0.07407 0.00095
9666.280 0.07381 0.00091
9669.800 0.07358 0.00089
9673.320 0.07335 0.00086
9676.840 0.07312 0.00084
9680.360 0.07289 0.00082
9684.320 0.07263 0.00081
9687.840 0.07240 0.00080
9691.360 0.07217 0.00079
9694.880 0.07194 0.00079
9698.400 0.07171 0.00079
9702.360 0.07145 0.00079
9705.880 0.07122 0.00080
9709.400 0.07099 0.00082
9712.920 0.07076 0.00083
9716.440 0.07053 0.00085
9719.960 0.07030 0.00088
9723.920 0.07004 0.00091
9727.440 0.06981 0.00094
9730.960 0.06958 0.00097
9734.480 0.06935 0.00101
9738.000 0.06912 0.00104
9741.960 0.06887 0.00109
9745.480 0.06864 0.00113
9749.000 0.06841 0.00117
9752.520 0.06818 0.00122
9756.040 0.06795 0.00126
9760.000 0.06769 0.00132
9763.520 0.06746 0.00137
9767.040 0.06723 0.00142
9770.560 0.06700 0.00147
9774.080 0.06677 0.00152
9777.600 0.06654 0.00157
9781.560 0.06628 0.00163
9785.080 0.06605 0.00169
9788.600 0.06582 0.00174
9792.120 0.06560 0.00180
9795.640 0.06537 0.00185
9799.600 0.06511 0.00192
