instruments/deimos/OG550_7500_600ZD.txt
# %ECSV 0.9
# ---
# datatype:
# - {name: wav, datatype: float32}
# - {name: eff, datatype: float64}
# - {name: eff_unc, datatype: float64}
# meta: !!omap
# - {Filter: OG550}
# - {cwav: '7500'}
# - {Grating: 600ZD}
# schema: astropy-2.0
wav eff eff_unc
[from data line 641]
8471.520 0.19289 0.00237
8476.640 0.19261 0.00237
8481.120 0.19237 0.00237
8485.600 0.19213 0.00237
8490.080 0.19189 0.00237
8494.560 0.19165 0.00237
8499.680 0.19137 0.00238
8504.160 0.19112 0.00238
8508.640 0.19088 0.00238
8513.120 0.19063 0.00238
8517.600 0.19038 0.00238
8522.720 0.19010 0.00239
8527.200 0.18985 0.00239
8531.680 0.18960 0.00239
8536.160 0.18935 0.00239
8540.640 0.18910 0.00240
8545.760 0.18881 0.00240
8550.240 0.18856 0.00240
8554.720 0.18831 0.00241
8559.200 0.18805 0.00241
8563.680 0.18780 0.00241
8568.800 0.18750 0.00242
8573.280 0.18725 0.00242
8577.760 0.18699 0.00243
8582.240 0.18673 0.00243
8587.360 0.18643 0.00243
8591.840 0.18617 0.00244
8596.320 0.18591 0.00244
8600.800 0.18565 0.00245
8605.280 0.18538 0.00245
8610.400 0.18508 0.00246
8614.880 0.18481 0.00246
8619.360 0.18455 0.00247
8623.840 0.18428 0.00248
8628.320 0.18401 0.00248
8633.440 0.18371 0.00249
8637.920 0.18344 0.00249
8642.400 0.18316 0.00250
8646.880 0.18289 0.00250
8651.360 0.18262 0.00251
8656.480 0.18231 0.00252
8660.960 0.18203 0.00252
8665.440 0.18176 0.00253
8669.920 0.18148 0.00254
8674.400 0.18120 0.00254
8679.520 0.18088 0.00255
8684.000 0.18060 0.00256
8688.480 0.18032 0.00257
8692.960 0.18004 0.00257
8698.080 0.17972 0.00258
8702.560 0.17944 0.00259
8707.040 0.17915 0.00260
8711.520 0.17886 0.00260
8716.000 0.17858 0.00261
8721.120 0.17825 0.00262
8725.600 0.17796 0.00263
8730.080 0.17767 0.00264
8734.560 0.17738 0.00264
8739.040 0.17709 0.00265
8744.160 0.17675 0.00266
8748.640 0.17646 0.00267
8753.120 0.17616 0.00268
8757.600 0.17587 0.00269
8762.080 0.17557 0.00269
8767.200 0.17523 0.00270
8771.680 0.17493 0.00271
8776.160 0.17463 0.00272
8780.640 0.17433 0.00273
8785.120 0.17403 0.00274
8790.240 0.17368 0.00275
8794.720 0.17337 0.00276
8799.200 0.17307 0.00277
8803.680 0.17276 0.00278
8808.800 0.17241 0.00279
8813.280 0.17210 0.00279
8817.760 0.17179 0.00280
8822.240 0.17148 0.00281
8826.720 0.17117 0.00282
8831.840 0.17081 0.00283
8836.320 0.17049 0.00284
8840.800 0.17018 0.00285
8845.280 0.16986 0.00286
8849.760 0.16954 0.00287
8854.880 0.16918 0.00288
8859.360 0.16886 0.00289
8863.840 0.16853 0.00290
8868.320 0.16821 0.00291
8872.800 0.16789 0.00292
8877.920 0.16752 0.00293
8882.400 0.16719 0.00294
8886.880 0.16686 0.00295
8891.360 0.16653 0.00296
8895.840 0.16620 0.00297
8900.960 0.16583 0.00298
8905.440 0.16549 0.00299
8909.920 0.16516 0.00300
8914.400 0.16482 0.00301
8919.520 0.16444 0.00302
8924.000 0.16410 0.00303
8928.480 0.16376 0.00304
8932.960 0.16342 0.00304
8937.440 0.16308 0.00305
8942.560 0.16269 0.00306
8947.040 0.16235 0.00307
8951.520 0.16200 0.00308
8956.000 0.16166 0.00309
8960.480 0.16131 0.00310
8965.600 0.16091 0.00311
8970.080 0.16054 0.00312
8974.560 0.16018 0.00313
8979.040 0.15981 0.00314
8983.520 0.15944 0.00314
8988.640 0.15902 0.00315
8993.120 0.15865 0.00316
8997.600 0.15828 0.00317
9002.080 0.15791 0.00318
9006.560 0.15755 0.00319
9011.680 0.15713 0.00320
9016.160 0.15676 0.00320
9020.640 0.15639 0.00321
9025.120 0.15602 0.00322
9029.600 0.15565 0.00323
9034.720 0.15523 0.00324
9039.200 0.15486 0.00325
9043.680 0.15449 0.00326
9048.160 0.15413 0.00327
9053.280 0.15371 0.00328
9057.760 0.15334 0.00328
9062.240 0.15297 0.00329
9066.720 0.15260 0.00330
9071.200 0.15223 0.00331
9076.320 0.15181 0.00332
9080.800 0.15144 0.00333
9085.280 0.15108 0.00334
9089.760 0.15071 0.00335
9094.240 0.15034 0.00336
9099.360 0.14992 0.00337
9103.840 0.14953 0.00338
9108.320 0.14914 0.00339
9112.800 0.14872 0.00339
9117.280 0.14830 0.00340
9122.400 0.14783 0.00340
9126.880 0.14741 0.00341
9131.360 0.14699 0.00341
9135.840 0.14658 0.00342
9140.320 0.14616 0.00342
9145.440 0.14568 0.00343
9149.920 0.14527 0.00343
9154.400 0.14485 0.00344
9158.880 0.14443 0.00344
9164.000 0.14395 0.00345
9168.480 0.14354 0.00346
9172.960 0.14312 0.00346
9177.440 0.14270 0.00347
9181.920 0.14229 0.00347
9187.040 0.14181 0.00348
9191.520 0.14139 0.00349
9196.000 0.14098 0.00349
9200.480 0.14056 0.00350
9204.960 0.14014 0.00350
9210.080 0.13966 0.00351
9214.560 0.13925 0.00352
9219.040 0.13883 0.00352
9223.520 0.13841 0.00353
9228.000 0.13800 0.00353
9233.120 0.13752 0.00354
9237.600 0.13710 0.00355
9242.080 0.13669 0.00355
9246.560 0.13627 0.00356
9251.040 0.13585 0.00357
9256.160 0.13537 0.00357
9260.640 0.13496 0.00358
9265.120 0.13454 0.00359
9269.600 0.13412 0.00359
9274.720 0.13365 0.00360
9279.200 0.13320 0.00360
9283.680 0.13275 0.00361
9288.160 0.13231 0.00361
9292.640 0.13186 0.00361
9297.760 0.13134 0.00362
9302.240 0.13089 0.00362
9306.720 0.13043 0.00362
9311.200 0.12997 0.00363
9315.680 0.12952 0.00363
9320.800 0.12899 0.00363
9325.280 0.12853 0.00363
9329.760 0.12807 0.00364
9334.240 0.12760 0.00364
9338.720 0.12714 0.00364
9343.840 0.12660 0.00364
9348.320 0.12613 0.00364
9352.800 0.12566 0.00365
9357.280 0.12519 0.00365
9361.760 0.12471 0.00365
9366.880 0.12417 0.00365
9371.360 0.12369 0.00365
9375.840 0.12321 0.00365
9380.320 0.12273 0.00365
9385.440 0.12218 0.00365
9389.920 0.12170 0.00365
9394.400 0.12121 0.00365
9398.880 0.12072 0.00365
9403.360 0.12023 0.00365
9408.480 0.11967 0.00365
9412.960 0.11918 0.00365
9417.440 0.11868 0.00365
9421.920 0.11819 0.00365
9426.400 0.11769 0.00365
9431.520 0.11712 0.00365
9436.000 0.11662 0.00365
9440.480 0.11611 0.00365
9444.960 0.11561 0.00364
9449.440 0.11510 0.00364
9454.560 0.11452 0.00364
9459.040 0.11401 0.00364
9463.520 0.11350 0.00364
9468.000 0.11298 0.00363
9472.480 0.11247 0.00363
9477.600 0.11188 0.00363
9482.080 0.11136 0.00362
9486.560 0.11084 0.00362
9491.040 0.11031 0.00362
9496.160 0.10972 0.00361
9500.640 0.10919 0.00361
9505.120 0.10866 0.00361
9509.600 0.10813 0.00360
9514.080 0.10760 0.00360
9519.200 0.10699 0.00359
9523.680 0.10645 0.00359
9528.160 0.10592 0.00358
9532.640 0.10538 0.00358
9537.120 0.10484 0.00357
9542.240 0.10422 0.00357
9546.720 0.10367 0.00356
9551.200 0.10313 0.00356
9555.680 0.10258 0.00355
9560.160 0.10203 0.00355
9565.280 0.10140 0.00354
9569.760 0.10084 0.00353
9574.240 0.10029 0.00353
9578.720 0.09973 0.00352
9583.200 0.09917 0.00351
9588.320 0.09853 0.00351
9592.800 0.09797 0.00350
9597.280 0.09740 0.00349
9601.760 0.09683 0.00348
9606.240 0.09627 0.00348
9611.360 0.09561 0.00347
9615.840 0.09504 0.00346
9620.320 0.09447 0.00345
9624.800 0.09389 0.00344
9629.920 0.09323 0.00343
9634.400 0.09265 0.00343
9638.880 0.09207 0.00342
9643.360 0.09148 0.00341
9647.840 0.09090 0.00340
9652.960 0.09022 0.00339
9657.440 0.08963 0.00338
9661.920 0.08904 0.00337
9666.400 0.08845 0.00336
9670.880 0.08785 0.00335
9676.000 0.08717 0.00334
9680.480 0.08657 0.00333
9684.960 0.08597 0.00332
9689.440 0.08536 0.00331
9693.920 0.08476 0.00330
9699.040 0.08406 0.00329
9703.520 0.08345 0.00327
9708.000 0.08284 0.00326
9712.480 0.08223 0.00325
9716.960 0.08161 0.00324
9722.080 0.08091 0.00323
9726.560 0.08029 0.00322
9731.040 0.07966 0.00320
9735.520 0.07904 0.00319
9740.640 0.07833 0.00318
9745.120 0.07770 0.00317
9749.600 0.07707 0.00316
9754.080 0.07644 0.00314
9758.560 0.07580 0.00313
9763.680 0.07507 0.00312
9768.160 0.07444 0.00310
9772.640 0.07380 0.00309
9777.120 0.07315 0.00308
9781.600 0.07251 0.00307
9786.720 0.07177 0.00305
9791.200 0.07112 0.00304
9795.680 0.07047 0.00302
9800.160 0.06982 0.00301
9804.640 0.06916 0.00300
9809.760 0.06841 0.00298
9814.240 0.06775 0.00297
9818.720 0.06709 0.00296
9823.200 0.06643 0.00294
9827.680 0.06576 0.00293
9832.800 0.06500 0.00291
9837.280 0.06433 0.00290
9841.760 0.06366 0.00289
9846.240 0.06299 0.00287
9851.360 0.06221 0.00286
9855.840 0.06153 0.00284
9860.320 0.06085 0.00283
9864.800 0.06017 0.00282
9869.280 0.05949 0.00280
9874.400 0.05870 0.00279
9878.880 0.05801 0.00277
9883.360 0.05732 0.00276
9887.840 0.05663 0.00275
9892.320 0.05593 0.00273
9897.440 0.05514 0.00272
9901.920 0.05444 0.00270
9906.400 0.05373 0.00269
9910.880 0.05303 0.00268
9915.360 0.05232 0.00267
9920.480 0.05151 0.00265
9924.960 0.05080 0.00264
9929.440 0.05009 0.00263
9933.920 0.04937 0.00262
9938.400 0.04866 0.00260
9943.520 0.04783 0.00259
9948.000 0.04711 0.00258
9952.480 0.04639 0.00257
9956.960 0.04566 0.00256
9962.080 0.04483 0.00255
9966.560 0.04410 0.00254
9971.040 0.04336 0.00253
9975.520 0.04263 0.00252
9980.000 0.04189 0.00251
9985.120 0.04104 0.00250
9989.600 0.04030 0.00249
9994.080 0.03955 0.00248
9998.560 0.03881 0.00247
10003.000 0.03807 0.00247
10008.200 0.03719 0.00246
10012.600 0.03645 0.00245
10017.100 0.03569 0.00245
10021.600 0.03493 0.00244
10026.100 0.03417 0.00244
10031.200 0.03330 0.00244
10035.700 0.03253 0.00243
10040.200 0.03176 0.00243
10044.600 0.03100 0.00243
10049.100 0.03023 0.00243
10054.200 0.02934 0.00243
10058.700 0.02856 0.00243
10063.200 0.02778 0.00243
10067.700 0.02699 0.00243
10072.800 0.02610 0.00243
10077.300 0.02531 0.00244
10081.800 0.02452 0.00244
10086.200 0.02374 0.00244
10090.700 0.02294 0.00245
10095.800 0.02204 0.00246
10100.300 0.02124 0.00246
10104.800 0.02043 0.00247
10109.300 0.01962 0.00248
10113.800 0.01881 0.00249
10118.900 0.01789 0.00250
