instruments/deimos/OG550_8000_1200B.txt
# %ECSV 0.9
# ---
# datatype:
# - {name: wav, datatype: float32}
# - {name: eff, datatype: float64}
# - {name: eff_unc, datatype: float64}
# meta: !!omap
# - {Filter: OG550}
# - {cwav: '8000'}
# - {Grating: 1200B}
# schema: astropy-2.0
wav eff eff_unc
6645.350 0.13736 0.00000
6647.990 0.13736 0.00000
6650.630 0.13735 0.00000
6653.600 0.13734 0.00000
6656.240 0.13733 0.00000
6658.880 0.13733 0.00000
6661.520 0.13732 0.00000
6664.160 0.13731 0.00000
6667.130 0.13730 0.00000
6669.770 0.13730 0.00000
6672.410 0.13729 0.00000
6675.050 0.13728 0.00000
6677.690 0.13727 0.00000
6680.330 0.13726 0.00000
6683.300 0.13725 0.00000
6685.940 0.13724 0.00000
6688.580 0.13723 0.00000
6691.220 0.13723 0.00000
6693.860 0.13722 0.00000
6696.830 0.13721 0.00000
6699.470 0.13720 0.00000
6702.110 0.13719 0.00000
6704.750 0.13718 0.00000
6707.390 0.13717 0.00000
6710.360 0.13715 0.00000
6713.000 0.13714 0.00000
6715.640 0.13713 0.00000
6718.280 0.13712 0.00000
6720.920 0.13711 0.00000
6723.560 0.13710 0.00000
6726.530 0.13709 0.00000
6729.170 0.13708 0.00000
6731.810 0.13707 0.00000
6734.450 0.13705 0.00000
6737.090 0.13704 0.00000
6740.060 0.13703 0.00000
6742.700 0.13702 0.00000
6745.340 0.13701 0.00000
6747.980 0.13699 0.00000
6750.620 0.13698 0.00000
6753.590 0.13697 0.00000
6756.230 0.13695 0.00000
6758.870 0.13694 0.00000
6761.510 0.13693 0.00000
6764.150 0.13692 0.00000
6766.790 0.13690 0.00000
6769.760 0.13689 0.00000
6772.400 0.13687 0.00000
6775.040 0.13686 0.00000
6777.680 0.13685 0.00000
6780.320 0.13683 0.00000
6783.290 0.13682 0.00000
6785.930 0.13680 0.00000
6788.570 0.13679 0.00000
6791.210 0.13677 0.00000
6793.850 0.13676 0.00000
6796.820 0.13674 0.00000
6799.460 0.13673 0.00000
6802.100 0.13671 0.00000
6804.740 0.13670 0.00000
6807.380 0.13668 0.00000
6810.020 0.13667 0.00000
6812.990 0.13665 0.00000
6815.630 0.13663 0.00000
6818.270 0.13662 0.00000
6820.910 0.13660 0.00000
6823.550 0.13658 0.00000
6826.520 0.13657 0.00000
6829.160 0.13655 0.00000
6831.800 0.13653 0.00000
6834.440 0.13652 0.00000
6837.080 0.13650 0.00000
6840.050 0.13648 0.00000
6842.690 0.13646 0.00000
6845.330 0.13645 0.00000
6847.970 0.13643 0.00000
6850.610 0.13641 0.00000
6853.250 0.13639 0.00000
6856.220 0.13637 0.00000
6858.860 0.13636 0.00000
6861.500 0.13634 0.00000
6864.140 0.13632 0.00000
6866.780 0.13630 0.00000
6869.750 0.13628 0.00000
6872.390 0.13626 0.00000
6875.030 0.13624 0.00000
6877.670 0.13622 0.00000
6880.310 0.13620 0.00000
6883.280 0.13618 0.00000
6885.920 0.13616 0.00000
6888.560 0.13614 0.00000
6891.200 0.13612 0.00000
6893.840 0.13611 0.00000
6896.480 0.13609 0.00000
6899.450 0.13606 0.00000
6902.090 0.13604 0.00000
6904.730 0.13602 0.00000
6907.370 0.13600 0.00000
6910.010 0.13598 0.00000
6912.980 0.13596 0.00000
6915.620 0.13594 0.00000
6918.260 0.13592 0.00000
6920.900 0.13590 0.00000
6923.540 0.13587 0.00000
6926.510 0.13585 0.00000
6929.150 0.13583 0.00000
6931.790 0.13581 0.00000
6934.430 0.13579 0.00000
6937.070 0.13576 0.00000
6939.710 0.13574 0.00000
6942.680 0.13572 0.00000
6945.320 0.13570 0.00000
6947.960 0.13567 0.00000
6950.600 0.13565 0.00000
6953.240 0.13563 0.00000
6956.210 0.13560 0.00000
6958.850 0.13558 0.00000
6961.490 0.13556 0.00000
6964.130 0.13553 0.00000
6966.770 0.13551 0.00000
6969.740 0.13548 0.00000
6972.380 0.13546 0.00000
6975.020 0.13544 0.00000
6977.660 0.13541 0.00000
6980.300 0.13539 0.00000
6982.940 0.13537 0.00000
6985.910 0.13534 0.00000
6988.550 0.13532 0.00000
6991.190 0.13529 0.00000
6993.830 0.13527 0.00000
6996.470 0.13524 0.00000
6999.440 0.13521 0.00000
7002.080 0.13519 0.00000
7004.720 0.13516 0.00000
7007.360 0.13514 0.00000
7010.000 0.13511 0.00000
7012.970 0.13509 0.00000
7015.610 0.13506 0.00000
7018.250 0.13503 0.00000
7020.890 0.13501 0.00000
7023.530 0.13498 0.00000
7026.500 0.13495 0.00000
7029.140 0.13493 0.00000
7031.780 0.13490 0.00000
7034.420 0.13488 0.00000
7037.060 0.13485 0.00000
7039.700 0.13482 0.00000
7042.670 0.13479 0.00000
7045.310 0.13477 0.00000
7047.950 0.13474 0.00000
7050.590 0.13471 0.00000
7053.230 0.13468 0.00000
7056.200 0.13465 0.00000
7058.840 0.13463 0.00000
7061.480 0.13460 0.00000
7064.120 0.13457 0.00000
7066.760 0.13454 0.00000
7069.730 0.13451 0.00000
7072.370 0.13448 0.00000
7075.010 0.13446 0.00000
7077.650 0.13443 0.00000
7080.290 0.13440 0.00000
7082.930 0.13437 0.00000
7085.900 0.13434 0.00000
7088.540 0.13431 0.00000
7091.180 0.13428 0.00000
7093.820 0.13425 0.00000
7096.460 0.13422 0.00000
7099.430 0.13419 0.00000
7102.070 0.13416 0.00000
7104.710 0.13413 0.00000
7107.350 0.13410 0.00000
7109.990 0.13407 0.00000
7112.960 0.13404 0.00000
7115.600 0.13401 0.00000
7118.240 0.13398 0.00000
7120.880 0.13395 0.00000
7123.520 0.13392 0.00000
7126.160 0.13389 0.00000
7129.130 0.13386 0.00000
7131.770 0.13383 0.00000
7134.410 0.13379 0.00000
7137.050 0.13376 0.00000
7139.690 0.13373 0.00000
7142.660 0.13370 0.00000
7145.300 0.13367 0.00000
7147.940 0.13364 0.00000
7150.580 0.13360 0.00000
7153.220 0.13357 0.00000
7156.190 0.13354 0.00000
7158.830 0.13351 0.00000
7161.470 0.13347 0.00000
7164.110 0.13344 0.00000
7166.750 0.13341 0.00000
7169.390 0.13338 0.00000
7172.360 0.13334 0.00000
7175.000 0.13331 0.00000
7177.640 0.13328 0.00000
7180.280 0.13325 0.00000
7182.920 0.13321 0.00000
7185.890 0.13318 0.00000
7188.530 0.13314 0.00000
7191.170 0.13311 0.00000
7193.810 0.13308 0.00000
7196.450 0.13304 0.00000
7199.420 0.13301 0.00000
7202.060 0.13297 0.00000
7204.700 0.13294 0.00000
7207.340 0.13291 0.00000
7209.980 0.13287 0.00000
7212.620 0.13284 0.00000
7215.590 0.13280 0.00000
7218.230 0.13277 0.00000
7220.870 0.13273 0.00000
7223.510 0.13270 0.00000
7226.150 0.13266 0.00000
7229.120 0.13262 0.00000
7231.760 0.13259 0.00000
7234.400 0.13256 0.00000
7237.040 0.13252 0.00000
7239.680 0.13249 0.00000
7242.650 0.13245 0.00000
7245.290 0.13241 0.00000
7247.930 0.13238 0.00000
7250.570 0.13234 0.00000
7253.210 0.13231 0.00000
7255.850 0.13227 0.00000
7258.820 0.13223 0.00000
7261.460 0.13219 0.00000
7264.100 0.13216 0.00000
7266.740 0.13212 0.00000
7269.380 0.13209 0.00000
7272.350 0.13205 0.00000
7274.990 0.13201 0.00000
7277.630 0.13197 0.00000
7280.270 0.13194 0.00000
7282.910 0.13190 0.00000
7285.880 0.13186 0.00000
7288.520 0.13182 0.00000
7291.160 0.13179 0.00000
7293.800 0.13175 0.00000
7296.440 0.13171 0.00000
7299.080 0.13167 0.00000
7302.050 0.13163 0.00000
7304.690 0.13160 0.00000
7307.330 0.13156 0.00000
7309.970 0.13152 0.00000
7312.610 0.13148 0.00000
7315.580 0.13144 0.00000
7318.220 0.13140 0.00000
7320.860 0.13136 0.00000
7323.500 0.13133 0.00000
7326.140 0.13129 0.00000
7329.110 0.13125 0.00000
7331.750 0.13121 0.00000
7334.390 0.13117 0.00000
7337.030 0.13113 0.00000
7339.670 0.13109 0.00000
7342.640 0.13105 0.00000
7345.280 0.13101 0.00000
7347.920 0.13097 0.00000
7350.560 0.13093 0.00000
7353.200 0.13089 0.00000
7355.840 0.13085 0.00000
7358.810 0.13081 0.00000
7361.450 0.13077 0.00000
7364.090 0.13073 0.00000
7366.730 0.13069 0.00000
7369.370 0.13065 0.00000
7372.340 0.13061 0.00000
7374.980 0.13057 0.00000
7377.620 0.13053 0.00000
7380.260 0.13049 0.00000
7382.900 0.13045 0.00000
7385.870 0.13040 0.00000
7388.510 0.13036 0.00000
7391.150 0.13032 0.00000
7393.790 0.13028 0.00000
7396.430 0.13024 0.00000
7399.070 0.13020 0.00000
7402.040 0.13015 0.00000
7404.680 0.13011 0.00000
7407.320 0.13007 0.00000
7409.960 0.13003 0.00000
7412.600 0.12999 0.00000
7415.570 0.12994 0.00000
7418.210 0.12990 0.00000
7420.850 0.12986 0.00000
7423.490 0.12982 0.00000
7426.130 0.12978 0.00000
7429.100 0.12973 0.00000
7431.740 0.12969 0.00000
7434.380 0.12965 0.00000
7437.020 0.12960 0.00000
7439.660 0.12956 0.00000
7442.300 0.12952 0.00000
7445.270 0.12947 0.00000
7447.910 0.12943 0.00000
7450.550 0.12939 0.00000
7453.190 0.12934 0.00000
7455.830 0.12930 0.00000
7458.800 0.12925 0.00000
7461.440 0.12921 0.00000
7464.080 0.12917 0.00000
7466.720 0.12913 0.00000
7469.360 0.12908 0.00000
7472.330 0.12903 0.00000
7474.970 0.12899 0.00000
7477.610 0.12895 0.00000
7480.250 0.12890 0.00000
7482.890 0.12886 0.00000
7485.530 0.12882 0.00000
7488.500 0.12877 0.00000
7491.140 0.12872 0.00000
7493.780 0.12868 0.00000
7496.420 0.12864 0.00000
7499.060 0.12859 0.00000
7502.030 0.12854 0.00000
7504.670 0.12850 0.00000
7507.310 0.12845 0.00000
7509.950 0.12841 0.00000
7512.590 0.12837 0.00000
7515.560 0.12832 0.00000
7518.200 0.12827 0.00000
7520.840 0.12823 0.00000
7523.480 0.12818 0.00000
7526.120 0.12814 0.00000
7528.760 0.12809 0.00000
7531.730 0.12804 0.00000
7534.370 0.12800 0.00000
7537.010 0.12795 0.00000
7539.650 0.12791 0.00000
7542.290 0.12786 0.00000
7545.260 0.12781 0.00000
7547.900 0.12776 0.00000
7550.540 0.12772 0.00000
7553.180 0.12767 0.00000
7555.820 0.12763 0.00000
7558.790 0.12758 0.00000
7561.430 0.12753 0.00000
7564.070 0.12748 0.00000
7566.710 0.12744 0.00000
7569.350 0.12739 0.00000
7571.990 0.12735 0.00000
7574.960 0.12729 0.00000
7577.600 0.12725 0.00000
7580.240 0.12720 0.00000
7582.880 0.12715 0.00000
7585.520 0.12711 0.00000
7588.490 0.12706 0.00000
7591.130 0.12701 0.00000
7593.770 0.12696 0.00000
7596.410 0.12692 0.00000
7599.050 0.12687 0.00000
7602.020 0.12682 0.00000
7604.660 0.12677 0.00000
7607.300 0.12672 0.00000
7609.940 0.12667 0.00000
7612.580 0.12663 0.00000
7615.220 0.12658 0.00000
7618.190 0.12653 0.00000
7620.830 0.12648 0.00000
7623.470 0.12643 0.00000
7626.110 0.12638 0.00000
7628.750 0.12634 0.00000
7631.720 0.12628 0.00000
7634.360 0.12623 0.00000
7637.000 0.12619 0.00000
7639.640 0.12614 0.00000
7642.280 0.12609 0.00000
7645.250 0.12603 0.00000
7647.890 0.12599 0.00000
7650.530 0.12594 0.00000
7653.170 0.12589 0.00000
7655.810 0.12584 0.00000
7658.780 0.12579 0.00000
7661.420 0.12574 0.00000
7664.060 0.12569 0.00000
7666.700 0.12564 0.00000
7669.340 0.12559 0.00000
7671.980 0.12554 0.00000
7674.950 0.12549 0.00000
7677.590 0.12544 0.00000
7680.230 0.12539 0.00000
7682.870 0.12534 0.00000
7685.510 0.12529 0.00000
7688.480 0.12524 0.00000
7691.120 0.12519 0.00000
7693.760 0.12514 0.00000
7696.400 0.12509 0.00000
7699.040 0.12504 0.00000
7702.010 0.12498 0.00000
7704.650 0.12493 0.00000
7707.290 0.12488 0.00000
7709.930 0.12483 0.00000
7712.570 0.12478 0.00000
7715.210 0.12473 0.00000
7718.180 0.12468 0.00000
7720.820 0.12463 0.00000
7723.460 0.12457 0.00000
7726.100 0.12452 0.00000
7728.740 0.12447 0.00000
7731.710 0.12442 0.00000
7734.350 0.12437 0.00000
7736.990 0.12432 0.00000
7739.630 0.12427 0.00000
7742.270 0.12421 0.00000
7745.240 0.12416 0.00000
7747.880 0.12411 0.00000
7750.520 0.12406 0.00000
7753.160 0.12401 0.00000
7755.800 0.12395 0.00000
7758.440 0.12390 0.00000
7761.410 0.12385 0.00000
7764.050 0.12379 0.00000
7766.690 0.12374 0.00000
7769.330 0.12369 0.00000
7771.970 0.12364 0.00000
7774.940 0.12358 0.00000
7777.580 0.12353 0.00000
7780.220 0.12348 0.00000
7782.860 0.12343 0.00000
7785.500 0.12338 0.00000
7788.470 0.12332 0.00000
7791.110 0.12327 0.00000
7793.750 0.12321 0.00000
7796.390 0.12316 0.00000
7799.030 0.12311 0.00000
7801.670 0.12306 0.00000
7804.640 0.12300 0.00000
7807.280 0.12295 0.00000
7809.920 0.12289 0.00000
7812.560 0.12284 0.00000
7815.200 0.12279 0.00000
7818.170 0.12273 0.00000
7820.810 0.12268 0.00000
7823.450 0.12263 0.00000
7826.090 0.12257 0.00000
7828.730 0.12252 0.00000
7831.700 0.12246 0.00000
7834.340 0.12241 0.00000
7836.980 0.12236 0.00000
7839.620 0.12230 0.00000
7842.260 0.12225 0.00000
7844.900 0.12220 0.00000
7847.870 0.12214 0.00000
7850.510 0.12208 0.00000
7853.150 0.12203 0.00000
7855.790 0.12198 0.00000
7858.430 0.12192 0.00000
7861.400 0.12186 0.00000
7864.040 0.12181 0.00000
7866.680 0.12176 0.00000
7869.320 0.12170 0.00000
7871.960 0.12165 0.00000
7874.930 0.12159 0.00000
7877.570 0.12154 0.00000
7880.210 0.12148 0.00000
7882.850 0.12143 0.00000
7885.490 0.12137 0.00000
7888.130 0.12132 0.00000
7891.100 0.12126 0.00000
7893.740 0.12121 0.00000
7896.380 0.12115 0.00000
7899.020 0.12110 0.00000
7901.660 0.12104 0.00000
7904.630 0.12098 0.00000
7907.270 0.12093 0.00000
7909.910 0.12087 0.00000
7912.550 0.12082 0.00000
7915.190 0.12076 0.00000
7918.160 0.12070 0.00000
7920.800 0.12065 0.00000
7923.440 0.12059 0.00000
7926.080 0.12054 0.00000
7928.720 0.12048 0.00000
7931.360 0.12043 0.00000
7934.330 0.12037 0.00000
7936.970 0.12031 0.00000
7939.610 0.12026 0.00000
7942.250 0.12020 0.00000
7944.890 0.12015 0.00000
7947.860 0.12009 0.00000
7950.500 0.12003 0.00000
7953.140 0.11998 0.00000
7955.780 0.11992 0.00000
7958.420 0.11987 0.00000
7961.390 0.11980 0.00000
7964.030 0.11975 0.00000
7966.670 0.11969 0.00000
7969.310 0.11964 0.00000
7971.950 0.11958 0.00000
7974.590 0.11953 0.00000
7977.560 0.11946 0.00000
7980.200 0.11941 0.00000
7982.840 0.11935 0.00000
7985.480 0.11930 0.00000
7988.120 0.11924 0.00000
7991.090 0.11918 0.00000
7993.730 0.11912 0.00000
8003.960 0.11891 0.00000
8006.600 0.11885 0.00000
8009.240 0.11879 0.00000
8012.210 0.11873 0.00000
8014.850 0.11867 0.00000
8017.490 0.11862 0.00000
8020.130 0.11856 0.00000
8022.770 0.11851 0.00000
8025.740 0.11844 0.00000
8028.380 0.11839 0.00000
8031.020 0.11833 0.00000
8033.660 0.11827 0.00000
8036.300 0.11822 0.00000
8038.940 0.11816 0.00000
8041.910 0.11810 0.00000
8044.550 0.11804 0.00000
8047.190 0.11798 0.00000
8049.830 0.11793 0.00000
8052.470 0.11787 0.00000
8055.440 0.11781 0.00000
8058.080 0.11775 0.00000
8060.720 0.11769 0.00000
8063.360 0.11763 0.00000
8066.000 0.11758 0.00000
8068.970 0.11751 0.00000
8071.610 0.11746 0.00000
8074.250 0.11740 0.00000
8076.890 0.11734 0.00000
8079.530 0.11728 0.00000
8082.170 0.11723 0.00000
8085.140 0.11716 0.00000
8087.780 0.11711 0.00000
8090.420 0.11705 0.00000
8093.060 0.11699 0.00000
8095.700 0.11693 0.00000
8098.670 0.11687 0.00000
8101.310 0.11681 0.00000
8103.950 0.11675 0.00000
8106.590 0.11670 0.00000
8109.230 0.11664 0.00000
8112.200 0.11657 0.00000
8114.840 0.11652 0.00000
8117.480 0.11646 0.00000
8120.120 0.11640 0.00000
8122.760 0.11634 0.00000
8125.400 0.11629 0.00000
8128.370 0.11622 0.00000
8131.010 0.11616 0.00000
8133.650 0.11610 0.00000
8136.290 0.11605 0.00000
8138.930 0.11599 0.00000
8141.900 0.11592 0.00000
8144.540 0.11587 0.00000
8147.180 0.11581 0.00000
8149.820 0.11575 0.00000
8152.460 0.11569 0.00000
8155.430 0.11563 0.00000
8158.070 0.11557 0.00000
8160.710 0.11551 0.00000
8163.350 0.11545 0.00000
8165.990 0.11539 0.00000
8168.630 0.11533 0.00000
8171.600 0.11527 0.00000
8174.240 0.11521 0.00000
8176.880 0.11515 0.00000
8179.520 0.11509 0.00000
8182.160 0.11503 0.00000
8185.130 0.11497 0.00000
8187.770 0.11491 0.00000
8190.410 0.11485 0.00000
8193.050 0.11479 0.00000
8195.690 0.11473 0.00000
8198.660 0.11467 0.00000
8201.300 0.11461 0.00000
8203.940 0.11455 0.00000
8206.580 0.11449 0.00000
8209.220 0.11443 0.00000
8211.860 0.11437 0.00000
8214.830 0.11431 0.00000
8217.470 0.11425 0.00000
8220.110 0.11419 0.00000
8222.750 0.11413 0.00000
8225.390 0.11407 0.00000
8228.360 0.11401 0.00000
8231.000 0.11395 0.00000
8233.640 0.11389 0.00000
8236.280 0.11383 0.00000
8238.920 0.11377 0.00000
8241.890 0.11370 0.00000
8244.530 0.11364 0.00000
8247.170 0.11359 0.00000
8249.810 0.11353 0.00000
8252.450 0.11347 0.00000
8255.090 0.11341 0.00000
8258.060 0.11334 0.00000
8260.700 0.11328 0.00000
8263.340 0.11322 0.00000
8265.980 0.11316 0.00000
8268.620 0.11310 0.00000
8271.590 0.11304 0.00000
8274.230 0.11298 0.00000
8276.870 0.11292 0.00000
8279.510 0.11286 0.00000
8282.150 0.11280 0.00000
8285.120 0.11273 0.00000
8287.760 0.11267 0.00000
8290.400 0.11261 0.00000
8293.040 0.11255 0.00000
8295.680 0.11249 0.00000
8298.320 0.11243 0.00000
8301.290 0.11237 0.00000
8303.930 0.11231 0.00000
8306.570 0.11225 0.00000
8309.210 0.11219 0.00000
8311.850 0.11213 0.00000
8314.820 0.11206 0.00000
8317.460 0.11200 0.00000
8320.100 0.11194 0.00000
8322.740 0.11188 0.00000
8325.380 0.11182 0.00000
8328.350 0.11176 0.00000
8330.990 0.11170 0.00000
8333.630 0.11164 0.00000
8336.270 0.11158 0.00000
8338.910 0.11152 0.00000
8341.880 0.11145 0.00000
8344.520 0.11139 0.00000
8347.160 0.11133 0.00000
8349.800 0.11127 0.00000
8352.440 0.11121 0.00000
8355.080 0.11115 0.00000
8358.050 0.11108 0.00000
8360.690 0.11102 0.00000
8363.330 0.11096 0.00000
8365.970 0.11090 0.00000
8368.610 0.11084 0.00000
8371.580 0.11077 0.00000
8374.220 0.11071 0.00000
8376.860 0.11065 0.00000
8379.500 0.11059 0.00000
