instruments/deimos/OG550_8000_900ZD.txt
# %ECSV 0.9
# ---
# datatype:
# - {name: wav, datatype: float32}
# - {name: eff, datatype: float64}
# - {name: eff_unc, datatype: float64}
# meta: !!omap
# - {Filter: OG550}
# - {cwav: '8000'}
# - {Grating: 900ZD}
# schema: astropy-2.0
wav eff eff_unc
6193.800 0.19007 0.00884
6197.320 0.19018 0.00881
6200.840 0.19030 0.00879
6204.800 0.19043 0.00876
6208.320 0.19055 0.00874
6211.840 0.19066 0.00871
6215.360 0.19077 0.00869
6218.880 0.19089 0.00867
6222.840 0.19101 0.00864
6226.360 0.19112 0.00862
6229.880 0.19123 0.00860
6233.400 0.19134 0.00857
6236.920 0.19145 0.00855
6240.440 0.19156 0.00853
6244.400 0.19168 0.00851
6247.920 0.19179 0.00848
6251.440 0.19190 0.00846
6254.960 0.19200 0.00844
6258.480 0.19211 0.00842
6262.440 0.19222 0.00840
6265.960 0.19233 0.00838
6269.480 0.19243 0.00836
6273.000 0.19253 0.00834
6276.520 0.19263 0.00832
6280.480 0.19274 0.00830
6284.000 0.19283 0.00828
6287.520 0.19293 0.00827
6291.040 0.19302 0.00825
6294.560 0.19311 0.00823
6298.080 0.19321 0.00821
6302.040 0.19331 0.00819
6305.560 0.19341 0.00818
6309.080 0.19350 0.00816
6312.600 0.19360 0.00814
6316.120 0.19369 0.00813
6320.080 0.19380 0.00811
6323.600 0.19389 0.00809
6327.120 0.19399 0.00808
6330.640 0.19408 0.00806
6334.160 0.19417 0.00804
6338.120 0.19428 0.00803
6341.640 0.19437 0.00801
6345.160 0.19446 0.00800
6348.680 0.19455 0.00798
6352.200 0.19463 0.00797
6355.720 0.19472 0.00795
6359.680 0.19481 0.00794
6363.200 0.19490 0.00792
6366.720 0.19498 0.00791
6370.240 0.19506 0.00790
6373.760 0.19514 0.00789
6377.720 0.19524 0.00787
6381.240 0.19532 0.00786
6384.760 0.19539 0.00785
6388.280 0.19547 0.00784
6391.800 0.19555 0.00782
6395.760 0.19564 0.00781
6399.280 0.19572 0.00780
6402.800 0.19579 0.00779
6406.320 0.19587 0.00778
6409.840 0.19594 0.00777
6413.360 0.19602 0.00776
6417.320 0.19610 0.00775
6420.840 0.19617 0.00774
6424.360 0.19624 0.00773
6427.880 0.19631 0.00772
6431.400 0.19638 0.00771
6435.360 0.19646 0.00770
6438.880 0.19653 0.00769
6442.400 0.19660 0.00768
6445.920 0.19667 0.00767
6449.440 0.19673 0.00766
6453.400 0.19681 0.00766
6456.920 0.19687 0.00765
6460.440 0.19694 0.00764
6463.960 0.19700 0.00763
6467.480 0.19707 0.00762
6471.000 0.19713 0.00762
6474.960 0.19720 0.00761
6478.480 0.19726 0.00760
6482.000 0.19732 0.00760
6485.520 0.19738 0.00759
6489.040 0.19744 0.00758
6493.000 0.19751 0.00758
6496.520 0.19757 0.00757
6500.040 0.19762 0.00757
6503.560 0.19768 0.00756
6507.080 0.19774 0.00755
6511.040 0.19780 0.00755
6514.560 0.19785 0.00754
6518.080 0.19791 0.00754
6521.600 0.19796 0.00753
6525.120 0.19801 0.00753
6528.640 0.19806 0.00753
6532.600 0.19812 0.00752
6536.120 0.19817 0.00752
6539.640 0.19822 0.00751
6543.160 0.19827 0.00751
6546.680 0.19831 0.00751
6550.640 0.19836 0.00750
6554.160 0.19840 0.00750
6557.680 0.19844 0.00750
6561.200 0.19849 0.00750
6564.720 0.19853 0.00749
6568.680 0.19858 0.00749
6572.200 0.19862 0.00749
6575.720 0.19866 0.00749
6579.240 0.19871 0.00748
6582.760 0.19875 0.00748
6586.280 0.19879 0.00748
6590.240 0.19884 0.00748
6593.760 0.19888 0.00748
6597.280 0.19893 0.00747
6600.800 0.19897 0.00747
6604.320 0.19901 0.00747
6608.280 0.19906 0.00747
6611.800 0.19910 0.00747
6615.320 0.19914 0.00747
6618.840 0.19917 0.00746
6622.360 0.19921 0.00746
6626.320 0.19925 0.00746
6629.840 0.19928 0.00746
6633.360 0.19931 0.00746
6636.880 0.19935 0.00746
6640.400 0.19938 0.00746
6643.920 0.19941 0.00746
6647.880 0.19944 0.00746
6651.400 0.19947 0.00746
6654.920 0.19950 0.00746
6658.440 0.19953 0.00746
6661.960 0.19956 0.00746
6665.920 0.19959 0.00747
6669.440 0.19961 0.00747
6672.960 0.19964 0.00747
6676.480 0.19966 0.00747
6680.000 0.19969 0.00747
6683.960 0.19971 0.00747
6687.480 0.19974 0.00747
6691.000 0.19976 0.00747
6694.520 0.19978 0.00748
6698.040 0.19980 0.00748
6702.000 0.19983 0.00748
6705.520 0.19985 0.00748
6709.040 0.19987 0.00748
6712.560 0.19988 0.00749
6716.080 0.19990 0.00749
6719.600 0.19992 0.00749
6723.560 0.19994 0.00749
6727.080 0.19996 0.00749
6730.600 0.19997 0.00750
6734.120 0.19999 0.00750
6737.640 0.20000 0.00750
6741.600 0.20002 0.00751
6745.120 0.20003 0.00751
6748.640 0.20004 0.00751
6752.160 0.20005 0.00751
6755.680 0.20006 0.00752
6759.640 0.20008 0.00752
6763.160 0.20009 0.00752
6766.680 0.20009 0.00753
6770.200 0.20010 0.00753
6773.720 0.20011 0.00753
6777.240 0.20012 0.00754
6781.200 0.20013 0.00754
6784.720 0.20013 0.00754
6788.240 0.20014 0.00755
6791.760 0.20014 0.00755
6795.280 0.20015 0.00756
6799.240 0.20015 0.00756
6802.760 0.20016 0.00756
6806.280 0.20016 0.00757
6809.800 0.20016 0.00757
6813.320 0.20016 0.00758
6817.280 0.20016 0.00758
6820.800 0.20016 0.00759
6824.320 0.20016 0.00759
6827.840 0.20016 0.00759
6831.360 0.20016 0.00760
6834.880 0.20016 0.00760
6838.840 0.20015 0.00761
6842.360 0.20013 0.00761
6845.880 0.20012 0.00762
6849.400 0.20010 0.00762
6852.920 0.20008 0.00763
6856.880 0.20006 0.00764
6860.400 0.20004 0.00764
6863.920 0.20002 0.00765
6867.440 0.20000 0.00765
6870.960 0.19998 0.00766
6874.920 0.19996 0.00766
6878.440 0.19994 0.00767
6881.960 0.19992 0.00767
6885.480 0.19990 0.00768
6889.000 0.19988 0.00769
6892.520 0.19986 0.00769
6896.480 0.19984 0.00770
6900.000 0.19982 0.00770
6903.520 0.19980 0.00771
6907.040 0.19978 0.00771
6910.560 0.19976 0.00772
6914.520 0.19974 0.00773
6918.040 0.19972 0.00773
6921.560 0.19970 0.00774
6925.080 0.19968 0.00774
6928.600 0.19967 0.00775
6932.560 0.19964 0.00775
6936.080 0.19963 0.00776
6939.600 0.19961 0.00776
6943.120 0.19959 0.00777
6946.640 0.19957 0.00778
6950.160 0.19955 0.00778
6954.120 0.19953 0.00779
6957.640 0.19951 0.00779
6961.160 0.19949 0.00780
6964.680 0.19947 0.00781
6968.200 0.19945 0.00781
6972.160 0.19943 0.00782
6975.680 0.19941 0.00782
6979.200 0.19939 0.00783
6982.720 0.19937 0.00783
6986.240 0.19935 0.00784
6990.200 0.19933 0.00785
6993.720 0.19931 0.00785
6997.240 0.19929 0.00786
7000.760 0.19927 0.00786
7004.280 0.19925 0.00787
7007.800 0.19924 0.00788
7011.760 0.19921 0.00788
7015.280 0.19920 0.00789
7018.800 0.19918 0.00789
7022.320 0.19916 0.00790
7025.840 0.19914 0.00791
7029.800 0.19912 0.00791
7033.320 0.19910 0.00792
7036.840 0.19906 0.00792
7040.360 0.19903 0.00793
7043.880 0.19899 0.00794
7047.840 0.19895 0.00794
7051.360 0.19891 0.00795
7054.880 0.19888 0.00796
7058.400 0.19884 0.00796
7061.920 0.19880 0.00797
7065.440 0.19876 0.00798
7069.400 0.19871 0.00798
7072.920 0.19867 0.00799
7076.440 0.19863 0.00800
7079.960 0.19859 0.00800
7083.480 0.19855 0.00801
7087.440 0.19850 0.00802
7090.960 0.19846 0.00802
7094.480 0.19841 0.00803
7098.000 0.19837 0.00804
7101.520 0.19833 0.00804
7105.480 0.19827 0.00805
7109.000 0.19823 0.00806
7112.520 0.19818 0.00806
7116.040 0.19814 0.00807
7119.560 0.19809 0.00808
7123.520 0.19803 0.00808
7127.040 0.19799 0.00809
7130.560 0.19794 0.00810
7134.080 0.19789 0.00810
7137.600 0.19784 0.00811
7141.120 0.19779 0.00812
7145.080 0.19771 0.00812
7148.600 0.19764 0.00813
7152.120 0.19757 0.00814
7155.640 0.19750 0.00814
7159.160 0.19743 0.00815
7163.120 0.19735 0.00816
7166.640 0.19728 0.00816
7170.160 0.19721 0.00817
7173.680 0.19714 0.00818
7177.200 0.19707 0.00818
7181.160 0.19699 0.00819
7184.680 0.19693 0.00820
7188.200 0.19686 0.00821
7191.720 0.19679 0.00821
7195.240 0.19672 0.00822
7198.760 0.19665 0.00822
7202.720 0.19657 0.00823
7206.240 0.19650 0.00824
7209.760 0.19643 0.00825
7213.280 0.19636 0.00825
7216.800 0.19629 0.00826
7220.760 0.19621 0.00827
7224.280 0.19614 0.00827
7227.800 0.19607 0.00828
7231.320 0.19600 0.00829
7234.840 0.19593 0.00829
7238.800 0.19586 0.00830
7242.320 0.19579 0.00831
7245.840 0.19572 0.00831
7249.360 0.19565 0.00832
7252.880 0.19558 0.00833
7256.400 0.19551 0.00833
7260.360 0.19543 0.00834
7263.880 0.19536 0.00835
7267.400 0.19529 0.00835
7270.920 0.19522 0.00836
7274.440 0.19515 0.00837
7278.400 0.19507 0.00837
7281.920 0.19500 0.00838
7285.440 0.19493 0.00839
7288.960 0.19487 0.00839
7292.480 0.19480 0.00840
7296.440 0.19472 0.00841
7299.960 0.19465 0.00841
7303.480 0.19458 0.00842
7307.000 0.19451 0.00843
7310.520 0.19444 0.00843
7314.040 0.19437 0.00844
7318.000 0.19429 0.00845
7321.520 0.19422 0.00845
7325.040 0.19415 0.00846
7328.560 0.19408 0.00847
7332.080 0.19401 0.00847
7336.040 0.19394 0.00848
7339.560 0.19387 0.00849
7343.080 0.19380 0.00849
7346.600 0.19373 0.00850
7350.120 0.19366 0.00851
7354.080 0.19358 0.00851
7357.600 0.19351 0.00852
7361.120 0.19344 0.00853
7364.640 0.19337 0.00853
7368.160 0.19330 0.00854
7371.680 0.19323 0.00855
7375.640 0.19315 0.00856
7379.160 0.19308 0.00856
7382.680 0.19301 0.00857
7386.200 0.19294 0.00857
7389.720 0.19288 0.00858
7393.680 0.19280 0.00859
7397.200 0.19273 0.00860
7400.720 0.19266 0.00860
7404.240 0.19257 0.00861
7407.760 0.19248 0.00861
7411.720 0.19238 0.00862
7415.240 0.19229 0.00863
7418.760 0.19220 0.00863
7422.280 0.19211 0.00864
7425.800 0.19202 0.00865
7429.320 0.19193 0.00865
7433.280 0.19183 0.00866
7436.800 0.19174 0.00867
7440.320 0.19165 0.00867
7443.840 0.19155 0.00868
7447.360 0.19146 0.00868
7451.320 0.19135 0.00869
7454.840 0.19126 0.00870
7458.360 0.19116 0.00870
7461.880 0.19107 0.00871
7465.400 0.19097 0.00872
7469.360 0.19087 0.00872
7472.880 0.19077 0.00873
7476.400 0.19067 0.00874
7479.920 0.19057 0.00874
7483.440 0.19048 0.00875
7486.960 0.19038 0.00875
7490.920 0.19027 0.00876
7494.440 0.19017 0.00877
7497.960 0.19007 0.00877
7501.480 0.18997 0.00878
7505.000 0.18987 0.00878
7508.960 0.18975 0.00879
7512.480 0.18965 0.00880
7516.000 0.18955 0.00880
7519.520 0.18945 0.00881
7523.040 0.18935 0.00881
7527.000 0.18923 0.00882
7530.520 0.18912 0.00883
7534.040 0.18902 0.00883
7537.560 0.18892 0.00884
7541.080 0.18881 0.00884
7545.040 0.18869 0.00885
7548.560 0.18859 0.00886
7552.080 0.18848 0.00886
7555.600 0.18837 0.00887
7559.120 0.18827 0.00887
7562.640 0.18815 0.00888
7566.600 0.18801 0.00889
7570.120 0.18790 0.00889
7573.640 0.18778 0.00890
7577.160 0.18766 0.00890
7580.680 0.18754 0.00891
7584.640 0.18741 0.00891
7588.160 0.18729 0.00892
7591.680 0.18717 0.00892
7595.200 0.18705 0.00893
7598.720 0.18693 0.00893
7602.680 0.18680 0.00894
7606.200 0.18668 0.00894
7609.720 0.18656 0.00895
7613.240 0.18644 0.00895
7616.760 0.18633 0.00896
7620.280 0.18621 0.00896
7624.240 0.18607 0.00897
7627.760 0.18596 0.00897
7631.280 0.18584 0.00898
7634.800 0.18572 0.00898
7638.320 0.18560 0.00899
7642.280 0.18547 0.00900
7645.800 0.18535 0.00900
7649.320 0.18523 0.00901
7652.840 0.18511 0.00901
7656.360 0.18499 0.00902
7660.320 0.18486 0.00902
7663.840 0.18474 0.00903
7667.360 0.18462 0.00903
7670.880 0.18450 0.00904
7674.400 0.18439 0.00904
7677.920 0.18427 0.00905
7681.880 0.18413 0.00905
7685.400 0.18402 0.00906
7688.920 0.18390 0.00907
7692.440 0.18378 0.00907
7695.960 0.18366 0.00908
7699.920 0.18353 0.00908
7703.440 0.18341 0.00909
7706.960 0.18329 0.00909
7710.480 0.18317 0.00910
7714.000 0.18305 0.00910
7717.960 0.18292 0.00911
7721.480 0.18280 0.00911
7725.000 0.18268 0.00912
7728.520 0.18256 0.00912
7732.040 0.18245 0.00913
7735.560 0.18233 0.00914
7739.520 0.18219 0.00914
7743.040 0.18208 0.00915
7746.560 0.18195 0.00915
7750.080 0.18182 0.00916
7753.600 0.18169 0.00916
7757.560 0.18154 0.00917
7761.080 0.18141 0.00917
7764.600 0.18128 0.00917
7768.120 0.18115 0.00918
7771.640 0.18101 0.00918
7775.600 0.18087 0.00919
7779.120 0.18073 0.00919
7782.640 0.18060 0.00920
7786.160 0.18047 0.00920
7789.680 0.18033 0.00921
7793.200 0.18020 0.00921
7797.160 0.18005 0.00922
7800.680 0.17991 0.00922
7804.200 0.17978 0.00922
7807.720 0.17964 0.00923
7811.240 0.17950 0.00923
7815.200 0.17935 0.00924
7818.720 0.17921 0.00924
7822.240 0.17907 0.00925
7825.760 0.17894 0.00925
7829.280 0.17880 0.00925
7833.240 0.17864 0.00926
7836.760 0.17850 0.00926
7840.280 0.17836 0.00927
7843.800 0.17822 0.00927
7847.320 0.17808 0.00927
7850.840 0.17794 0.00928
7854.800 0.17779 0.00928
7858.320 0.17764 0.00929
7861.840 0.17750 0.00929
7865.360 0.17736 0.00929
7868.880 0.17722 0.00930
7872.840 0.17706 0.00930
7876.360 0.17692 0.00930
7879.880 0.17677 0.00931
7883.400 0.17663 0.00931
7886.920 0.17648 0.00932
7890.880 0.17632 0.00932
7894.400 0.17618 0.00932
7897.920 0.17603 0.00933
7901.440 0.17589 0.00933
7904.960 0.17574 0.00933
7908.480 0.17559 0.00934
7912.440 0.17543 0.00934
7915.960 0.17528 0.00934
7919.480 0.17513 0.00935
7923.000 0.17499 0.00935
7926.520 0.17484 0.00935
7930.480 0.17467 0.00936
7934.000 0.17452 0.00936
7937.520 0.17437 0.00936
7941.040 0.17422 0.00937
7944.560 0.17407 0.00937
7948.520 0.17390 0.00937
7952.040 0.17375 0.00937
7955.560 0.17360 0.00938
7959.080 0.17345 0.00938
7962.600 0.17330 0.00938
7966.120 0.17315 0.00939
7970.080 0.17298 0.00939
7973.600 0.17282 0.00939
7977.120 0.17267 0.00939
7980.640 0.17252 0.00940
7984.160 0.17236 0.00940
7988.120 0.17219 0.00940
7991.640 0.17203 0.00941
8005.280 0.17143 0.00941
8008.800 0.17128 0.00942
8012.320 0.17112 0.00942
8016.280 0.17094 0.00942
8019.800 0.17079 0.00942
8023.320 0.17063 0.00943
8026.840 0.17047 0.00943
8030.360 0.17031 0.00943
8034.320 0.17013 0.00943
8037.840 0.16998 0.00944
8041.360 0.16982 0.00944
8044.880 0.16966 0.00944
8048.400 0.16950 0.00944
8051.920 0.16934 0.00944
8055.880 0.16916 0.00944
8059.400 0.16900 0.00945
8062.920 0.16883 0.00945
8066.440 0.16867 0.00945
8069.960 0.16851 0.00945
8073.920 0.16833 0.00945
8077.440 0.16817 0.00946
8080.960 0.16800 0.00946
8084.480 0.16784 0.00946
8088.000 0.16768 0.00946
8091.960 0.16749 0.00946
8095.480 0.16733 0.00946
8099.000 0.16716 0.00946
8102.520 0.16700 0.00946
8106.040 0.16683 0.00947
8109.560 0.16667 0.00947
8113.520 0.16648 0.00947
8117.040 0.16632 0.00947
8120.560 0.16615 0.00947
8124.080 0.16598 0.00947
8127.600 0.16582 0.00947
8131.560 0.16562 0.00947
8135.080 0.16544 0.00947
8138.600 0.16526 0.00947
8142.120 0.16508 0.00947
8145.640 0.16491 0.00947
8149.600 0.16471 0.00946
8153.120 0.16453 0.00946
8156.640 0.16435 0.00946
8160.160 0.16417 0.00946
8163.680 0.16399 0.00946
8167.200 0.16382 0.00946
8171.160 0.16362 0.00945
8174.680 0.16344 0.00945
8178.200 0.16326 0.00945
8181.720 0.16308 0.00945
8185.240 0.16290 0.00945
8189.200 0.16270 0.00945
8192.720 0.16253 0.00945
8196.240 0.16235 0.00945
8199.760 0.16217 0.00944
8203.280 0.16199 0.00944
8207.240 0.16179 0.00944
8210.760 0.16162 0.00944
8214.280 0.16144 0.00944
8217.800 0.16126 0.00944
8221.320 0.16108 0.00944
8224.840 0.16090 0.00943
8228.800 0.16070 0.00943
8232.320 0.16053 0.00943
8235.840 0.16035 0.00943
8239.360 0.16017 0.00943
8242.880 0.15999 0.00943
8246.840 0.15979 0.00943
8250.360 0.15961 0.00943
8253.880 0.15944 0.00943
8257.400 0.15926 0.00942
8260.920 0.15908 0.00942
8264.880 0.15888 0.00942
8268.400 0.15870 0.00942
8271.920 0.15853 0.00942
8275.440 0.15835 0.00942
8278.960 0.15817 0.00942
8282.480 0.15799 0.00942
8286.440 0.15779 0.00941
8289.960 0.15761 0.00941
8293.480 0.15744 0.00941
8297.000 0.15726 0.00941
8300.520 0.15708 0.00941
8304.480 0.15688 0.00941
8308.000 0.15670 0.00941
8311.520 0.15653 0.00941
8315.040 0.15635 0.00941
8318.560 0.15617 0.00941
8322.520 0.15597 0.00940
8326.040 0.15579 0.00940
8329.560 0.15561 0.00940
8333.080 0.15544 0.00940
8336.600 0.15526 0.00940
8340.120 0.15508 0.00940
8344.080 0.15488 0.00940
8347.600 0.15470 0.00940
8351.120 0.15452 0.00940
8354.640 0.15435 0.00940
8358.160 0.15417 0.00940
8362.120 0.15397 0.00939
8365.640 0.15379 0.00939
8369.160 0.15361 0.00939
8372.680 0.15344 0.00939
8376.200 0.15326 0.00939
8380.160 0.15306 0.00939
8383.680 0.15288 0.00939
8387.200 0.15270 0.00939
8390.720 0.15252 0.00939
8394.240 0.15234 0.00938
8397.760 0.15215 0.00938
8401.720 0.15194 0.00938
8405.240 0.15175 0.00937
8408.760 0.15156 0.00937
8412.280 0.15137 0.00937
8415.800 0.15118 0.00936
8419.760 0.15096 0.00936
8423.280 0.15077 0.00935
8426.800 0.15058 0.00935
8430.320 0.15039 0.00934
8433.840 0.15020 0.00934
8437.800 0.14999 0.00933
8441.320 0.14980 0.00933
8444.840 0.14961 0.00933
8448.360 0.14941 0.00932
8451.880 0.14922 0.00932
8455.840 0.14901 0.00931
8459.360 0.14881 0.00931
8462.880 0.14862 0.00930
8466.400 0.14843 0.00930
8469.920 0.14823 0.00929
8473.440 0.14804 0.00929
8477.400 0.14782 0.00928
8480.920 0.14763 0.00927
8484.440 0.14743 0.00927
8487.960 0.14724 0.00926
8491.480 0.14704 0.00926
8495.440 0.14683 0.00925
8498.960 0.14663 0.00925
8502.480 0.14644 0.00924
8506.000 0.14624 0.00923
