calculator/instruments/esi/original_plaintext_files/throughput.txt
# %ECSV 1.0
# ---
# datatype:
# - {name: WAV, unit: Angstrom, datatype: float64}
# - {name: EFF, datatype: float64}
# meta: !!omap
# - {FILTER: none}
# - {GRATING: none}
# - {GRISM: none}
# - {DICHROIC: none}
# - {MODE: echelle}
# schema: astropy-2.0
WAV EFF
[from data line 424]
5925.526473822509 0.2104275430144233
5931.059454079729 0.21149053641817292
5936.597600775859 0.21243844887391297
5942.140918735076 0.21319948564073044
5947.689412786066 0.21368334859511928
5953.243087762021 0.21378860567016558
5958.801948500653 0.21339281929382567
5964.365999844174 0.21235883336301067
5969.935246639336 0.21052758279622127
5975.509693737406 0.1523746671181435
5981.089345994188 0.15603285120146887
5986.674208270014 0.15965257026411225
5992.264285429764 0.16322498869172686
5997.85958234284 0.16674690274373835
6003.259995236896 0.17011108996686733
6008.865559430956 0.17355564891117703
6014.476357839418 0.17693390970485384
6020.092395349756 0.18024410397950535
6025.713676853984 0.1834799863698116
6031.340207248707 0.1866370399047002
6036.971991435094 0.18970921260778414
6042.60903431889 0.19269565168605576
6048.251340810421 0.19559162546794454
6053.898915824607 0.198395149537116
6059.551764280933 0.2010992583400331
6065.209891103501 0.20370420257714705
6070.873301221004 0.20620698878445987
6076.541999566735 0.20860580863194467
6082.013257323809 0.2108198597784298
6087.692357640993 0.21300837259442823
6093.376760837175 0.21508827149843807
6099.066471863945 0.21705878002772905
6104.761495677505 0.21891653775408146
6110.4618372386885 0.22066321997336977
6116.167501512961 0.22229688894443672
6121.878493470429 0.22381874734251153
6127.594818085822 0.22522833505067746
6133.316480338535 0.22652540970183635
6139.043485212603 0.22771089840778158
6144.775837696718 0.22878199038634542
6150.513542784227 0.22974105884017718
6156.25660547315 0.23059069555691866
6161.799637465627 0.23130264285510566
6167.553238583378 0.23193281567071808
6173.312212145507 0.23244934099888392
6179.076563168553 0.2328565127680752
6184.8462966737425 0.23315176607376265
6190.621417686976 0.23333563611562907
6196.401931238862 0.23340689457157304
6202.187842364702 0.2333664142730369
6207.979156104499 0.2332112041475433
6213.775877502962 0.23294251434650712
6219.578011609517 0.23255766401445177
6225.385563478284 0.23205622013769575
6231.198538168125 0.23143590247149884
6237.016940742617 0.233170818223893
6242.632688534778 0.23389791807655202
6248.461767785598 0.23420681804522053
6254.296289958763 0.23414049493624764
6260.136260136607 0.23377214353973563
6265.98168340623 0.23315645429226428
6271.832564859475 0.23234535271848708
6277.688909592937 0.23137340362775782
6283.550722707974 0.23028210827567547
6289.418009310712 0.22909231332321706
6295.290774512026 0.2278265801008791
6301.16902342758 0.22650120960377318
6307.052761177813 0.22513013775263127
6312.941992887943 0.22372216149602184
6318.836723687972 0.22228296401371467
6324.526141195934 0.22087088367443247
6330.431688733373 0.2193844917926172
6336.3427505956715 0.21787941936781943
6342.259331931847 0.21635519893813204
6348.181437895727 0.2148171060203221
6354.109073645957 0.21326840300664793
6360.042244345984 0.21170855222517185
6365.980955164088 0.21014534320346123
6371.925211273377 0.20857903605717348
6377.875017851782 0.2070243869126145
6383.830380082074 0.2054831255488941
6389.79130315186 0.20396767649989936
6395.757792253601 0.20249007767607582
6401.516468723825 0.2011118587776243
6407.493906238314 0.19974616211815166
6413.476925205169 0.19846208432726073
6419.465530836089 0.19727547014281513
6425.459728347649 0.19620362450389836
6431.4595229612705 0.19526877604057016
6437.464919903275 0.19448524839063325
6443.475924404855 0.19387167437519148
6449.492541702088 0.19344684201612503
6455.51477703594 0.19322396058254787
6461.5426356522785 0.19321676933040902
6467.576122801851 0.19343115921837684
6473.615243740323 0.193873841881614
6479.660003728266 0.19453614948995046
6485.494224912145 0.1953760264810372
6491.550076938682 0.196433006263225
6497.611583637393 0.19764842716702055
6503.678750288353 0.19896133490103146
6509.751582176561 0.2003145645952266
6515.830084591952 0.20163622932546416
6521.9142628294 0.20282668843816612
6528.004122188723 0.2037564307991538
6534.099667974694 0.20427010717103256
6540.200905497019 0.20418157372131712
6546.3078400703835 0.20326649927416235
6552.420477014428 0.20125916624676843
6558.538821653759 0.19784844936651005
6564.662879317959 0.19267272133793978
6570.57363624248 0.13072785199145331
6576.708931455243 0.13423739086182243
6582.849955520529 0.1377521756036115
6588.996713787678 0.14126772317234942
6595.1492116110085 0.14477885256118916
6601.307454349857 0.1482827636897435
6607.471447368557 0.15177412421257427
6613.641196036451 0.15524876720280958
6619.816705727898 0.15869974877539014
6625.997981822277 0.16212486080269553
6632.1850297039755 0.16551769611104045
6638.377854762424 0.16887247384489815
6644.576462392081 0.1721847715978126
6650.780857992443 0.17544871979973484
6656.769154685287 0.17854809132098173
6662.984935253049 0.18170345163736132
6669.206519826805 0.18479763701604432
6675.433913826064 0.1878223705616032
6681.667122675396 0.19077506404682124
6687.906151804437 0.1936516417341129
6694.151006647894 0.19644642136182622
6700.401692645552 0.1991572848658979
6706.65821524226 0.20177876746195453
6712.920579887967 0.20430817377350616
6719.188792037705 0.20674209633975354
6725.462857151602 0.20908100172721633
6731.742780694883 0.21131822201737588
6738.028568137883 0.21345278048926175
6744.095421797981 0.21541619780211707
6750.392743561113 0.21734758091188572
6756.695945469603 0.21917493775554941
6763.005033014058 0.2208973040768894
6769.320011690215 0.22251391422894606
6775.640886998925 0.22402521215838075
6781.967664446196 0.22543287165729273
6788.3003495431685 0.22673779559667012
6794.63894780613 0.22794210657808459
6800.983464756521 0.2290471191688673
6807.333905920941 0.23005339037367245
6813.690276831132 0.2309656239768037
6820.05258302402 0.231783717090577
6826.420830041697 0.23251275083508705
6832.567271212033 0.2331329048925299
6838.947203861859 0.23369157776604044
6845.333093795243 0.23417031611444808
6851.7249465748055 0.2345675585612484
6858.122767768379 0.2348901542366006
6864.526562948992 0.23513671031319647
6870.936337694875 0.23531321125578905
6877.352097589466 0.235419510084841
6883.773848221425 0.23545963163688408
6890.20159518461 0.23543355313361342
6896.635344078121 0.23534541814851148
6903.075100506282 0.2351911839992667
6909.520870078648 0.23497405454989656
6915.972658410013 0.23469524776403006
6922.199731152664 0.2343678144433758
6928.663358413163 0.23396324731020707
6935.133021107337 0.2334937057364306
6941.608724870793 0.2329555018112873
6948.090475344398 0.23234910229638106
6954.578278174297 0.2316709976092664
6961.072139011883 0.23091775736066328
6967.572063513849 0.23008201836030445
6974.078057342161 0.22916171845593927
6980.590126164072 0.22815486841793078
6987.10827565213 0.22705367414265676
6993.632511484182 0.2258525890988076
7000.16283934336 0.2245469797822665
7006.699264918122 0.22311584820720876
7013.008026991583 0.23466588231012245
7019.556446803477 0.23437653794969057
7026.110981224375 0.23390867418072234
7032.671635963821 0.2332859416717405
7039.23841673667 0.2325217961583105
7045.811329263133 0.23163698172765532
7052.390379268755 0.2306379688076758
7058.975572484429 0.22954137477945807
7065.566914646396 0.228349643821935
7072.164411496265 0.22707228266892504
7078.768068780979 0.22571775076553918
7085.3778922528745 0.22428850970235747
7091.99388766965 0.22279194096320132
7098.616060794377 0.22123533265724987
7105.00758383329 0.21967997611999668
7111.641908540541 0.2180224387527658
7118.282428070782 0.21632511905661997
7124.92914820845 0.21459949529747052
7131.582074743382 0.21285579860358894
7138.241213470822 0.2111086269667675
7144.906570191434 0.20936839705979363
7151.578150711275 0.20765341560298448
7158.255960841846 0.20598048299829633
7164.940006400067 0.2043667535528255
7171.630293208289 0.20283332581491653
7178.3268270943 0.20139714916822546
7185.029613891338 0.2000773855073106
7191.498942830825 0.19893398531836431
7198.214029135188 0.19789867520695525
7204.9353856739535 0.1970313324026114
7211.663018301974 0.19634358675674332
7218.396932879568 0.19584303482492693
7225.137135272536 0.1955334134554839
7231.883631352131 0.19540781321657016
7238.63642699511 0.19545215745386063
7245.395528083714 0.19564075311256837
7252.160940505672 0.19593876067610105
7258.932670154215 0.19628975210450303
7265.71072292808 0.19661888761759683
7272.495104731493 0.19683526435295212
7279.285821474212 0.19681917450201594
7285.840017762091 0.1964456377966396
7292.643195362197 0.19550945370592693
7299.452725452256 0.11074568847650575
7306.268613963914 0.11376428268903463
7313.090866834372 0.11678816815562985
7319.919490006375 0.11981871242437823
7326.754489428211 0.1228528538384442
7333.5958710537325 0.1258897018519345
7340.443640842331 0.12892738499205147
7347.2978047589795 0.13196414481208538
7354.158368774219 0.135000635860378
7361.025338864161 0.1380329959866171
7367.898721010502 0.14105969935459636
7374.778521200519 0.14407932214081076
7381.418698161979 0.1469827805469955
7388.311122676093 0.1499828449652456
7395.20998301476 0.15296883872583517
7402.11528518745 0.15594027668703156
7409.02703520925 0.1588933122029129
7415.945239100866 0.16182476040495836
7422.869902888607 0.1647328261660776
7429.801032604429 0.1676158100967776
7436.7386342859145 0.17046983141186015
7443.682713976284 0.17329171928581721
7450.633277724399 0.17607907498359907
7457.590331584778 0.17882796754860242
7464.553881617571 0.1815383858393714
7471.523933888608 0.18420325538979246
7478.251219453879 0.18672847728287856
7485.234061660149 0.18929897024803038
7492.223424118801 0.1918154808356452
7499.21931291813 0.19427665436596248
7506.221734152133 0.1966786536860359
7513.230693920495 0.19901939077604366
7520.246198328594 0.20129421419354318
7527.268253487508 0.2035020295497171
7534.296865514026 0.20563825256330268
7541.332040530649 0.20770198002253376
7548.373784665578 0.20969149198443038
7555.4221040527555 0.21160243047721125
7562.477004831846 0.21343415469165897
7569.538493148247 0.21518434093101643
7576.354030044249 0.21679182176238404
7583.4284760795745 0.21837659330301915
7590.509527902659 0.2198743903906634
7597.597191681678 0.22128325369723978
7604.691473590568 0.22260430900452877
7611.792379809031 0.22383585260855196
7618.899916522546 0.22497731543905017
7626.014089922343 0.2260262423273331
7633.134906205459 0.2269843183576178
7640.262371574708 0.2278523003692668
7647.396492238697 0.22862817020678786
7654.5372744118295 0.22931395028177787
7661.68472431432 0.22990882711247426
7668.838848172168 0.23041107000978528
7675.743794116555 0.23081316628655404
7682.911045678075 0.23114261772155503
7690.084989684826 0.23138408032032023
7697.265632385901 0.23153928547858696
7704.452980036235 0.2316091014343533
7711.647038896583 0.23159342152238324
7718.8478152335665 0.23149736843303362
7726.055315319652 0.23131900949230985
7733.269545433164 0.23106054422563527
7740.4905118582865 0.23072226378231234
7747.718220885083 0.2303075543919748
7754.952678809463 0.22981580376610183
7762.19389193324 0.22924853624177588
7769.441866564105 0.22860930624937625
7776.437394461979 0.22792196901685177
7783.6986690112035 0.22713866913694208
7790.96672379993 0.22628444513775248
7798.24156515924 0.22535915071247908
7805.523199426117 0.22436566291503424
7812.811632943458 0.22330097480703914
7820.106872060089 0.22216809297877047
7827.408923130768 0.22096715680004247
7834.717792516165 0.2196925544378935
7842.033486582911 0.2183504630250678
7849.356011703575 0.21693933107064425
7856.685374256678 0.2154568328246941
7864.021580626694 0.21390171793921678
7871.36463720407 0.21227388088416274
7878.45193534718 0.21063361824135454
7885.808466316759 0.20885896058997025
7893.171866471853 0.20701101071506844
7900.542142226585 0.2050829573004535
7907.919300001072 0.2030764835305119
7915.303346221428 0.2009898196777365
7922.694287319748 0.19882150056024037
7930.092129734155 0.19657203977455057
7937.4968799087765 0.19423791649860678
7944.908544293757 0.1918202183065864
7952.327129345263 0.18931698045578796
7959.752641525499 0.18672825044574057
7967.185087302677 0.18405439063812468
7974.624473151076 0.18129691443177365
7981.804745419678 0.17855973060306182
7989.257782422972 0.17563903388151073
7996.717778724621 0.17263940561702687
8004.184740822878 0.1695692972025108
8011.6586752220865 0.19279046839575908
8019.139588432656 0.19117155420400514
8026.627486971074 0.18947132397564784
8034.122377359916 0.1877061967452219
8041.624266127852 0.1858946126321221
8049.133159809627 0.18405442375995454
8056.649064946109 0.1822003944653478
8064.17198808427 0.1803468058347385
8071.7019357771915 0.17851283278442612
8078.969615624062 0.17677095946913976
8086.513380651432 0.17501018413481895
8094.06418969474 0.17330802197736636
8101.622049331366 0.1716811855246169
8109.1869661448245 0.1701428185567999
8116.75894672478 0.1687093318381432
8124.337997667046 0.16739371917208956
8131.924125573607 0.16621166311776595
8139.517337052585 0.16517861392155037
8147.117638718298 0.16430701503450834
8154.725037191231 0.16360948751804144
8162.339539098053 0.16309890076334885
8169.961151071619 0.1627834863272967
8177.589879750984 0.1626735907920521
8184.952900045577 0.16276495745047914
8192.595627320918 0.1630641434770631
8200.245491018533 0.16356990579869332
8207.902497802084 0.07338490075255659
8215.566654341459 0.07546924166562949
8223.237967312749 0.0775616627319389
8230.916443398304 0.07966168340146483
8238.602089286707 0.08176898665387185
8246.294911672785 0.08388299859906638
8253.994917257618 0.08600330466930242
8261.70211274855 0.08813033426928762
8269.41650485916 0.090261983500782
8277.13810030933 0.09240012171794085
8284.866905825198 0.0945440443333178
8292.32651728317 0.09661655475289271
8300.069505034437 0.0987714828446203
8307.819722826525 0.10093189639533955
8315.577177410523 0.10309924451916021
8323.341875543805 0.1052714923883103
8331.113823990063 0.10744890754396927
8338.8930295193 0.10963185486625228
8346.67949890785 0.11182081547222207
8354.473238938348 0.11401440867987563
8362.274256399789 0.11621119383482062
8370.0825580875 0.11841232904945029
8377.898150803152 0.1206164527851538
8385.721041354765 0.12282112147732681
8393.55123655672 0.1250270867845757
8401.108706301146 0.12715459610630622
8408.953269786953 0.12935821597562736
8416.805158160276 0.13155840870751206
8424.664378260753 0.13375486930662056
8432.530936934409 0.13594200726272396
8440.40484103367 0.13812059204111934
8448.286097417336 0.14028724182967683
8456.174712950635 0.14244093334839975
8464.070694505195 0.14457812667234024
8471.974048959068 0.1466951808941252
8479.884783196718 0.14879026544991827
8487.802904109056 0.15085957472735093
8495.728418593397 0.15290257803825386
8503.661333553518 0.15491197955241112
8511.317945330093 0.1568187267572794
8519.265417063194 0.1587574799841545
8527.22030977474 0.16065525239926767
8535.18263039408 0.16250858573194368
8543.152385857053 0.16431470190699834
8551.129583105972 0.16606864805472038
8559.11422908963 0.1677690637333822
8567.106330763307 0.16941022002738018
8575.105895088778 0.1709900260849117
8583.112929034329 0.17250649556616837
8591.127439574724 0.17395462401244663
8599.14943369127 0.1753340056608352
8607.178918371777 0.17663817101388993
8615.21590061059 0.17786762140668466
8622.972955005753 0.17897801399372182
8631.024684979346 0.18005280697745638
8639.08393328286 0.18104257077651387
8647.150706936558 0.1819474149958899
8655.225012967265 0.18276685772054296
8663.30685840836 0.1834996674013714
8671.396250299804 0.18414396303143013
8679.493195688101 0.18469639443296607
8687.597701626362 0.18515772264613817
8695.709775174279 0.18552970413771053
8703.829423398132 0.18581098586058514
8711.956653370798 0.18599952743576292
8720.09147217177 0.1860966547737284
8728.233886887128 0.18610306126514284
8736.09270154892 0.18602671532848178
8744.250057465977 0.18585994893755156
8752.415030341535 0.18560442000591398
8760.587627287954 0.18526457283444958
8768.767855424243 0.18484087202097912
8776.955721876035 0.1843338991156532
8785.151233775641 0.1837475850674738
