calculator/instruments/esi/original_plaintext_files/throughput.txt
# %ECSV 1.0
# ---
# datatype:
# - {name: WAV, unit: Angstrom, datatype: float64}
# - {name: EFF, datatype: float64}
# meta: !!omap
# - {FILTER: none}
# - {GRATING: none}
# - {GRISM: none}
# - {DICHROIC: none}
# - {MODE: echelle}
# schema: astropy-2.0
WAV EFF
3993.133086306596 0.025365225954047593
3996.86168774456 0.027348563505552915
4000.5937707766466 0.02931979692774384
4004.3293386538057 0.031309101784271424
4008.068394630028 0.03332721845611087
4011.810941962328 0.035380488962574744
4015.556983910776 0.03746879680489284
4019.172551333623 0.03951328609453092
4022.92546720956 0.04166009383909526
4026.6818873833117 0.043827939686189095
4030.4418151270193 0.046010662689620056
4034.205253715893 0.0482039409500048
4037.9722064281955 0.05040269660574602
4041.742676545252 0.05260366712808792
4045.5166673514505 0.054805317512593175
4049.2941821342506 0.057005123734636474
4053.075224184169 0.05920368285552109
4056.8597967948076 0.06139956866716954
4060.647903262839 0.06359497777487357
4064.439546888015 0.06578905223702675
4068.234730973167 0.06798141148342217
4071.897728913615 0.07009376192956315
4075.6998771012964 0.07228045387331294
4079.5055755576245 0.074460403105972
4083.3148275976755 0.07663196847883627
4087.1276365396193 0.07878892676324943
4090.9440057047254 0.08092547830305787
4094.763938417368 0.08303527189409492
4098.587438005014 0.08510951183887139
4102.4145077982475 0.08713941183105435
4106.245151130762 0.08911506422266985
4110.0793713393605 0.09102466482537946
4113.917171763963 0.09285882391005203
4117.758555747613 0.09460390710635212
4121.603526636462 0.09625060092894279
4125.314577307766 0.09773449196013737
4129.166603657139 0.09915472471702302
4133.022226849059 0.1004432309445123
4136.881450242096 0.10159213786878225
4140.744277197941 0.10259314943113955
4144.610711081436 0.10343892931750585
4148.4807552605635 0.1041250188247136
4152.354413106447 0.10464725508335669
4156.231687993362 0.10500221597093921
4160.112583298733 0.10519140324390025
4163.997102403139 0.10521346773778176
4167.88524869031 0.10507152599836722
4171.777025547141 0.10476946544362425
4175.672436363691 0.10431233831907424
4179.432170141567 0.10372976603485307
4183.334728975111 0.10298626462680444
4187.240931836075 0.10210757930116912
4191.150782127088 0.10110169129479427
4195.064283253948 0.09997825305739041
4198.981438625637 0.09874399349171148
4202.902251654316 0.10874904325593798
4206.826725755338 0.10844345074763899
4210.754864347239 0.10830025252112363
4214.686670851755 0.10828455713290684
4218.622148693802 0.10836584758739064
4222.56130130151 0.10851383696977254
4226.504132106202 0.10870348542214686
4230.450644542408 0.10891253123170723
4234.259700072106 0.10911550517963789
4238.213454295962 0.10931128508839684
4242.1709003511105 0.10947994660587627
4246.132041684812 0.10961125172075513
4250.096881747545 0.10969831032621187
4254.06542399301 0.10973813344623633
4258.037671878137 0.1097306589424981
4262.01362886307 0.10967784496840648
4265.9932984112 0.10958839805473505
4269.976683989144 0.10947298271763303
4273.963789066755 0.1093446693077179
4277.954617117133 0.10922219376895248
4281.949171616618 0.10912902463177201
4285.947456044785 0.10908807186529255
4289.806480349556 0.10912406066439864
4293.812101566157 0.10926613263100773
4297.821463045029 0.10954295773754633
4301.834568278656 0.10998017575417575
4305.851420762784 0.11059621337926163
4309.872023996414 0.11140189415680456
4313.8963814818235 0.11239042976531663
4317.924496724559 0.1135371683159142
4321.956373233438 0.11478926266020421
4325.992014520556 0.11605305814398596
4330.031424101292 0.11718959719415442
4334.074605494294 0.11799362787092188
4338.121562221509 0.1181848650393352
4342.172297808166 0.11738338205224139
4346.081946399195 0.0999258645515454
4350.140115021333 0.10294485385290757
4354.202072972055 0.1059232538664519
4358.267823789664 0.10884999680038869
4362.337371015761 0.1117107378150967
4366.410718195256 0.11449263353863784
4370.487868876368 0.11718150255810765
4374.568826610634 0.11976500284080933
4378.653594952893 0.12223135192508416
4382.7421774613185 0.12456663530664505
4386.834577697401 0.12676094372788949
4390.930799225956 0.128800787990809
4395.030845615128 0.13067981584177274
4399.134720436395 0.1323877678200866
4403.095657424133 0.1338659914787206
4407.207062790526 0.13521813734732485
4411.322307195497 0.13638065668742486
4415.44139422376 0.13735145636935533
4419.564327463378 0.1381275366176332
4423.691110505767 0.13870917048433706
4427.821746945685 0.13909694166326317
4431.95624038126 0.13929408602329285
4436.094594413974 0.13930409709901892
4440.236812648673 0.13913058365666506
4444.382898693567 0.13878276987207155
4448.532856160244 0.1382686411891966
4452.686688663645 0.14006294399473276
4456.844399822106 0.13925492881073395
4460.857298029069 0.13871010910574322
4465.022638521482 0.13830519742937997
4469.191868414577 0.1379958897093715
4473.364991340094 0.1377331534715651
4477.542010933171 0.1374853248687238
4481.722930832326 0.13722941520425175
4485.907754679485 0.13695704374398068
4490.096486119975 0.13666352751334065
4494.289128802524 0.13635438180679635
4498.485686379266 0.13603867345678144
4502.686162505753 0.1357302986166303
4506.890560840933 0.13544247313744248
4511.098885047187 0.1351872255580176
4515.160633451049 0.13498432482874123
4519.376679865394 0.13483160606877823
4523.5966630272505 0.13475173973298984
4527.820586612561 0.1347511213995693
4532.048454300713 0.13483804481952652
4536.280269774527 0.13501859263139915
4540.516036720261 0.13529196505651414
4544.755758827613 0.13565812685033982
4548.999439789735 0.13611243628669104
4553.247083303211 0.1366491935206241
4557.4986930680925 0.13725788742552372
4561.754272787879 0.1379261374867318
4566.013826169529 0.13864321040962524
4570.277356923463 0.139390863004464
4574.392389032656 0.14012690396763477
4578.663743297819 0.14089043310433455
4582.939085954381 0.14163689163711668
4587.218420726515 0.1423521950676525
4591.501751341873 0.1430201389789847
4595.789081531588 0.14362804662927478
4600.080415030278 0.1441637147212767
4604.375755576039 0.14462251060188824
4608.675106910469 0.14499540254235327
4612.9784727786555 0.14528110295375346
4617.285856929183 0.14548481768091084
4621.597263114134 0.14561198010231996
4625.912695089104 0.14567260590493292
4630.232156613178 0.14568133187085838
4634.401171425505 0.1456571997876347
4638.728559092882 0.14561969752478235
4643.059987473036 0.1455929837572617
4647.395460339 0.14559943994593835
4651.734981467317 0.14566912562684484
4656.07855463807 0.14582198153834736
4660.426183634868 0.14607944977362589
4664.777872244851 0.14645042848361745
4669.133624258698 0.14694161265599018
4673.493443470628 0.14754186430311358
4677.857333678395 0.14822193024430497
4682.225298683307 0.14892858095151432
4686.597342290222 0.14958199690178348
4690.973468307545 0.1500641023882733
4695.197173990569 0.15021666915476678
4699.581330129647 0.13946573935818676
4703.969579989248 0.14140940808682895
4708.361927391901 0.14332934067839373
4712.7583761637015 0.14521089256839612
4717.158930134317 0.14704219442024893
4721.563593136991 0.1488161537608014
4725.972369008548 0.1505281729582629
4730.3852615893875 0.15217162849362642
4734.802274723503 0.15374453046917994
4739.223412258475 0.1552436352482844
4743.648678045478 0.15666443306055977
4748.07807593928 0.1580079637844908
4752.511609798255 0.1592713329697214
4756.79072380957 0.16041344047016284
4761.232393132767 0.16151785106700525
4765.678209879621 0.16254059097999315
4770.128177922802 0.16348001236504928
4774.582301138601 0.16433892460144742
4779.040583406917 0.16511311927637837
4783.503028611282 0.16580644210482837
4787.969640638852 0.16641784109712426
4792.440423380413 0.16694640160314017
4796.915380730383 0.1673942609761678
4801.394516586815 0.16776149678976118
4805.8778348514115 0.16804978161930892
4810.365339429497 0.16826167485527765
4814.857034230063 0.16839761200605252
4819.192283439171 0.1684593785165203
4823.692220428367 0.16845701817196163
4828.1963592488555 0.16839029107497608
4832.704703824097 0.16825999707138958
4837.217258081236 0.1680744074040335
4841.734025951077 0.16784108452849655
4846.255011368094 0.16756537341204084
4850.780218270437 0.1672533472782367
4855.3096505999365 0.16691550161311539
4859.8433123020895 0.16656002053319405
4864.381207326092 0.16619869418399186
4868.923339624823 0.16584178382536224
4873.469713154851 0.16549868701839918
4878.02033187644 0.1651831252348254
4882.412452688223 0.16491423647346456
4886.971421722903 0.16468578628585526
4891.534647710239 0.16451904108466356
4896.1021346251755 0.1644275192156715
4900.673886446368 0.16442192928882593
4905.249907156191 0.16451021305208674
4909.830200740724 0.16470410321765414
4914.414771189783 0.16501192781832436
4919.003622496905 0.16543942813190188
4923.596758659356 0.1659882581377622
4928.194183678133 0.16666325692178813
4932.795901557971 0.16746229071324883
4937.401916307348 0.16838341759865352
4942.01223193847 0.1694166875368887
4946.461970418262 0.17051068729486854
4951.080745905357 0.17173035333756617
4955.703834189583 0.17302100376847718
4960.331239298035 0.17435961678378678
4964.962965261552 0.17571936297772717
4969.599016114753 0.17707102829486243
4974.239395896016 0.17838057105531968
4978.884108647494 0.17960980974093027
4983.533158415112 0.18072205363216975
4988.186549248578 0.1816735277593456
4992.844285201367 0.1824207476313899
4997.506370330754 0.18292744880932543
5002.172808697797 0.1831502672753228
5006.843604367347 0.18305078185872947
5011.351716367697 0.1826293789993909
5016.031082873129 0.1818348249181441
5020.714818752759 0.18067275410063155
5025.402928086507 0.179154203403183
5030.095414958099 0.17730933042817446
5034.792283455076 0.17519694656456924
5039.493537668795 0.17290682319165365
5044.199181694441 0.1705724344819682
5048.909219631002 0.16836783953001302
5053.623655581316 0.16652634853408915
5058.342493652044 0.15686344828024867
5063.065737953674 0.16014401316332447
5067.793392600543 0.16334962401364406
5072.356383181785 0.166363428785331
5077.092712999855 0.16940456144462554
5081.83346538181 0.17235281638381214
5086.578644457231 0.17520456001203197
5091.3282543595615 0.1779541160033614
5096.082299226098 0.18059921328383843
5100.840783198009 0.1831323053094963
5105.603710420315 0.1855509019387535
5110.37108504192 0.18772664973113035
5115.142911215598 0.18922684739658896
5119.919193098001 0.19074987092478712
5124.699934849663 0.1922792195112731
5129.485140635 0.19379271491394423
5134.274814622319 0.1952794755810144
5138.897664412297 0.19667218924853277
5143.696127375323 0.19806176709147325
5148.499070919266 0.1993840654871999
5153.306499227884 0.20063052952474975
5158.11841648884 0.2017916837818783
5162.934826893713 0.20285881769119427
5167.755734637982 0.2038294890088911
5172.581143921057 0.20469774854552528
5177.411058946266 0.20545684649090806
5182.24548392086 0.20610736205542834
5187.084423056021 0.2066482327223049
5191.927880566864 0.20707678034519106
5196.775860672429 0.2073950153840146
5201.628367595709 0.20760335315693923
5206.311861852419 0.2077023829426084
5211.173273048845 0.2077019579360976
5216.0392236043135 0.20760117432827543
5220.9097177574695 0.20740200048256663
5225.784759750903 0.20711201346874675
5230.664353831179 0.2067343043831854
5235.548504248826 0.20627840520023713
5240.437215258338 0.2057466413860163
5245.330491118183 0.20514774547629855
5250.228336090811 0.20449315578959967
5255.130754442636 0.20382382921928568
5260.037750444072 0.2031129906743444
5264.949328369513 0.2023664070481646
5269.865492497347 0.201594224130937
5274.610426780143 0.20083329804813793
5279.535611991083 0.20003796541142563
5284.465396110265 0.19924491528275987
5289.399783431934 0.19846373091336164
5294.338778254347 0.1977029743573518
5299.282384879772 0.19697626735909995
5304.230607614501 0.19629103067886453
5309.183450768832 0.19565714767095393
5314.140918657102 0.19508527717171337
5319.103015597671 0.19458600501368578
5324.069745912934 0.19416728076835107
5329.041113929319 0.19383968036465668
5334.017123977301 0.19361210142177682
5338.997780391381 0.1934909771450749
5343.804960696075 0.19348411501217458
5348.794756535583 0.19359589961586252
5353.789211613723 0.19383540711865752
5358.788330281076 0.1942082077928304
5363.792116892289 0.19471681448139716
5368.800575806061 0.19536482843019576
5373.813711385173 0.19615106067985733
5378.831527996478 0.19707543495610308
5383.854030010906 0.1981346675768681
5388.881221803468 0.19932208587464584
5393.913107753266 0.20063203232569887
5398.949692243473 0.20204815455990668
5403.990979661372 0.20355920965690638
5409.036974398339 0.20514640377432491
5413.907217294148 0.20672364860789377
5418.962471351333 0.20838768605937938
5424.022445768976 0.21004114225660037
5429.087144954735 0.21165099057836237
5434.156573320378 0.21317205494720845
5439.230735281793 0.21454944671655357
5444.309635258992 0.21572721473455345
5449.393277676116 0.21663631180932624
5454.481666961426 0.21720173841564866
5459.574807547328 0.21733771427313373
5464.672703870369 0.21694341220609592
5469.775360371233 0.21591257811498404
5474.882781494751 0.21412451949266115
5479.994971689906 0.16809814956034339
5484.929104458141 0.1717577853204204
5490.0506754411235 0.1754852071289038
5495.177028708222 0.17913375643514717
5500.3081687249105 0.18270322386324825
5505.444099960831 0.18618430953542625
5510.58482688981 0.1895759589521598
5515.730353989827 0.19286838380868
5520.8806857430645 0.19606207052355093
5526.035826635884 0.19915115319590287
5531.195781158836 0.20212994047715238
5536.360553806664 0.2049965612520339
5541.530149078312 0.20774501727883662
5546.704571476913 0.21037505945653148
5551.883825509815 0.2128784570273141
5556.882686284391 0.2151756586953409
5562.071444166198 0.21742943783876698
5567.265047068119 0.21954863951316017
5572.463499514198 0.22153567646827804
5577.6668060327165 0.2233846831707469
5582.874971156182 0.22509384267041907
5588.087999421334 0.22666172656831735
5593.305895369145 0.22808621159556605
5598.528663544833 0.2293644877049665
5603.756308497861 0.23049598014463638
5608.988834781926 0.2314815571033138
5614.226246954991 0.232314142158403
5619.468549579274 0.23235754051613824
5624.7157472212475 0.23367821110289935
5629.780185131084 0.23462523266445043
5635.037011297406 0.23532132108166823
5640.298746042831 0.2357728795103789
5645.565393950752 0.23601790236938378
5650.836959608854 0.23609100671627287
5656.113447609105 0.2360169017815879
5661.394862547756 0.23582160547324346
5666.681209025355 0.23552093436206828
5671.972491646747 0.2351338893942748
5677.268715021062 0.23466811572166185
5682.56988376175 0.23413744250582336
5687.876002486565 0.23354540375631436
5693.187075817569 0.23289960117223252
5698.313164628155 0.23222949079157054
5703.633983694389 0.23148668360068525
5708.959771093299 0.2306985966199473
5714.29053146409 0.22986879583625996
5719.626269450292 0.2289946784384244
5724.9669896997675 0.22807883765639572
5730.312696864724 0.22712173409792197
5735.663395601715 0.22612596119042633
5741.019090571626 0.2250940238595421
5746.379786439714 0.22402544825388726
5751.745487875582 0.22290894572443518
5757.116199553197 0.22172832070371976
5762.4919261508885 0.22052386915317074
5767.872672351362 0.21929800533097452
5773.066007327515 0.21810303312482193
5778.456627111815 0.2168524222590923
5783.852280405452 0.21559758535587398
5789.252971908484 0.21434996436391862
5794.658706325362 0.21311326811557085
5800.069488364911 0.211899472701632
5805.485322740372 0.21071660421244254
5810.90621416938 0.20957620453542775
5816.332167373977 0.20848861325407828
5821.763187080613 0.20746494574788493
5827.19927802015 0.20651426220142105
5832.640444927875 0.20565097203523217
5838.086692543478 0.20488480397255782
5843.538025611096 0.20422815404975708
5848.799488915992 0.20370611836028887
5854.260825093221 0.2032931967460304
5859.727260811464 0.2030165557876591
5865.198800832422 0.20288364800934314
5870.6754499222625 0.20290221602526184
5876.157212851594 0.20307499168684817
5881.644094395481 0.2034023354372976
5887.136099333448 0.20388503299363006
5892.633232449488 0.20451517491453106
5898.135498532041 0.20528332355012816
5903.64290237404 0.20617560214064604
5909.155448772883 0.20716996304474056
5914.67314253045 0.20824132199917786
