calculator/instruments/deimos/original_plaintext_files/GG400_600ZD.txt
# %ECSV 1.0
# ---
# datatype:
# - {name: WAV, unit: Angstrom, datatype: float32}
# - {name: EFF, unit: electron / ph, datatype: float64}
# - {name: EFF_UNC, datatype: float64}
# meta: !!omap
# - {CWAV: '5500'}
# - {FILTER: GG400}
# - {GRATING: 600ZD}
# - {GRISM: none}
# - {MODE: spectroscopic}
# - {DICHROIC: none}
# schema: astropy-2.0
WAV EFF EFF_UNC
[from data line 679]
6721.12 0.25268 0.00485
6724.96 0.25283 0.00485
6729.44 0.253 0.00485
6733.28 0.25315 0.00485
6737.12 0.2533 0.00485
6740.96 0.25344 0.00486
6744.8 0.25359 0.00486
6749.28 0.25376 0.00486
6753.12 0.2539 0.00486
6756.96 0.25405 0.00486
6760.8 0.25419 0.00486
6765.28 0.25436 0.00487
6769.12 0.2545 0.00487
6772.96 0.25465 0.00487
6776.8 0.25479 0.00487
6781.28 0.25495 0.00487
6785.12 0.25509 0.00487
6788.96 0.25524 0.00487
6792.8 0.25538 0.00488
6796.64 0.25552 0.00488
6801.12 0.25568 0.00488
6804.96 0.25582 0.00488
6808.8 0.25596 0.00488
6812.64 0.25609 0.00488
6817.12 0.25625 0.00488
6820.96 0.25639 0.00489
6824.8 0.25653 0.00489
6828.64 0.25666 0.00489
6832.48 0.2568 0.00489
6836.96 0.25696 0.00489
6840.8 0.25708 0.00489
6844.64 0.25721 0.00489
6848.48 0.25733 0.00489
6852.96 0.25748 0.00489
6856.8 0.2576 0.00489
6860.64 0.25772 0.0049
6864.48 0.25785 0.0049
6868.96 0.25799 0.0049
6872.8 0.25812 0.0049
6876.64 0.25824 0.0049
6880.48 0.25837 0.0049
6884.32 0.25849 0.0049
6888.8 0.25864 0.0049
6892.64 0.25876 0.0049
6896.48 0.25888 0.0049
6900.32 0.25901 0.00491
6904.8 0.25915 0.00491
6908.64 0.25928 0.00491
6912.48 0.2594 0.00491
6916.32 0.25953 0.00491
6920.16 0.25965 0.00491
6924.64 0.2598 0.00491
6928.48 0.25992 0.00491
6932.32 0.26004 0.00492
6936.16 0.26017 0.00492
6940.64 0.26031 0.00492
6944.48 0.26044 0.00492
6948.32 0.26056 0.00492
6952.16 0.26069 0.00492
6956.64 0.26083 0.00493
6960.48 0.26096 0.00493
6964.32 0.26108 0.00493
6968.16 0.2612 0.00493
6972.0 0.26133 0.00493
6976.48 0.26147 0.00493
6980.32 0.2616 0.00494
6984.16 0.26172 0.00494
6988.0 0.26185 0.00494
6992.48 0.26199 0.00494
6996.32 0.26212 0.00494
7000.16 0.26224 0.00495
7004.0 0.26236 0.00495
7007.84 0.26249 0.00495
7012.32 0.26263 0.00495
7016.16 0.26276 0.00495
7020.0 0.26288 0.00496
7023.84 0.26301 0.00496
7028.32 0.26315 0.00496
7032.16 0.26328 0.00496
7036.0 0.26339 0.00497
7039.84 0.2635 0.00497
7044.32 0.26363 0.00497
7048.16 0.26375 0.00497
7052.0 0.26386 0.00497
7055.84 0.26397 0.00498
7059.68 0.26408 0.00498
7064.16 0.26421 0.00498
7068.0 0.26432 0.00498
7071.84 0.26443 0.00498
7075.68 0.26454 0.00499
7080.16 0.26466 0.00499
7084.0 0.26477 0.00499
7087.84 0.26488 0.00499
7091.68 0.26499 0.00499
7095.52 0.26509 0.005
7100.0 0.26522 0.005
7103.84 0.26532 0.005
7107.68 0.26543 0.005
7111.52 0.26554 0.00501
7116.0 0.26566 0.00501
7119.84 0.26576 0.00501
7123.68 0.26587 0.00501
7127.52 0.26597 0.00502
7132.0 0.26609 0.00502
7135.84 0.26619 0.00502
7139.68 0.2663 0.00503
7143.52 0.2664 0.00503
7147.36 0.26649 0.00503
7151.84 0.26659 0.00503
7155.68 0.26668 0.00504
7159.52 0.26677 0.00504
7163.36 0.26686 0.00504
7167.84 0.26696 0.00505
7171.68 0.26705 0.00505
7175.52 0.26714 0.00505
7179.36 0.26722 0.00505
7183.2 0.26731 0.00506
7187.68 0.26742 0.00506
7191.52 0.2675 0.00507
7195.36 0.26759 0.00507
7199.2 0.26768 0.00507
7203.68 0.26778 0.00508
7207.52 0.26787 0.00508
7211.36 0.26796 0.00508
7215.2 0.26805 0.00509
7219.68 0.26815 0.00509
7223.52 0.26824 0.0051
7227.36 0.26833 0.0051
7231.2 0.26842 0.00511
7235.04 0.26851 0.00511
7239.52 0.26861 0.00512
7243.36 0.2687 0.00512
7247.2 0.26879 0.00513
7251.04 0.26888 0.00513
7255.52 0.26898 0.00514
7259.36 0.26907 0.00514
7263.2 0.26916 0.00515
7267.04 0.26924 0.00515
7270.88 0.26933 0.00516
7275.36 0.26944 0.00516
7279.2 0.26953 0.00517
7283.04 0.26961 0.00517
7286.88 0.2697 0.00518
7291.36 0.26981 0.00519
7295.2 0.26989 0.00519
7299.04 0.26998 0.0052
7302.88 0.27007 0.0052
7307.36 0.27017 0.00521
7311.2 0.27026 0.00522
7315.04 0.27035 0.00522
7318.88 0.27044 0.00523
7322.72 0.27053 0.00524
7327.2 0.27063 0.00524
7331.04 0.27072 0.00525
7334.88 0.27081 0.00526
7338.72 0.2709 0.00526
7343.2 0.271 0.00527
7347.04 0.27109 0.00528
7350.88 0.27118 0.00529
7354.72 0.27127 0.00529
7358.56 0.27135 0.0053
7363.04 0.27146 0.00531
7366.88 0.27155 0.00532
7370.72 0.27163 0.00532
7374.56 0.27172 0.00533
7379.04 0.27183 0.00534
7382.88 0.27191 0.00535
7386.72 0.272 0.00536
7390.56 0.27209 0.00536
7394.4 0.27218 0.00537
7398.88 0.27228 0.00538
7402.72 0.27237 0.00539
7406.56 0.27245 0.0054
7410.4 0.27252 0.00541
7414.88 0.27261 0.00542
7418.72 0.27268 0.00543
7422.56 0.27276 0.00544
7426.4 0.27283 0.00545
7430.88 0.27292 0.00546
7434.72 0.27299 0.00547
7438.56 0.27306 0.00548
7442.4 0.27313 0.00549
7446.24 0.2732 0.0055
7450.72 0.27329 0.00551
7454.56 0.27336 0.00552
7458.4 0.27343 0.00553
7462.24 0.2735 0.00554
7466.72 0.27358 0.00555
7470.56 0.27365 0.00556
7474.4 0.27372 0.00558
7478.24 0.27379 0.00559
7482.08 0.27385 0.0056
7486.56 0.27393 0.00561
7490.4 0.274 0.00562
7494.24 0.27407 0.00564
7498.08 0.27413 0.00565
7502.56 0.27421 0.00566
7506.4 0.27428 0.00568
7510.24 0.27434 0.00569
7514.08 0.27441 0.0057
7518.56 0.27448 0.00572
7522.4 0.27455 0.00573
7526.24 0.27461 0.00574
7530.08 0.27467 0.00576
7533.92 0.27474 0.00577
7538.4 0.27481 0.00579
7542.24 0.27487 0.0058
7546.08 0.27493 0.00582
7549.92 0.275 0.00583
7554.4 0.27507 0.00585
7558.24 0.27513 0.00586
7562.08 0.27518 0.00588
7565.92 0.27523 0.00589
7569.76 0.27528 0.00591
7574.24 0.27535 0.00593
7578.08 0.2754 0.00595
7581.92 0.27545 0.00596
7585.76 0.2755 0.00598
7590.24 0.27556 0.006
7594.08 0.27562 0.00602
7597.92 0.27567 0.00604
7601.76 0.27572 0.00605
7606.24 0.27578 0.00607
7610.08 0.27583 0.00609
7613.92 0.27588 0.00611
7617.76 0.27594 0.00613
7621.6 0.27599 0.00615
7626.08 0.27605 0.00617
7629.92 0.2761 0.00619
7633.76 0.27615 0.00621
7637.6 0.27621 0.00623
7642.08 0.27627 0.00625
7645.92 0.27632 0.00627
7649.76 0.27637 0.00629
7653.6 0.27642 0.00631
7657.44 0.27648 0.00633
7661.92 0.27654 0.00635
7665.76 0.27659 0.00637
7669.6 0.27664 0.00639
7673.44 0.27669 0.00641
7677.92 0.27676 0.00643
7681.76 0.27681 0.00646
7685.6 0.27686 0.00648
7689.44 0.27691 0.0065
7693.92 0.27697 0.00652
7697.76 0.27703 0.00654
7701.6 0.27708 0.00656
7705.44 0.27713 0.00658
7709.28 0.27718 0.00661
7713.76 0.27724 0.00663
7717.6 0.2773 0.00665
7721.44 0.27735 0.00667
7725.28 0.2774 0.0067
7729.76 0.27746 0.00672
7733.6 0.27751 0.00674
7737.44 0.27757 0.00677
7741.28 0.27762 0.00679
7745.12 0.27766 0.00681
7749.6 0.27771 0.00684
7753.44 0.27775 0.00687
7757.28 0.2778 0.00689
7761.12 0.27784 0.00692
7765.6 0.27789 0.00695
7769.44 0.27793 0.00697
7773.28 0.27797 0.007
7777.12 0.27801 0.00702
7781.6 0.27806 0.00705
7785.44 0.2781 0.00708
7789.28 0.27814 0.00711
7793.12 0.27818 0.00714
7796.96 0.27822 0.00716
7801.44 0.27826 0.00719
7805.28 0.2783 0.00722
7809.12 0.27834 0.00725
7812.96 0.27838 0.00728
7817.44 0.27842 0.00731
7821.28 0.27846 0.00734
7825.12 0.2785 0.00737
7828.96 0.27853 0.0074
7832.8 0.27857 0.00743
7837.28 0.27861 0.00746
7841.12 0.27865 0.00749
7844.96 0.27868 0.00752
7848.8 0.27872 0.00755
7853.28 0.27876 0.00759
7857.12 0.27879 0.00762
7860.96 0.27882 0.00765
7864.8 0.27886 0.00768
7869.28 0.2789 0.00772
7873.12 0.27893 0.00775
7876.96 0.27896 0.00778
7880.8 0.27899 0.00781
7884.64 0.27902 0.00784
7889.12 0.27906 0.00788
7892.96 0.27909 0.00792
7896.8 0.27912 0.00795
7900.64 0.27915 0.00798
7905.12 0.27919 0.00802
7908.96 0.27922 0.00805
7912.8 0.27925 0.00809
7916.64 0.27928 0.00812
7920.48 0.2793 0.00816
7924.96 0.27934 0.0082
7928.8 0.27937 0.00823
7932.64 0.27939 0.00827
7936.48 0.27942 0.0083
7940.96 0.27945 0.00834
7944.8 0.27948 0.00838
7948.64 0.2795 0.00842
7952.48 0.27953 0.00845
7956.96 0.27956 0.00849
7960.8 0.27959 0.00853
7964.64 0.27961 0.00857
7968.48 0.27964 0.00861
7972.32 0.27966 0.00864
7976.8 0.27969 0.00869
7980.64 0.27971 0.00873
7984.48 0.27973 0.00876
7988.32 0.27976 0.0088
7992.8 0.27978 0.00885
