calculator/instruments/deimos/original_plaintext_files/GG400_1200G.txt
# %ECSV 1.0
# ---
# datatype:
# - {name: WAV, unit: Angstrom, datatype: float32}
# - {name: EFF, unit: electron / ph, datatype: float64}
# - {name: EFF_UNC, datatype: float64}
# meta: !!omap
# - {CWAV: '5000'}
# - {FILTER: GG400}
# - {GRATING: 1200G}
# - {GRISM: none}
# - {MODE: spectroscopic}
# - {DICHROIC: none}
# schema: astropy-2.0
WAV EFF EFF_UNC
[from data line 676]
5594.33 0.14656 0.00322
5596.97 0.1469 0.00323
5599.28 0.1472 0.00323
5601.59 0.1475 0.00324
5603.9 0.1478 0.00324
5606.21 0.14809 0.00325
5608.52 0.14839 0.00325
5610.83 0.14869 0.00326
5613.14 0.14899 0.00327
5615.45 0.14929 0.00327
5618.09 0.14963 0.00328
5620.4 0.14993 0.00328
5622.71 0.15023 0.00329
5625.02 0.15053 0.00329
5627.33 0.15083 0.0033
5629.64 0.15113 0.0033
5631.95 0.15143 0.00331
5634.26 0.15173 0.00331
5636.57 0.15204 0.00332
5639.21 0.15238 0.00333
5641.52 0.15268 0.00333
5643.83 0.15299 0.00334
5646.14 0.15329 0.00334
5648.45 0.15359 0.00335
5650.76 0.1539 0.00335
5653.07 0.1542 0.00336
5655.38 0.1545 0.00336
5657.69 0.15481 0.00337
5660.33 0.15516 0.00338
5662.64 0.15546 0.00338
5664.95 0.15577 0.00339
5667.26 0.15607 0.00339
5669.57 0.15638 0.0034
5671.88 0.15669 0.0034
5674.19 0.15699 0.00341
5676.5 0.1573 0.00341
5678.81 0.15761 0.00342
5681.45 0.15796 0.00343
5683.76 0.15827 0.00343
5686.07 0.15857 0.00344
5688.38 0.15888 0.00344
5690.69 0.15919 0.00345
5693.0 0.1595 0.00346
5695.31 0.15981 0.00346
5697.62 0.16012 0.00347
5699.93 0.16043 0.00347
5702.57 0.16078 0.00348
5704.88 0.1611 0.00348
5707.19 0.16141 0.00349
5709.5 0.16172 0.0035
5711.81 0.16203 0.0035
5714.12 0.16234 0.00351
5716.43 0.16265 0.00351
5718.74 0.16297 0.00352
5721.05 0.16328 0.00353
5723.69 0.16364 0.00353
5726.0 0.16395 0.00354
5728.31 0.16426 0.00354
5730.62 0.16458 0.00355
5732.93 0.16489 0.00356
5735.24 0.16521 0.00356
5737.55 0.16552 0.00357
5739.86 0.16584 0.00357
5742.5 0.1662 0.00358
5744.81 0.16651 0.00359
5747.12 0.16683 0.00359
5749.43 0.16714 0.0036
5751.74 0.16746 0.00361
5754.05 0.16778 0.00361
5756.36 0.1681 0.00362
5758.67 0.16841 0.00362
5760.98 0.16873 0.00363
5763.62 0.16909 0.00364
5765.93 0.16941 0.00364
5768.24 0.16973 0.00365
5770.55 0.17005 0.00366
5772.86 0.17037 0.00366
5775.17 0.17069 0.00367
5777.48 0.17101 0.00368
5779.79 0.17133 0.00368
5782.1 0.17165 0.00369
5784.74 0.17202 0.0037
5787.05 0.17234 0.0037
5789.36 0.17266 0.00371
5791.67 0.17298 0.00372
5793.98 0.1733 0.00372
5796.29 0.17363 0.00373
5798.6 0.17395 0.00374
5800.91 0.17427 0.00374
5803.22 0.1746 0.00375
5805.86 0.17497 0.00376
5808.17 0.17529 0.00376
5810.48 0.17561 0.00377
5812.79 0.17594 0.00378
5815.1 0.17626 0.00378
5817.41 0.17659 0.00379
5819.72 0.17691 0.0038
5822.03 0.17724 0.0038
5824.34 0.17757 0.00381
5826.98 0.17794 0.00382
5829.29 0.17827 0.00382
5831.6 0.17859 0.00383
5833.91 0.17892 0.00384
5836.22 0.17925 0.00385
5838.53 0.17958 0.00385
5840.84 0.1799 0.00386
5843.15 0.18023 0.00387
5845.46 0.18056 0.00387
5848.1 0.18094 0.00388
5850.41 0.18127 0.00389
5852.72 0.1816 0.0039
5855.03 0.18193 0.0039
5857.34 0.18226 0.00391
5859.65 0.18259 0.00392
5861.96 0.18292 0.00392
5864.27 0.18325 0.00393
5866.58 0.18358 0.00394
5869.22 0.18396 0.00395
5871.53 0.18429 0.00395
5873.84 0.18462 0.00396
5876.15 0.18496 0.00397
5878.46 0.18529 0.00398
5880.77 0.18562 0.00398
5883.08 0.18596 0.00399
5885.39 0.18629 0.004
5888.03 0.18667 0.00401
5890.34 0.18701 0.00401
5892.65 0.18734 0.00402
5894.96 0.18768 0.00403
5897.27 0.18801 0.00404
5899.58 0.18835 0.00404
5901.89 0.18869 0.00405
5904.2 0.18902 0.00406
5906.51 0.18936 0.00407
5909.15 0.18974 0.00408
5911.46 0.19008 0.00408
5913.77 0.19042 0.00409
5916.08 0.19076 0.0041
5918.39 0.19109 0.00411
5920.7 0.19143 0.00411
5923.01 0.19177 0.00412
5925.32 0.19211 0.00413
5927.63 0.19245 0.00414
5930.27 0.19284 0.00415
5932.58 0.19318 0.00415
5934.89 0.19352 0.00416
5937.2 0.19386 0.00417
5939.51 0.1942 0.00418
5941.82 0.19454 0.00419
5944.13 0.19488 0.00419
5946.44 0.19522 0.0042
5948.75 0.19557 0.00421
5951.39 0.19596 0.00422
5953.7 0.1963 0.00423
5956.01 0.19664 0.00424
5958.32 0.19699 0.00425
5960.63 0.19733 0.00425
5962.94 0.19767 0.00426
5965.25 0.19802 0.00427
5967.56 0.19836 0.00428
5969.87 0.19871 0.00429
5972.51 0.1991 0.0043
5974.82 0.19945 0.0043
5977.13 0.19979 0.00431
5979.44 0.20014 0.00432
5981.75 0.20049 0.00433
5984.06 0.20083 0.00434
5986.37 0.20118 0.00435
5988.68 0.20153 0.00436
5990.99 0.20188 0.00437
5993.63 0.20227 0.00438
5995.94 0.20262 0.00438
5998.25 0.20297 0.00439
6000.56 0.20332 0.0044
6002.87 0.20367 0.00441
6005.18 0.20402 0.00442
6007.49 0.20437 0.00443
6009.8 0.20472 0.00444
6012.44 0.20512 0.00445
6014.75 0.20547 0.00446
6017.06 0.20582 0.00447
6019.37 0.20617 0.00447
6021.68 0.20652 0.00448
6023.99 0.20687 0.00449
6026.3 0.20723 0.0045
6028.61 0.20758 0.00451
6030.92 0.20793 0.00452
6033.56 0.20833 0.00453
6035.87 0.20869 0.00454
6038.18 0.20904 0.00455
6040.49 0.20939 0.00456
6042.8 0.20975 0.00457
6045.11 0.2101 0.00458
6047.42 0.21046 0.00459
6049.73 0.21081 0.0046
6052.04 0.21117 0.00461
6054.68 0.21158 0.00462
6056.99 0.21193 0.00463
6059.3 0.21229 0.00464
6061.61 0.21264 0.00465
6063.92 0.213 0.00466
6066.23 0.21336 0.00467
6068.54 0.21372 0.00468
6070.85 0.21407 0.00469
6073.16 0.21443 0.0047
6075.8 0.21484 0.00471
6078.11 0.2152 0.00472
6080.42 0.21556 0.00473
6082.73 0.21592 0.00474
6085.04 0.21628 0.00475
6087.35 0.21664 0.00476
6089.66 0.217 0.00477
6091.97 0.21736 0.00478
6094.28 0.21772 0.00479
6096.92 0.21813 0.0048
6099.23 0.2185 0.00481
6101.54 0.21886 0.00482
6103.85 0.21922 0.00483
6106.16 0.21958 0.00484
6108.47 0.21994 0.00485
6110.78 0.22031 0.00486
6113.09 0.22067 0.00487
6115.4 0.22103 0.00488
6118.04 0.22145 0.0049
6120.35 0.22181 0.00491
6122.66 0.22218 0.00492
6124.97 0.22254 0.00493
6127.28 0.22291 0.00494
6129.59 0.22327 0.00495
6131.9 0.22364 0.00496
6134.21 0.22401 0.00497
6136.52 0.22437 0.00498
6139.16 0.22479 0.005
6141.47 0.22516 0.00501
6143.78 0.22553 0.00502
6146.09 0.22589 0.00503
6148.4 0.22626 0.00504
6150.71 0.22663 0.00505
6153.02 0.227 0.00506
6155.33 0.22737 0.00507
6157.97 0.22779 0.00509
6160.28 0.22816 0.0051
6162.59 0.22853 0.00511
6164.9 0.2289 0.00512
6167.21 0.22927 0.00513
6169.52 0.22964 0.00514
6171.83 0.23001 0.00516
6174.14 0.23038 0.00517
6176.45 0.23075 0.00518
6179.09 0.23118 0.00519
6181.4 0.23155 0.0052
6183.71 0.23192 0.00522
6186.02 0.23229 0.00523
6188.33 0.23267 0.00524
6190.64 0.23304 0.00525
6192.95 0.23341 0.00526
6195.26 0.23379 0.00528
6197.57 0.23416 0.00529
6200.21 0.23459 0.0053
6202.52 0.23496 0.00531
6204.83 0.23534 0.00533
6207.14 0.23572 0.00534
6209.45 0.23609 0.00535
6211.76 0.23647 0.00536
6214.07 0.23684 0.00538
6216.38 0.23722 0.00539
6218.69 0.2376 0.0054
6221.33 0.23803 0.00541
6223.64 0.23841 0.00543
6225.95 0.23878 0.00544
6228.26 0.23916 0.00545
6230.57 0.23954 0.00547
6232.88 0.23992 0.00548
6235.19 0.2403 0.00549
6237.5 0.24068 0.0055
6239.81 0.24106 0.00552
6242.45 0.24149 0.00553
6244.76 0.24187 0.00554
6247.07 0.24225 0.00556
6249.38 0.24263 0.00557
6251.69 0.24301 0.00558
6254.0 0.24339 0.0056
6256.31 0.24378 0.00561
6258.62 0.24416 0.00562
6260.93 0.24454 0.00564
6263.57 0.24498 0.00565
6265.88 0.24536 0.00567
6268.19 0.24574 0.00568
6270.5 0.24613 0.00569
6272.81 0.24651 0.00571
6275.12 0.2469 0.00572
6277.43 0.24728 0.00573
6279.74 0.24767 0.00575
6282.05 0.24805 0.00576
6284.69 0.2485 0.00578
6287.0 0.24889 0.00579
6289.31 0.24928 0.00581
6291.62 0.24967 0.00582
6293.93 0.25005 0.00583
6296.24 0.25044 0.00585
6298.55 0.25083 0.00586
6300.86 0.25122 0.00588
6303.5 0.25167 0.00589
6305.81 0.25205 0.00591
6308.12 0.25244 0.00592
6310.43 0.25283 0.00594
6312.74 0.25322 0.00595
6315.05 0.25361 0.00597
6317.36 0.254 0.00598
6319.67 0.25439 0.006
6321.98 0.25478 0.00601
6324.62 0.25522 0.00603
6326.93 0.25561 0.00604
6329.24 0.256 0.00606
6331.55 0.25639 0.00607
6333.86 0.25678 0.00609
6336.17 0.25716 0.0061
6338.48 0.25755 0.00611
6340.79 0.25794 0.00613
6343.1 0.25834 0.00614
6345.74 0.25878 0.00616
6348.05 0.25918 0.00618
6350.36 0.25957 0.00619
