calculator/instruments/deimos/original_plaintext_files/GG400_900ZD.txt
# %ECSV 1.0
# ---
# datatype:
# - {name: WAV, unit: Angstrom, datatype: float32}
# - {name: EFF, unit: electron / ph, datatype: float64}
# - {name: EFF_UNC, datatype: float64}
# meta: !!omap
# - {CWAV: '5000'}
# - {FILTER: GG400}
# - {GRATING: 900ZD}
# - {GRISM: none}
# - {MODE: spectroscopic}
# schema: astropy-2.0
WAV EFF EFF_UNC
[from data line 679]
5909.04 0.22474 0.00614
5911.68 0.22483 0.00615
5914.76 0.22493 0.00616
5917.4 0.22502 0.00617
5920.04 0.22511 0.00618
5923.12 0.22521 0.00618
5925.76 0.22529 0.00619
5928.84 0.22539 0.0062
5931.48 0.22547 0.00621
5934.12 0.22556 0.00622
5937.2 0.22566 0.00623
5939.84 0.22574 0.00623
5942.48 0.22582 0.00624
5945.56 0.22592 0.00625
5948.2 0.226 0.00626
5950.84 0.22608 0.00627
5953.92 0.22618 0.00628
5956.56 0.22626 0.00628
5959.2 0.22634 0.00629
5962.28 0.22643 0.0063
5964.92 0.22651 0.00631
5968.0 0.2266 0.00632
5970.64 0.22668 0.00632
5973.28 0.22676 0.00633
5976.36 0.22685 0.00634
5979.0 0.22693 0.00635
5981.64 0.22701 0.00635
5984.72 0.2271 0.00636
5987.36 0.22717 0.00637
5990.0 0.22725 0.00638
5993.08 0.22734 0.00639
5995.72 0.22741 0.00639
5998.36 0.22749 0.0064
6001.44 0.22757 0.00641
6004.08 0.22765 0.00641
6006.72 0.22772 0.00642
6009.8 0.22781 0.00643
6012.44 0.22788 0.00644
6015.52 0.22796 0.00645
6018.16 0.22804 0.00645
6020.8 0.22811 0.00646
6023.88 0.22819 0.00647
6026.52 0.22826 0.00647
6029.16 0.22833 0.00648
6032.24 0.22841 0.00649
6034.88 0.22848 0.0065
6037.52 0.22855 0.0065
6040.6 0.22863 0.00651
6043.24 0.2287 0.00652
6045.88 0.22877 0.00652
6048.96 0.22885 0.00653
6051.6 0.22891 0.00654
6054.68 0.22899 0.00655
6057.32 0.22906 0.00655
6059.96 0.22912 0.00656
6063.04 0.2292 0.00657
6065.68 0.22926 0.00657
6068.32 0.22933 0.00658
6071.4 0.2294 0.00659
6074.04 0.22947 0.00659
6076.68 0.22953 0.0066
6079.76 0.2296 0.00661
6082.4 0.22967 0.00661
6085.04 0.22973 0.00662
6088.12 0.2298 0.00663
6090.76 0.22986 0.00663
6093.4 0.22992 0.00664
6096.48 0.22999 0.00665
6099.12 0.23005 0.00665
6102.2 0.23012 0.00666
6104.84 0.23018 0.00666
6107.48 0.23024 0.00667
6110.56 0.23031 0.00668
6113.2 0.23037 0.00668
6115.84 0.23043 0.00669
6118.92 0.23049 0.0067
6121.56 0.23055 0.0067
6124.2 0.23061 0.00671
6127.28 0.23067 0.00671
6129.92 0.23073 0.00672
6132.56 0.23079 0.00672
6135.64 0.23085 0.00673
6138.28 0.2309 0.00674
6141.36 0.23097 0.00674
6144.0 0.23102 0.00675
6146.64 0.23107 0.00675
6149.72 0.23114 0.00676
6152.36 0.23119 0.00677
6155.0 0.23124 0.00677
6158.08 0.2313 0.00678
6160.72 0.23135 0.00678
6163.36 0.23141 0.00679
6166.44 0.23146 0.00679
6169.08 0.23151 0.0068
6171.72 0.23156 0.0068
6174.8 0.23162 0.00681
6177.44 0.23167 0.00681
6180.08 0.23172 0.00682
6183.16 0.23178 0.00682
6185.8 0.23183 0.00683
6188.88 0.23188 0.00684
6191.52 0.23193 0.00684
6194.16 0.23197 0.00684
6197.24 0.23203 0.00685
6199.88 0.23207 0.00685
6202.52 0.23212 0.00686
6205.6 0.23217 0.00687
6208.24 0.23222 0.00687
6210.88 0.23226 0.00687
6213.96 0.23231 0.00688
6216.6 0.23236 0.00688
6219.24 0.2324 0.00689
6222.32 0.23245 0.00689
6224.96 0.23249 0.0069
6228.04 0.23254 0.0069
6230.68 0.23258 0.00691
6233.32 0.23263 0.00691
6236.4 0.23267 0.00692
6239.04 0.23271 0.00692
6241.68 0.23275 0.00692
6244.76 0.2328 0.00693
6247.4 0.23284 0.00693
6250.04 0.23288 0.00694
6253.12 0.23293 0.00694
6255.76 0.23296 0.00695
6258.4 0.233 0.00695
6261.48 0.23304 0.00695
6264.12 0.23308 0.00696
6266.76 0.23312 0.00696
6269.84 0.23316 0.00697
6272.48 0.2332 0.00697
6275.56 0.23324 0.00697
6278.2 0.23327 0.00698
6280.84 0.2333 0.00698
6283.92 0.23334 0.00698
6286.56 0.23337 0.00699
6289.2 0.2334 0.00699
6292.28 0.23344 0.00699
6294.92 0.23347 0.007
6297.56 0.2335 0.007
6300.64 0.23353 0.007
6303.28 0.23357 0.007
6305.92 0.2336 0.00701
6309.0 0.23363 0.00701
6311.64 0.23366 0.00701
6314.72 0.2337 0.00702
6317.36 0.23373 0.00702
6320.0 0.23376 0.00702
6323.08 0.23379 0.00703
6325.72 0.23383 0.00703
6328.36 0.23386 0.00703
6331.44 0.23389 0.00704
6334.08 0.23392 0.00704
6336.72 0.23395 0.00704
6339.8 0.23399 0.00705
6342.44 0.23402 0.00705
6345.08 0.23405 0.00705
6348.16 0.23408 0.00705
6350.8 0.2341 0.00706
6353.44 0.23413 0.00706
6356.52 0.23415 0.00706
6359.16 0.23418 0.00706
6362.24 0.23421 0.00707
6364.88 0.23423 0.00707
6367.52 0.23425 0.00707
6370.6 0.23428 0.00707
6373.24 0.2343 0.00708
6375.88 0.23432 0.00708
6378.96 0.23435 0.00708
6381.6 0.23437 0.00708
6384.24 0.23439 0.00708
6387.32 0.23441 0.00709
6389.96 0.23443 0.00709
6392.6 0.23445 0.00709
6395.68 0.23448 0.00709
6398.32 0.2345 0.00709
6401.4 0.23452 0.00709
6404.04 0.23454 0.0071
6406.68 0.23455 0.0071
6409.76 0.23457 0.0071
6412.4 0.23459 0.0071
6415.04 0.23461 0.0071
6418.12 0.23463 0.0071
6420.76 0.23464 0.0071
6423.4 0.23466 0.0071
6426.48 0.23468 0.00711
6429.12 0.23469 0.00711
6431.76 0.2347 0.00711
6434.84 0.23472 0.00711
6437.48 0.23473 0.00711
6440.12 0.23475 0.00711
6443.2 0.23476 0.00711
6445.84 0.23478 0.00711
6448.92 0.23479 0.00711
6451.56 0.2348 0.00711
6454.2 0.23481 0.00711
6457.28 0.23483 0.00711
6459.92 0.23484 0.00711
6462.56 0.23485 0.00712
6465.64 0.23486 0.00712
6468.28 0.23487 0.00712
6470.92 0.23488 0.00712
6474.0 0.23489 0.00712
6476.64 0.2349 0.00712
6479.28 0.2349 0.00712
6482.36 0.23491 0.00712
6485.0 0.23492 0.00712
6488.08 0.23493 0.00712
6490.72 0.23494 0.00712
6493.36 0.23494 0.00712
6496.44 0.23495 0.00712
6499.08 0.23496 0.00712
6501.72 0.23496 0.00712
6504.8 0.23497 0.00711
6507.44 0.23497 0.00711
6510.08 0.23497 0.00711
6513.16 0.23498 0.00711
6515.8 0.23498 0.00711
6518.44 0.23499 0.00711
6521.52 0.23499 0.00711
6524.16 0.23499 0.00711
6527.24 0.23499 0.00711
6529.88 0.23499 0.00711
6532.52 0.235 0.00711
6535.6 0.235 0.00711
6538.24 0.235 0.00711
6540.88 0.23499 0.0071
6543.96 0.23499 0.0071
6546.6 0.23498 0.0071
6549.24 0.23498 0.0071
6552.32 0.23497 0.0071
6554.96 0.23497 0.00709
6557.6 0.23496 0.00709
6560.68 0.23496 0.00709
6563.32 0.23496 0.00709
6565.96 0.23495 0.00709
6569.04 0.23495 0.00708
6571.68 0.23494 0.00708
6574.76 0.23494 0.00708
6577.4 0.23493 0.00708
6580.04 0.23493 0.00708
6583.12 0.23492 0.00707
6585.76 0.23492 0.00707
6588.4 0.23491 0.00707
6591.48 0.23491 0.00707
6594.12 0.2349 0.00707
6596.76 0.2349 0.00707
6599.84 0.23489 0.00706
6602.48 0.23489 0.00706
6605.12 0.23489 0.00706
6608.2 0.23488 0.00706
6610.84 0.23488 0.00706
6613.92 0.23487 0.00705
6616.56 0.23486 0.00705
6619.2 0.23485 0.00705
6622.28 0.23483 0.00704
6624.92 0.23482 0.00704
6627.56 0.23481 0.00704
6630.64 0.2348 0.00704
6633.28 0.23479 0.00703
6635.92 0.23478 0.00703
6639.0 0.23476 0.00703
6641.64 0.23475 0.00702
6644.28 0.23473 0.00702
6647.36 0.23472 0.00702
6650.0 0.2347 0.00701
6652.64 0.23469 0.00701
6655.72 0.23467 0.007
6658.36 0.23466 0.007
6661.44 0.23464 0.007
6664.08 0.23463 0.00699
6666.72 0.23461 0.00699
6669.8 0.23459 0.00698
6672.44 0.23457 0.00698
6675.08 0.23456 0.00698
6678.16 0.23454 0.00697
6680.8 0.23452 0.00697
6683.44 0.2345 0.00696
6686.52 0.23448 0.00696
6689.16 0.23446 0.00696
6691.8 0.23444 0.00695
6694.88 0.23442 0.00695
6697.52 0.2344 0.00694
6700.6 0.23437 0.00694
6703.24 0.23435 0.00693
6705.88 0.23433 0.00693
6708.96 0.23431 0.00692
6711.6 0.23429 0.00692
6714.24 0.23426 0.00691
6717.32 0.23424 0.00691
6719.96 0.23422 0.0069
6722.6 0.23419 0.0069
6725.68 0.23417 0.00689
6728.32 0.23414 0.00689
6730.96 0.23412 0.00688
6734.04 0.23409 0.00687
6736.68 0.23407 0.00687
6739.32 0.23404 0.00686
6742.4 0.23401 0.00686
6745.04 0.23398 0.00685
6748.12 0.23395 0.00685
6750.76 0.23393 0.00684
6753.4 0.2339 0.00683
6756.48 0.23387 0.00683
6759.12 0.23384 0.00682
6761.76 0.23381 0.00682
6764.84 0.23378 0.00681
6767.48 0.23375 0.0068
6770.12 0.23372 0.0068
6773.2 0.23369 0.00679
6775.84 0.23366 0.00678
6778.48 0.23363 0.00678
6781.56 0.23359 0.00677
6784.2 0.23356 0.00676
6787.28 0.23353 0.00676
6789.92 0.2335 0.00675
6792.56 0.23346 0.00674
6795.64 0.23343 0.00673
6798.28 0.2334 0.00673
6800.92 0.23336 0.00672
