calculator/instruments/deimos/original_plaintext_files/GG400_830G.txt
# %ECSV 1.0
# ---
# datatype:
# - {name: WAV, unit: Angstrom, datatype: float32}
# - {name: EFF, unit: electron / ph, datatype: float64}
# - {name: EFF_UNC, datatype: float64}
# meta: !!omap
# - {CWAV: '5000'}
# - {FILTER: GG400}
# - {GRATING: 830G}
# - {GRISM: none}
# - {MODE: spectroscopic}
# - {DICHROIC: none}
# schema: astropy-2.0
WAV EFF EFF_UNC
[from data line 676]
5984.18 0.17567 0.00132
5987.0 0.17596 0.00133
5989.82 0.17625 0.00134
5993.11 0.17659 0.00134
5995.93 0.17688 0.00135
5998.75 0.17717 0.00136
6001.57 0.17746 0.00136
6004.39 0.17775 0.00137
6007.68 0.17808 0.00138
6010.5 0.17837 0.00139
6013.32 0.17865 0.0014
6016.14 0.17894 0.0014
6018.96 0.17922 0.00141
6022.25 0.17955 0.00142
6025.07 0.17983 0.00143
6027.89 0.18011 0.00144
6030.71 0.18039 0.00145
6034.0 0.18071 0.00146
6036.82 0.18099 0.00147
6039.64 0.18127 0.00147
6042.46 0.18154 0.00148
6045.28 0.18182 0.00149
6048.57 0.18213 0.0015
6051.39 0.18241 0.00151
6054.21 0.18268 0.00152
6057.03 0.18295 0.00153
6059.85 0.18322 0.00154
6063.14 0.18353 0.00155
6065.96 0.1838 0.00157
6068.78 0.18406 0.00158
6071.6 0.18433 0.00159
6074.42 0.18459 0.0016
6077.71 0.1849 0.00161
6080.53 0.18516 0.00162
6083.35 0.18542 0.00163
6086.17 0.18569 0.00164
6089.46 0.18599 0.00166
6092.28 0.18625 0.00167
6095.1 0.1865 0.00168
6097.92 0.18676 0.00169
6100.74 0.18701 0.00171
6104.03 0.18731 0.00172
6106.85 0.18756 0.00173
6109.67 0.18782 0.00174
6112.49 0.18807 0.00176
6115.31 0.18832 0.00177
6118.6 0.18861 0.00179
6121.42 0.18885 0.0018
6124.24 0.1891 0.00181
6127.06 0.18935 0.00183
6129.88 0.18959 0.00184
6133.17 0.18987 0.00186
6135.99 0.19012 0.00187
6138.81 0.19036 0.00188
6141.63 0.1906 0.0019
6144.92 0.19088 0.00191
6147.74 0.19111 0.00193
6150.56 0.19135 0.00194
6153.38 0.19158 0.00196
6156.2 0.19182 0.00197
6159.49 0.19209 0.00199
6162.31 0.19232 0.00201
6165.13 0.19255 0.00202
6167.95 0.19278 0.00204
6170.77 0.19301 0.00205
6174.06 0.19328 0.00207
6176.88 0.1935 0.00209
6179.7 0.19373 0.0021
6182.52 0.19395 0.00212
6185.34 0.19417 0.00214
6188.63 0.19443 0.00216
6191.45 0.19465 0.00217
6194.27 0.19487 0.00219
6197.09 0.19509 0.00221
6200.38 0.19534 0.00223
6203.2 0.19556 0.00224
6206.02 0.19577 0.00226
6208.84 0.19599 0.00228
6211.66 0.1962 0.0023
6214.95 0.19644 0.00232
6217.77 0.19665 0.00234
6220.59 0.19686 0.00235
6223.41 0.19707 0.00237
6226.23 0.19727 0.00239
6229.52 0.19751 0.00241
6232.34 0.19771 0.00243
6235.16 0.19792 0.00245
6237.98 0.19812 0.00247
6240.8 0.19832 0.00249
6244.09 0.19855 0.00251
6246.91 0.19874 0.00253
6249.73 0.19894 0.00255
6252.55 0.19913 0.00257
6255.37 0.19933 0.00259
6258.66 0.19955 0.00261
6261.48 0.19974 0.00263
6264.3 0.19993 0.00265
6267.12 0.20012 0.00267
6270.41 0.20033 0.0027
6273.23 0.20052 0.00272
6276.05 0.2007 0.00274
6278.87 0.20088 0.00276
6281.69 0.20105 0.00278
6284.98 0.20125 0.00281
6287.8 0.20141 0.00283
6290.62 0.20158 0.00285
6293.44 0.20175 0.00287
6296.26 0.20191 0.00289
6299.55 0.20211 0.00292
6302.37 0.20228 0.00294
6305.19 0.20244 0.00297
6308.01 0.20261 0.00299
6310.83 0.20278 0.00301
6314.12 0.20297 0.00304
6316.94 0.20314 0.00306
6319.76 0.20331 0.00308
6322.58 0.20347 0.0031
6325.87 0.20367 0.00313
6328.69 0.20384 0.00315
6331.51 0.204 0.00318
6334.33 0.20417 0.0032
6337.15 0.20434 0.00322
6340.44 0.20453 0.00325
6343.26 0.20469 0.00327
6346.08 0.20484 0.0033
6348.9 0.20498 0.00332
6351.72 0.20513 0.00334
6355.01 0.2053 0.00337
6357.83 0.20545 0.0034
6360.65 0.20559 0.00342
6363.47 0.20573 0.00345
6366.29 0.20587 0.00347
6369.58 0.20603 0.0035
6372.4 0.20617 0.00353
6375.22 0.20631 0.00355
6378.04 0.20644 0.00358
6381.33 0.2066 0.00361
6384.15 0.20673 0.00363
6386.97 0.20686 0.00366
6389.79 0.20698 0.00368
6392.61 0.20711 0.00371
6395.9 0.20726 0.00374
6398.72 0.20738 0.00377
6401.54 0.2075 0.00379
6404.36 0.20762 0.00382
6407.18 0.20774 0.00385
6410.47 0.20788 0.00388
6413.29 0.208 0.00391
6416.11 0.20811 0.00393
6418.93 0.20822 0.00396
6421.75 0.20834 0.00399
6425.04 0.20846 0.00402
6427.86 0.20857 0.00405
6430.68 0.20868 0.00408
6433.5 0.20878 0.00411
6436.79 0.2089 0.00414
6439.61 0.20901 0.00417
6442.43 0.20911 0.0042
6445.25 0.2092 0.00422
6448.07 0.2093 0.00425
6451.36 0.20941 0.00429
6454.18 0.20951 0.00432
6457.0 0.2096 0.00434
6459.82 0.20969 0.00437
6462.64 0.20978 0.0044
6465.93 0.20988 0.00444
6468.75 0.20997 0.00447
6471.57 0.21005 0.0045
6474.39 0.21013 0.00453
6477.21 0.21021 0.00456
6480.5 0.21031 0.00459
6483.32 0.21038 0.00462
6486.14 0.21046 0.00465
6488.96 0.21053 0.00468
6492.25 0.21062 0.00472
6495.07 0.21069 0.00475
6497.89 0.21076 0.00478
6500.71 0.21083 0.00481
6503.53 0.21089 0.00484
6506.82 0.21097 0.00488
6509.64 0.21103 0.00491
6512.46 0.21109 0.00495
6515.28 0.21115 0.00498
6518.1 0.21121 0.00501
6521.39 0.21127 0.00505
6524.21 0.21133 0.00508
6527.03 0.21138 0.00511
6529.85 0.21143 0.00514
6532.67 0.21148 0.00518
6535.96 0.21153 0.00522
6538.78 0.21158 0.00525
6541.6 0.2116 0.00528
6544.42 0.21162 0.00532
6547.24 0.21164 0.00535
6550.53 0.21167 0.00539
6553.35 0.21169 0.00543
6556.17 0.21171 0.00546
6558.99 0.21174 0.0055
6562.28 0.21176 0.00554
6565.1 0.21178 0.00557
6567.92 0.2118 0.00561
6570.74 0.21183 0.00564
6573.56 0.21185 0.00568
6576.85 0.21187 0.00572
6579.67 0.2119 0.00575
6582.49 0.21192 0.00579
6585.31 0.21194 0.00582
6588.13 0.21196 0.00586
6591.42 0.21199 0.0059
6594.24 0.21201 0.00593
6597.06 0.21203 0.00597
6599.88 0.21205 0.006
6602.7 0.21208 0.00604
6605.99 0.2121 0.00608
6608.81 0.21212 0.00611
6611.63 0.21215 0.00615
6614.45 0.21214 0.00619
6617.74 0.21214 0.00623
6620.56 0.21214 0.00627
6623.38 0.21213 0.0063
6626.2 0.21212 0.00634
6629.02 0.21211 0.00638
6632.31 0.21209 0.00642
6635.13 0.21208 0.00646
6637.95 0.21206 0.0065
6640.77 0.21204 0.00653
6643.59 0.21202 0.00657
6646.88 0.212 0.00662
6649.7 0.21197 0.00666
6652.52 0.21194 0.00669
6655.34 0.21192 0.00673
6658.16 0.21189 0.00677
6661.45 0.21185 0.00682
6664.27 0.21181 0.00686
6667.09 0.21178 0.0069
6669.91 0.21174 0.00694
6673.2 0.21169 0.00698
6676.02 0.21165 0.00702
6678.84 0.21161 0.00706
6681.66 0.21156 0.0071
6684.48 0.21151 0.00714
6687.77 0.21146 0.00719
6690.59 0.2114 0.00723
6693.41 0.21135 0.00727
6696.23 0.2113 0.00731
6699.05 0.21124 0.00735
6702.34 0.21117 0.0074
6705.16 0.21111 0.00744
6707.98 0.21104 0.00748
6710.8 0.21098 0.00752
6713.62 0.21091 0.00757
6716.91 0.21083 0.00761
6719.73 0.21076 0.00766
6722.55 0.21068 0.0077
6725.37 0.21061 0.00774
6728.66 0.21051 0.00779
6731.48 0.21043 0.00783
6734.3 0.21035 0.00788
6737.12 0.21027 0.00792
6739.94 0.21018 0.00796
6743.23 0.21008 0.00801
6746.05 0.20999 0.00805
6748.87 0.2099 0.0081
6751.69 0.2098 0.00814
6754.51 0.20971 0.00819
6757.8 0.20959 0.00824
6760.62 0.20949 0.00828
6763.44 0.20939 0.00832
6766.26 0.20928 0.00837
6769.08 0.20918 0.00841
6772.37 0.20905 0.00847
6775.19 0.20894 0.00851
6778.01 0.20882 0.00856
6780.83 0.20871 0.0086
6784.12 0.20857 0.00865
6786.94 0.20845 0.0087
6789.76 0.20833 0.00874
6792.58 0.2082 0.00879
6795.4 0.20808 0.00884
6798.69 0.20793 0.00889
6801.51 0.2078 0.00894
6804.33 0.20767 0.00898
6807.15 0.20753 0.00903
6809.97 0.20739 0.00908
6813.26 0.20723 0.00913
6816.08 0.20709 0.00918
6818.9 0.20695 0.00922
6821.72 0.2068 0.00927
6824.54 0.20665 0.00932
6827.83 0.20648 0.00937
6830.65 0.20633 0.00942
6833.47 0.20617 0.00947
6836.29 0.20601 0.00952
6839.11 0.20585 0.00957
