calculator/instruments/deimos/original_plaintext_files/GG400_1200B.txt
# %ECSV 1.0
# ---
# datatype:
# - {name: WAV, unit: Angstrom, datatype: float32}
# - {name: EFF, unit: electron / ph, datatype: float64}
# - {name: EFF_UNC, datatype: float64}
# meta: !!omap
# - {CWAV: '5000'}
# - {FILTER: GG400}
# - {GRATING: 1200B}
# - {GRISM: none}
# - {MODE: spectroscopic}
# schema: astropy-2.0
WAV EFF EFF_UNC
[from data line 692]
5631.95 0.18273 0.00021
5634.26 0.18275 0.00021
5636.57 0.18277 0.0002
5639.21 0.18279 0.0002
5641.52 0.18281 0.0002
5643.83 0.18282 0.00019
5646.14 0.18284 0.00019
5648.45 0.18286 0.00018
5650.76 0.18288 0.00018
5653.07 0.18289 0.00018
5655.38 0.18291 0.00017
5657.69 0.18293 0.00017
5660.33 0.18295 0.00016
5662.64 0.18296 0.00016
5664.95 0.18298 0.00016
5667.26 0.183 0.00015
5669.57 0.18301 0.00015
5671.88 0.18303 0.00014
5674.19 0.18304 0.00014
5676.5 0.18306 0.00014
5678.81 0.18307 0.00013
5681.45 0.18309 0.00013
5683.76 0.18311 0.00012
5686.07 0.18312 0.00012
5688.38 0.18314 0.00011
5690.69 0.18315 0.00011
5693.0 0.18317 0.0001
5695.31 0.18318 0.0001
5697.62 0.18319 0.0001
5699.93 0.18321 9e-05
5702.57 0.18322 8e-05
5704.88 0.18324 8e-05
5707.19 0.18325 8e-05
5709.5 0.18327 7e-05
5711.81 0.18328 7e-05
5714.12 0.18329 6e-05
5716.43 0.18331 6e-05
5718.74 0.18332 5e-05
5721.05 0.18333 5e-05
5723.69 0.18335 4e-05
5726.0 0.18336 3e-05
5728.31 0.18337 3e-05
5730.62 0.18338 2e-05
5732.93 0.1834 2e-05
5735.24 0.18341 1e-05
5737.55 0.18342 1e-05
5739.86 0.18343 0.0
5742.5 0.18345 0.0
5744.81 0.18346 1e-05
5747.12 0.18347 1e-05
5749.43 0.18348 2e-05
5751.74 0.18349 3e-05
5754.05 0.18351 3e-05
5756.36 0.18352 4e-05
5758.67 0.18353 4e-05
5760.98 0.18354 5e-05
5763.62 0.18355 6e-05
5765.93 0.18356 6e-05
5768.24 0.18357 7e-05
5770.55 0.18359 7e-05
5772.86 0.1836 8e-05
5775.17 0.18361 9e-05
5777.48 0.18362 9e-05
5779.79 0.18363 0.0001
5782.1 0.18364 0.0001
5784.74 0.18365 0.00011
5787.05 0.18366 0.00012
5789.36 0.18367 0.00012
5791.67 0.18368 0.00013
5793.98 0.18369 0.00014
5796.29 0.1837 0.00014
5798.6 0.18371 0.00015
5800.91 0.18372 0.00016
5803.22 0.18373 0.00016
5805.86 0.18374 0.00017
5808.17 0.18375 0.00018
5810.48 0.18376 0.00018
5812.79 0.18377 0.00019
5815.1 0.18378 0.0002
5817.41 0.18379 0.00021
5819.72 0.1838 0.00021
5822.03 0.18381 0.00022
5824.34 0.18381 0.00023
5826.98 0.18383 0.00024
5829.29 0.18383 0.00024
5831.6 0.18384 0.00025
5833.91 0.18385 0.00026
5836.22 0.18386 0.00026
5838.53 0.18387 0.00027
5840.84 0.18388 0.00028
5843.15 0.18389 0.00029
5845.46 0.1839 0.00029
5848.1 0.18391 0.0003
5850.41 0.18391 0.00031
5852.72 0.18392 0.00032
5855.03 0.18393 0.00033
5857.34 0.18394 0.00033
5859.65 0.18395 0.00034
5861.96 0.18396 0.00035
5864.27 0.18396 0.00036
5866.58 0.18397 0.00037
5869.22 0.18398 0.00038
5871.53 0.18399 0.00038
5873.84 0.184 0.00039
5876.15 0.18401 0.0004
5878.46 0.18401 0.00041
5880.77 0.18402 0.00042
5883.08 0.18403 0.00043
5885.39 0.18404 0.00043
5888.03 0.18405 0.00044
5890.34 0.18406 0.00045
5892.65 0.18406 0.00046
5894.96 0.18407 0.00047
5897.27 0.18408 0.00048
5899.58 0.18409 0.00049
5901.89 0.1841 0.0005
5904.2 0.1841 0.0005
5906.51 0.18411 0.00051
5909.15 0.18412 0.00052
5911.46 0.18413 0.00053
5913.77 0.18414 0.00054
5916.08 0.18414 0.00055
5918.39 0.18415 0.00056
5920.7 0.18416 0.00057
5923.01 0.18417 0.00058
5925.32 0.18417 0.00059
5927.63 0.18418 0.0006
5930.27 0.18419 0.00061
5932.58 0.1842 0.00062
5934.89 0.18421 0.00063
5937.2 0.18422 0.00064
5939.51 0.18422 0.00065
5941.82 0.18423 0.00066
5944.13 0.18424 0.00067
5946.44 0.18425 0.00068
5948.75 0.18425 0.00069
5951.39 0.18426 0.0007
5953.7 0.18427 0.00071
5956.01 0.18428 0.00072
5958.32 0.18429 0.00073
5960.63 0.1843 0.00074
5962.94 0.1843 0.00075
5965.25 0.18431 0.00076
5967.56 0.18432 0.00077
5969.87 0.18433 0.00078
5972.51 0.18434 0.00079
5974.82 0.18435 0.0008
5977.13 0.18435 0.00082
5979.44 0.18436 0.00083
5981.75 0.18437 0.00084
5984.06 0.18438 0.00085
5986.37 0.18439 0.00086
5988.68 0.18439 0.00087
5990.99 0.1844 0.00088
5993.63 0.18441 0.00089
5995.94 0.18442 0.0009
5998.25 0.18443 0.00092
6000.56 0.18444 0.00093
6002.87 0.18445 0.00094
6005.18 0.18446 0.00095
6007.49 0.18446 0.00096
6009.8 0.18447 0.00097
6012.44 0.18448 0.00099
6014.75 0.18449 0.001
6017.06 0.1845 0.00101
6019.37 0.18451 0.00102
6021.68 0.18452 0.00103
6023.99 0.18453 0.00105
6026.3 0.18454 0.00106
6028.61 0.18455 0.00107
6030.92 0.18456 0.00108
6033.56 0.18457 0.0011
6035.87 0.18458 0.00111
6038.18 0.18459 0.00112
6040.49 0.18459 0.00113
6042.8 0.1846 0.00114
6045.11 0.18461 0.00116
6047.42 0.18462 0.00117
6049.73 0.18463 0.00118
6052.04 0.18464 0.00119
6054.68 0.18465 0.00121
6056.99 0.18466 0.00122
6059.3 0.18468 0.00124
6061.61 0.18469 0.00125
6063.92 0.1847 0.00126
6066.23 0.18471 0.00127
6068.54 0.18472 0.00129
6070.85 0.18473 0.0013
6073.16 0.18474 0.00131
6075.8 0.18475 0.00133
6078.11 0.18476 0.00134
6080.42 0.18477 0.00136
6082.73 0.18478 0.00137
6085.04 0.18479 0.00138
6087.35 0.1848 0.0014
6089.66 0.18482 0.00141
6091.97 0.18483 0.00142
6094.28 0.18484 0.00144
6096.92 0.18485 0.00145
6099.23 0.18486 0.00147
6101.54 0.18488 0.00148
6103.85 0.18489 0.0015
6106.16 0.1849 0.00151
6108.47 0.18491 0.00152
6110.78 0.18492 0.00154
6113.09 0.18494 0.00155
6115.4 0.18495 0.00157
6118.04 0.18496 0.00158
6120.35 0.18498 0.0016
6122.66 0.18499 0.00161
6124.97 0.185 0.00163
6127.28 0.18501 0.00164
6129.59 0.18503 0.00166
6131.9 0.18504 0.00167
6134.21 0.18505 0.00169
6136.52 0.18507 0.0017
6139.16 0.18508 0.00172
6141.47 0.1851 0.00173
6143.78 0.18511 0.00175
6146.09 0.18512 0.00177
6148.4 0.18514 0.00178
6150.71 0.18515 0.0018
6153.02 0.18517 0.00181
6155.33 0.18518 0.00183
6157.97 0.1852 0.00184
6160.28 0.18521 0.00186
6162.59 0.18523 0.00188
6164.9 0.18524 0.00189
6167.21 0.18526 0.00191
6169.52 0.18527 0.00192
6171.83 0.18529 0.00194
6174.14 0.18531 0.00196
6176.45 0.18532 0.00197
6179.09 0.18534 0.00199
6181.4 0.18536 0.00201
6183.71 0.18537 0.00202
6186.02 0.18539 0.00204
6188.33 0.1854 0.00206
6190.64 0.18542 0.00207
6192.95 0.18544 0.00209
6195.26 0.18546 0.00211
6197.57 0.18547 0.00212
6200.21 0.18549 0.00214
6202.52 0.18551 0.00216
6204.83 0.18553 0.00218
6207.14 0.18555 0.0022
6209.45 0.18556 0.00221
6211.76 0.18558 0.00223
6214.07 0.1856 0.00225
6216.38 0.18562 0.00226
6218.69 0.18564 0.00228
6221.33 0.18566 0.0023
6223.64 0.18568 0.00232
6225.95 0.1857 0.00234
6228.26 0.18572 0.00236
6230.57 0.18574 0.00237
6232.88 0.18576 0.00239
6235.19 0.18578 0.00241
6237.5 0.1858 0.00243
6239.81 0.18582 0.00245
6242.45 0.18584 0.00247
6244.76 0.18586 0.00248
6247.07 0.18588 0.0025
6249.38 0.1859 0.00252
6251.69 0.18592 0.00254
6254.0 0.18595 0.00256
6256.31 0.18597 0.00258
6258.62 0.18599 0.0026
6260.93 0.18601 0.00262
6263.57 0.18604 0.00264
6265.88 0.18606 0.00266
6268.19 0.18608 0.00268
6270.5 0.18611 0.00269
6272.81 0.18613 0.00271
6275.12 0.18615 0.00273
6277.43 0.18618 0.00275
6279.74 0.1862 0.00277
6282.05 0.18623 0.00279
6284.69 0.18626 0.00282
6287.0 0.18628 0.00284
6289.31 0.18631 0.00286
6291.62 0.18634 0.00288
6293.93 0.18636 0.0029
6296.24 0.18639 0.00292
6298.55 0.18642 0.00294
6300.86 0.18644 0.00296
6303.5 0.18647 0.00298
6305.81 0.1865 0.003
6308.12 0.18653 0.00302
6310.43 0.18655 0.00304
6312.74 0.18658 0.00307
6315.05 0.18661 0.00309
6317.36 0.18663 0.00311
6319.67 0.18666 0.00313
6321.98 0.18669 0.00315
6324.62 0.18672 0.00317
6326.93 0.18674 0.00319
6329.24 0.18677 0.00321
6331.55 0.1868 0.00323
6333.86 0.18682 0.00325
6336.17 0.18685 0.00327
6338.48 0.18688 0.00329
6340.79 0.1869 0.00331
6343.1 0.18693 0.00334
6345.74 0.18697 0.00336
6348.05 0.187 0.00338
6350.36 0.18703 0.0034
