calculator/instruments/deimos/original_plaintext_files/GG400_1200G.txt
# %ECSV 1.0
# ---
# datatype:
# - {name: WAV, unit: Angstrom, datatype: float32}
# - {name: EFF, unit: electron / ph, datatype: float64}
# - {name: EFF_UNC, datatype: float64}
# meta: !!omap
# - {CWAV: '5000'}
# - {FILTER: GG400}
# - {GRATING: 1200G}
# - {GRISM: none}
# - {MODE: spectroscopic}
# - {DICHROIC: none}
# schema: astropy-2.0
WAV EFF EFF_UNC
4000.1 0.01339 0.00087
4002.41 0.01348 0.00087
4004.72 0.01357 0.00087
4007.03 0.01366 0.00087
4009.34 0.01375 0.00087
4011.98 0.01385 0.00087
4014.29 0.01394 0.00087
4016.6 0.01404 0.00087
4018.91 0.01413 0.00087
4021.22 0.01422 0.00087
4023.53 0.01431 0.00087
4025.84 0.0144 0.00087
4028.15 0.0145 0.00087
4030.46 0.01459 0.00087
4033.1 0.01469 0.00087
4035.41 0.01479 0.00087
4037.72 0.01488 0.00087
4040.03 0.01498 0.00087
4042.34 0.01507 0.00087
4044.65 0.01517 0.00087
4046.96 0.01526 0.00087
4049.27 0.01536 0.00087
4051.58 0.01545 0.00088
4054.22 0.01556 0.00088
4056.53 0.01566 0.00088
4058.84 0.01575 0.00088
4061.15 0.01585 0.00088
4063.46 0.01595 0.00088
4065.77 0.01605 0.00088
4068.08 0.01614 0.00088
4070.39 0.01624 0.00088
4073.03 0.01635 0.00089
4075.34 0.01645 0.00089
4077.65 0.01655 0.00089
4079.96 0.01665 0.00089
4082.27 0.01675 0.00089
4084.58 0.01685 0.00089
4086.89 0.01695 0.00089
4089.2 0.01705 0.0009
4091.51 0.01715 0.0009
4094.15 0.01727 0.0009
4096.46 0.01737 0.0009
4098.77 0.01747 0.0009
4101.08 0.01757 0.0009
4103.39 0.01768 0.00091
4105.7 0.01778 0.00091
4108.01 0.01788 0.00091
4110.32 0.01799 0.00091
4112.63 0.01809 0.00091
4115.27 0.01821 0.00092
4117.58 0.01831 0.00092
4119.89 0.01842 0.00092
4122.2 0.01852 0.00092
4124.51 0.01863 0.00092
4126.82 0.01873 0.00093
4129.13 0.01884 0.00093
4131.44 0.01894 0.00093
4133.75 0.01905 0.00093
4136.39 0.01917 0.00094
4138.7 0.01928 0.00094
4141.01 0.01939 0.00094
4143.32 0.01949 0.00094
4145.63 0.0196 0.00095
4147.94 0.01971 0.00095
4150.25 0.01982 0.00095
4152.56 0.01993 0.00095
4154.87 0.02004 0.00096
4157.51 0.02016 0.00096
4159.82 0.02027 0.00096
4162.13 0.02038 0.00096
4164.44 0.02049 0.00097
4166.75 0.0206 0.00097
4169.06 0.02071 0.00097
4171.37 0.02083 0.00097
4173.68 0.02094 0.00098
4175.99 0.02105 0.00098
4178.63 0.02118 0.00098
4180.94 0.02129 0.00099
4183.25 0.0214 0.00099
4185.56 0.02152 0.00099
4187.87 0.02163 0.00099
4190.18 0.02174 0.001
4192.49 0.02186 0.001
4194.8 0.02197 0.001
4197.11 0.02209 0.00101
4199.75 0.02222 0.00101
4202.06 0.02233 0.00101
4204.37 0.02245 0.00102
4206.68 0.02256 0.00102
4208.99 0.02268 0.00102
4211.3 0.0228 0.00102
4213.61 0.02291 0.00103
4215.92 0.02303 0.00103
4218.56 0.02317 0.00103
4220.87 0.02328 0.00104
4223.18 0.0234 0.00104
4225.49 0.02352 0.00104
4227.8 0.02364 0.00105
4230.11 0.02376 0.00105
4232.42 0.02388 0.00105
4234.73 0.024 0.00106
4237.04 0.02412 0.00106
4239.68 0.02425 0.00106
4241.99 0.02437 0.00107
4244.3 0.02449 0.00107
4246.61 0.02462 0.00107
4248.92 0.02474 0.00108
4251.23 0.02486 0.00108
4253.54 0.02498 0.00108
4255.85 0.0251 0.00108
4258.16 0.02523 0.00109
4260.8 0.02537 0.00109
4263.11 0.02549 0.0011
4265.42 0.02561 0.0011
4267.73 0.02574 0.0011
4270.04 0.02586 0.0011
4272.35 0.02599 0.00111
4274.66 0.02611 0.00111
4276.97 0.02624 0.00111
4279.28 0.02636 0.00112
4281.92 0.0265 0.00112
4284.23 0.02663 0.00112
4286.54 0.02676 0.00113
4288.85 0.02688 0.00113
4291.16 0.02701 0.00113
4293.47 0.02714 0.00114
4295.78 0.02727 0.00114
4298.09 0.02739 0.00114
4300.4 0.02752 0.00115
4303.04 0.02767 0.00115
4305.35 0.0278 0.00116
4307.66 0.02793 0.00116
4309.97 0.02806 0.00116
4312.28 0.02819 0.00117
4314.59 0.02832 0.00117
4316.9 0.02845 0.00117
4319.21 0.02858 0.00118
4321.52 0.02871 0.00118
4324.16 0.02886 0.00118
4326.47 0.02899 0.00119
4328.78 0.02912 0.00119
4331.09 0.02925 0.00119
4333.4 0.02939 0.0012
4335.71 0.02952 0.0012
4338.02 0.02965 0.0012
4340.33 0.02978 0.00121
4342.64 0.02992 0.00121
4345.28 0.03007 0.00121
4347.59 0.03021 0.00122
4349.9 0.03034 0.00122
4352.21 0.03048 0.00122
4354.52 0.03061 0.00123
4356.83 0.03075 0.00123
4359.14 0.03088 0.00123
4361.45 0.03102 0.00124
4364.09 0.03117 0.00124
4366.4 0.03131 0.00124
4368.71 0.03145 0.00125
4371.02 0.03159 0.00125
4373.33 0.03172 0.00125
4375.64 0.03186 0.00126
4377.95 0.032 0.00126
4380.26 0.03214 0.00126
4382.57 0.03228 0.00127
4385.21 0.03244 0.00127
4387.52 0.03258 0.00127
4389.83 0.03271 0.00128
4392.14 0.03286 0.00128
4394.45 0.033 0.00128
4396.76 0.03314 0.00129
4399.07 0.03328 0.00129
4401.38 0.03342 0.00129
4403.69 0.03356 0.0013
4406.33 0.03372 0.0013
4408.64 0.03386 0.0013
4410.95 0.03401 0.00131
4413.26 0.03415 0.00131
4415.57 0.03429 0.00131
4417.88 0.03444 0.00132
4420.19 0.03458 0.00132
4422.5 0.03472 0.00132
4424.81 0.03487 0.00133
4427.45 0.03503 0.00133
4429.76 0.03518 0.00134
4432.07 0.03533 0.00134
4434.38 0.03547 0.00134
4436.69 0.03562 0.00135
4439.0 0.03576 0.00135
4441.31 0.03591 0.00135
4443.62 0.03606 0.00136
4445.93 0.0362 0.00136
4448.57 0.03637 0.00136
4450.88 0.03652 0.00137
4453.19 0.03667 0.00137
4455.5 0.03682 0.00137
4457.81 0.03696 0.00138
4460.12 0.03711 0.00138
4462.43 0.03726 0.00138
4464.74 0.03741 0.00139
4467.05 0.03756 0.00139
4469.69 0.03773 0.00139
4472.0 0.03789 0.0014
4474.31 0.03804 0.0014
4476.62 0.03819 0.0014
4478.93 0.03834 0.00141
4481.24 0.03849 0.00141
4483.55 0.03864 0.00141
4485.86 0.03879 0.00142
4488.5 0.03897 0.00142
4490.81 0.03912 0.00142
4493.12 0.03928 0.00143
4495.43 0.03943 0.00143
4497.74 0.03958 0.00143
4500.05 0.03974 0.00144
4502.36 0.03989 0.00144
4504.67 0.04005 0.00144
4506.98 0.0402 0.00145
4509.62 0.04038 0.00145
4511.93 0.04054 0.00145
4514.24 0.04069 0.00146
4516.55 0.04085 0.00146
4518.86 0.041 0.00146
4521.17 0.04116 0.00147
4523.48 0.04132 0.00147
4525.79 0.04148 0.00147
4528.1 0.04163 0.00148
4530.74 0.04181 0.00148
4533.05 0.04197 0.00148
4535.36 0.04213 0.00149
4537.67 0.04229 0.00149
4539.98 0.04245 0.00149
4542.29 0.04261 0.0015
4544.6 0.04277 0.0015
4546.91 0.04293 0.0015
4549.22 0.04309 0.00151
4551.86 0.04327 0.00151
4554.17 0.04344 0.00151
4556.48 0.0436 0.00152
4558.79 0.04376 0.00152
4561.1 0.04392 0.00152
4563.41 0.04408 0.00153
4565.72 0.04425 0.00153
4568.03 0.04441 0.00153
4570.34 0.04457 0.00154
4572.98 0.04476 0.00154
4575.29 0.04492 0.00154
4577.6 0.04509 0.00155
4579.91 0.04525 0.00155
4582.22 0.04542 0.00155
4584.53 0.04558 0.00156
4586.84 0.04575 0.00156
4589.15 0.04592 0.00156
4591.46 0.04608 0.00156
4594.1 0.04627 0.00157
4596.41 0.04644 0.00157
4598.72 0.04661 0.00158
4601.03 0.04677 0.00158
4603.34 0.04694 0.00158
4605.65 0.04711 0.00158
4607.96 0.04728 0.00159
4610.27 0.04745 0.00159
4612.58 0.04761 0.00159
4615.22 0.04781 0.0016
4617.53 0.04798 0.0016
4619.84 0.04815 0.0016
4622.15 0.04832 0.00161
4624.46 0.04849 0.00161
4626.77 0.04866 0.00161
4629.08 0.04883 0.00162
4631.39 0.049 0.00162
4634.03 0.0492 0.00162
4636.34 0.04937 0.00163
4638.65 0.04954 0.00163
4640.96 0.04971 0.00163
4643.27 0.04989 0.00164
4645.58 0.05006 0.00164
4647.89 0.05023 0.00164
4650.2 0.05041 0.00165
4652.51 0.05059 0.00165
4655.15 0.05079 0.00165
4657.46 0.05097 0.00166
4659.77 0.05115 0.00166
4662.08 0.05133 0.00166
4664.39 0.05151 0.00167
4666.7 0.05169 0.00167
4669.01 0.05187 0.00167
4671.32 0.05205 0.00168
4673.63 0.05222 0.00168
4676.27 0.05243 0.00168
4678.58 0.05261 0.00169
4680.89 0.05279 0.00169
4683.2 0.05296 0.00169
4685.51 0.05314 0.0017
4687.82 0.05332 0.0017
4690.13 0.0535 0.0017
4692.44 0.05368 0.00171
4694.75 0.05386 0.00171
4697.39 0.05406 0.00171
4699.7 0.05424 0.00172
4702.01 0.05442 0.00172
4704.32 0.0546 0.00172
4706.63 0.05478 0.00173
4708.94 0.05495 0.00173
4711.25 0.05513 0.00173
4713.56 0.05531 0.00174
4715.87 0.05549 0.00174
4718.51 0.0557 0.00174
4720.82 0.05587 0.00175
4723.13 0.05605 0.00175
4725.44 0.05623 0.00175
4727.75 0.05642 0.00176
4730.06 0.0566 0.00176
4732.37 0.05678 0.00176
4734.68 0.05697 0.00177
4736.99 0.05715 0.00177
4739.63 0.05737 0.00177
4741.94 0.05755 0.00178
4744.25 0.05774 0.00178
4746.56 0.05792 0.00178
4748.87 0.05811 0.00179
4751.18 0.0583 0.00179
4753.49 0.05848 0.00179
4755.8 0.05867 0.00179
4758.11 0.05886 0.0018
4760.75 0.05907 0.0018
4763.06 0.05926 0.00181
4765.37 0.05945 0.00181
4767.68 0.05964 0.00181
4769.99 0.05983 0.00181
4772.3 0.06002 0.00182
4774.61 0.06021 0.00182
4776.92 0.0604 0.00182
4779.56 0.06062 0.00183
4781.87 0.06081 0.00183
4784.18 0.061 0.00183
4786.49 0.06119 0.00184
4788.8 0.06138 0.00184
4791.11 0.06158 0.00184
4793.42 0.06177 0.00185
4795.73 0.06196 0.00185
4798.04 0.06215 0.00185
4800.68 0.06237 0.00186
4802.99 0.06257 0.00186
4805.3 0.06276 0.00186
4807.61 0.06296 0.00187
4809.92 0.06315 0.00187
4812.23 0.06335 0.00187
4814.54 0.06354 0.00188
4816.85 0.06374 0.00188
4819.16 0.06393 0.00188
4821.8 0.06416 0.00189
4824.11 0.06435 0.00189
4826.42 0.06456 0.00189
4828.73 0.06476 0.0019
4831.04 0.06496 0.0019
4833.35 0.06517 0.0019
4835.66 0.06537 0.00191
4837.97 0.06557 0.00191
4840.28 0.06578 0.00191
4842.92 0.06601 0.00192
4845.23 0.06621 0.00192
4847.54 0.06642 0.00192
4849.85 0.06662 0.00193
4852.16 0.06683 0.00193
4854.47 0.06703 0.00193
4856.78 0.06723 0.00194
4859.09 0.06744 0.00194
4861.4 0.06764 0.00194
4864.04 0.06787 0.00195
4866.35 0.06808 0.00195
4868.66 0.06828 0.00195
4870.97 0.06848 0.00196
4873.28 0.06869 0.00196
4875.59 0.06889 0.00196
4877.9 0.06909 0.00197
4880.21 0.0693 0.00197
4882.52 0.0695 0.00197
4885.16 0.06973 0.00198
4887.47 0.06994 0.00198
4889.78 0.07014 0.00199
4892.09 0.07034 0.00199
4894.4 0.07055 0.00199
4896.71 0.07075 0.002
4899.02 0.07095 0.002
4901.33 0.07116 0.002
4903.97 0.07139 0.00201
4906.28 0.07159 0.00201
4908.59 0.0718 0.00201
4910.9 0.072 0.00202
4913.21 0.07221 0.00202
4915.52 0.07241 0.00202
4917.83 0.07261 0.00203
4920.14 0.07282 0.00203
4922.45 0.07302 0.00203
4925.09 0.07325 0.00204
4927.4 0.07346 0.00204
4929.71 0.07366 0.00205
4932.02 0.07386 0.00205
4934.33 0.07407 0.00205
4936.64 0.07428 0.00206
4938.95 0.0745 0.00206
4941.26 0.07471 0.00206
4943.57 0.07492 0.00207
4946.21 0.07516 0.00207
4948.52 0.07537 0.00207
4950.83 0.07559 0.00208
4953.14 0.0758 0.00208
4955.45 0.07601 0.00208
4957.76 0.07623 0.00209
4960.07 0.07644 0.00209
4962.38 0.07666 0.00209
4964.69 0.07687 0.0021
4967.33 0.07712 0.0021
4969.64 0.07733 0.0021
4971.95 0.07755 0.00211
4974.26 0.07776 0.00211
4976.57 0.07798 0.00212
4978.88 0.0782 0.00212
4981.19 0.07841 0.00212
4983.5 0.07863 0.00213
4985.81 0.07885 0.00213
4988.45 0.0791 0.00213
4990.76 0.07932 0.00214
4993.07 0.07953 0.00214
4995.38 0.07975 0.00214
5005.28 0.08069 0.00216
5007.59 0.08091 0.00216
5009.9 0.08113 0.00217
5012.21 0.08135 0.00217
5014.52 0.08158 0.00217
5017.16 0.08183 0.00218
5019.47 0.08205 0.00218
5021.78 0.08227 0.00218
5024.09 0.0825 0.00219
5026.4 0.08272 0.00219
5028.71 0.08294 0.00219
5031.02 0.08316 0.0022
5033.33 0.08339 0.0022
5035.64 0.08361 0.00221
5038.28 0.08387 0.00221
5040.59 0.08409 0.00221
5042.9 0.08432 0.00222
5045.21 0.08454 0.00222
5047.52 0.08477 0.00222
5049.83 0.08499 0.00223
5052.14 0.08522 0.00223
5054.45 0.08545 0.00223
5057.09 0.08571 0.00224
5059.4 0.08593 0.00224
5061.71 0.08616 0.00225
5064.02 0.08639 0.00225
5066.33 0.08661 0.00225
5068.64 0.08684 0.00226
5070.95 0.08707 0.00226
5073.26 0.0873 0.00226
5075.57 0.08753 0.00227
5078.21 0.08779 0.00227
5080.52 0.08802 0.00228
5082.83 0.08825 0.00228
5085.14 0.08848 0.00228
5087.45 0.08871 0.00229
5089.76 0.08894 0.00229
5092.07 0.08917 0.00229
5094.38 0.08941 0.0023
5096.69 0.08964 0.0023
5099.33 0.0899 0.00231
5101.64 0.09014 0.00231
5103.95 0.09037 0.00231
5106.26 0.0906 0.00232
5108.57 0.09084 0.00232
5110.88 0.09107 0.00232
5113.19 0.0913 0.00233
5115.5 0.09154 0.00233
5117.81 0.09177 0.00234
5120.45 0.09204 0.00234
5122.76 0.09228 0.00234
5125.07 0.09251 0.00235
5127.38 0.09275 0.00235
5129.69 0.09298 0.00235
5132.0 0.09322 0.00236
5134.31 0.09346 0.00236
5136.62 0.09369 0.00237
5138.93 0.09393 0.00237
5141.57 0.0942 0.00237
5143.88 0.09444 0.00238
5146.19 0.09468 0.00238
5148.5 0.09492 0.00238
5150.81 0.09516 0.00239
5153.12 0.09539 0.00239
5155.43 0.09563 0.0024
5157.74 0.09587 0.0024
5160.05 0.09611 0.0024
5162.69 0.09639 0.00241
5165.0 0.09663 0.00241
5167.31 0.09687 0.00242
5169.62 0.09711 0.00242
5171.93 0.09735 0.00242
5174.24 0.0976 0.00243
5176.55 0.09784 0.00243
5178.86 0.09808 0.00243
5181.5 0.09836 0.00244
5183.81 0.0986 0.00244
5186.12 0.09884 0.00245
5188.43 0.09909 0.00245
5190.74 0.09933 0.00245
5193.05 0.09958 0.00246
5195.36 0.09982 0.00246
5197.67 0.10007 0.00247
5199.98 0.10031 0.00247
5202.62 0.10059 0.00247
5204.93 0.10084 0.00248
5207.24 0.10108 0.00248
5209.55 0.10133 0.00249
5211.86 0.10158 0.00249
5214.17 0.10182 0.00249
5216.48 0.10207 0.0025
5218.79 0.10232 0.0025
5221.1 0.10257 0.00251
5223.74 0.10285 0.00251
5226.05 0.1031 0.00251
5228.36 0.10335 0.00252
5230.67 0.1036 0.00252
5232.98 0.10385 0.00253
5235.29 0.1041 0.00253
5237.6 0.10435 0.00253
5239.91 0.1046 0.00254
5242.22 0.10485 0.00254
5244.86 0.10513 0.00255
5247.17 0.10539 0.00255
5249.48 0.10564 0.00255
5251.79 0.10589 0.00256
5254.1 0.10614 0.00256
5256.41 0.10639 0.00257
5258.72 0.10665 0.00257
5261.03 0.1069 0.00257
5263.34 0.10715 0.00258
5265.98 0.10744 0.00258
5268.29 0.1077 0.00259
5270.6 0.10795 0.00259
5272.91 0.10821 0.00259
5275.22 0.10846 0.0026
5277.53 0.10872 0.0026
5279.84 0.10897 0.00261
5282.15 0.10923 0.00261
5284.46 0.10949 0.00261
5287.1 0.10978 0.00262
5289.41 0.11004 0.00262
5291.72 0.11029 0.00263
5294.03 0.11055 0.00263
5296.34 0.11081 0.00264
5298.65 0.11107 0.00264
5300.96 0.11132 0.00264
5303.27 0.11158 0.00265
5305.58 0.11184 0.00265
5308.22 0.11214 0.00266
5310.53 0.1124 0.00266
5312.84 0.11266 0.00267
5315.15 0.11292 0.00267
5317.46 0.11318 0.00267
5319.77 0.11344 0.00268
5322.08 0.1137 0.00268
5324.39 0.11396 0.00269
5327.03 0.11426 0.00269
5329.34 0.11452 0.00269
5331.65 0.11478 0.0027
5333.96 0.11505 0.0027
5336.27 0.11532 0.00271
5338.58 0.11559 0.00271
5340.89 0.11586 0.00272
5343.2 0.11613 0.00272
5345.51 0.11641 0.00272
5348.15 0.11672 0.00273
5350.46 0.11699 0.00273
5352.77 0.11726 0.00274
5355.08 0.11753 0.00274
5357.39 0.1178 0.00274
5359.7 0.11808 0.00275
5362.01 0.11835 0.00275
5364.32 0.11862 0.00276
5366.63 0.11889 0.00276
5369.27 0.1192 0.00277
5371.58 0.11947 0.00277
5373.89 0.11974 0.00277
5376.2 0.12002 0.00278
5378.51 0.12029 0.00278
5380.82 0.12056 0.00279
5383.13 0.12083 0.00279
5385.44 0.1211 0.0028
5387.75 0.12137 0.0028
5390.39 0.12169 0.00281
5392.7 0.12196 0.00281
5395.01 0.12223 0.00281
5397.32 0.1225 0.00282
5399.63 0.12277 0.00282
5401.94 0.12304 0.00283
5404.25 0.12332 0.00283
5406.56 0.12359 0.00284
5408.87 0.12386 0.00284
5411.51 0.12417 0.00285
5413.82 0.12444 0.00285
5416.13 0.12471 0.00285
5418.44 0.12499 0.00286
5420.75 0.12526 0.00286
5423.06 0.12553 0.00287
5425.37 0.1258 0.00287
5427.68 0.12607 0.00288
5429.99 0.12634 0.00288
5432.63 0.12665 0.00289
5434.94 0.12693 0.00289
5437.25 0.1272 0.0029
5439.56 0.12747 0.0029
5441.87 0.12774 0.0029
5444.18 0.12801 0.00291
5446.49 0.12828 0.00291
5448.8 0.12856 0.00292
5451.11 0.12883 0.00292
5453.75 0.12914 0.00293
5456.06 0.12941 0.00293
5458.37 0.12968 0.00294
5460.68 0.12995 0.00294
5462.99 0.13023 0.00295
5465.3 0.1305 0.00295
5467.61 0.13077 0.00296
5469.92 0.13104 0.00296
5472.56 0.13135 0.00297
5474.87 0.13163 0.00297
5477.18 0.13191 0.00298
5479.49 0.1322 0.00298
5481.8 0.13248 0.00298
5484.11 0.13276 0.00299
5486.42 0.13304 0.00299
5488.73 0.13332 0.003
5491.04 0.13361 0.003
5493.68 0.13393 0.00301
5495.99 0.13421 0.00301
5498.3 0.1345 0.00302
5500.61 0.13478 0.00302
5502.92 0.13507 0.00303
5505.23 0.13535 0.00303
5507.54 0.13564 0.00304
5509.85 0.13592 0.00304
5512.16 0.13621 0.00305
5514.8 0.13653 0.00305
5517.11 0.13682 0.00306
5519.42 0.13711 0.00306
5521.73 0.13739 0.00307
5524.04 0.13768 0.00307
5526.35 0.13797 0.00308
5528.66 0.13826 0.00308
5530.97 0.13855 0.00309
5533.28 0.13883 0.00309
5535.92 0.13916 0.0031
5538.23 0.13945 0.0031
5540.54 0.13974 0.00311
5542.85 0.14003 0.00311
5545.16 0.14032 0.00312
5547.47 0.14061 0.00312
5549.78 0.1409 0.00313
5552.09 0.14119 0.00313
5554.4 0.14148 0.00314
5557.04 0.14182 0.00314
5559.35 0.14211 0.00315
5561.66 0.1424 0.00315
5563.97 0.14269 0.00316
5566.28 0.14299 0.00316
5568.59 0.14328 0.00317
5570.9 0.14357 0.00317
5573.21 0.14387 0.00318
5575.52 0.14416 0.00318
5578.16 0.1445 0.00319
5580.47 0.14479 0.00319
5582.78 0.14509 0.0032
5585.09 0.14538 0.0032
5587.4 0.14568 0.00321
5589.71 0.14597 0.00321
