calculator/instruments/deimos/original_plaintext_files/GG400_600ZD.txt
# %ECSV 1.0
# ---
# datatype:
# - {name: WAV, unit: Angstrom, datatype: float32}
# - {name: EFF, unit: electron / ph, datatype: float64}
# - {name: EFF_UNC, datatype: float64}
# meta: !!omap
# - {CWAV: '5500'}
# - {FILTER: GG400}
# - {GRATING: 600ZD}
# - {GRISM: none}
# - {MODE: spectroscopic}
# - {DICHROIC: none}
# schema: astropy-2.0
WAV EFF EFF_UNC
4000.48 0.01247 0.00155
4004.32 0.01303 0.00155
4008.16 0.01359 0.00154
4012.64 0.01425 0.00154
4016.48 0.01481 0.00154
4020.32 0.01537 0.00154
4024.16 0.01593 0.00153
4028.64 0.01658 0.00153
4032.48 0.01713 0.00153
4036.32 0.01769 0.00153
4040.16 0.01825 0.00153
4044.0 0.0188 0.00153
4048.48 0.01945 0.00153
4052.32 0.02 0.00153
4056.16 0.02055 0.00153
4060.0 0.0211 0.00153
4064.48 0.02175 0.00153
4068.32 0.0223 0.00153
4072.16 0.02285 0.00154
4076.0 0.0234 0.00154
4080.48 0.02404 0.00154
4084.32 0.02458 0.00154
4088.16 0.02513 0.00155
4092.0 0.02567 0.00155
4095.84 0.02622 0.00155
4100.32 0.02686 0.00156
4104.16 0.0274 0.00156
4108.0 0.02794 0.00157
4111.84 0.02848 0.00157
4116.32 0.02912 0.00158
4120.16 0.02966 0.00158
4124.0 0.0302 0.00159
4127.84 0.03074 0.00159
4131.68 0.03127 0.0016
4136.16 0.0319 0.0016
4140.0 0.03244 0.00161
4143.84 0.03297 0.00162
4147.68 0.03351 0.00162
4152.16 0.03413 0.00163
4156.0 0.03467 0.00164
4159.84 0.0352 0.00164
4163.68 0.03573 0.00165
4168.16 0.03635 0.00166
4172.0 0.03688 0.00167
4175.84 0.03742 0.00167
4179.68 0.03794 0.00168
4183.52 0.03847 0.00169
4188.0 0.03909 0.0017
4191.84 0.03962 0.0017
4195.68 0.04014 0.00171
4199.52 0.04067 0.00172
4204.0 0.04128 0.00173
4207.84 0.04181 0.00174
4211.68 0.04233 0.00175
4215.52 0.04285 0.00175
4219.36 0.04338 0.00176
4223.84 0.04398 0.00177
4227.68 0.04451 0.00178
4231.52 0.04503 0.00179
4235.36 0.04555 0.0018
4239.84 0.04615 0.00181
4243.68 0.04667 0.00182
4247.52 0.04719 0.00183
4251.36 0.0477 0.00183
4255.84 0.0483 0.00185
4259.68 0.04882 0.00185
4263.52 0.04933 0.00186
4267.36 0.04985 0.00187
4271.2 0.05036 0.00188
4275.68 0.05096 0.00189
4279.52 0.05147 0.0019
4283.36 0.05198 0.00191
4287.2 0.05249 0.00192
4291.68 0.05308 0.00193
4295.52 0.05359 0.00194
4299.36 0.0541 0.00195
4303.2 0.05461 0.00196
4307.04 0.05511 0.00197
4311.52 0.0557 0.00198
4315.36 0.05621 0.00199
4319.2 0.05671 0.002
4323.04 0.05722 0.00201
4327.52 0.0578 0.00202
4331.36 0.0583 0.00203
4335.2 0.05881 0.00204
4339.04 0.05931 0.00205
4343.52 0.05989 0.00206
4347.36 0.06039 0.00207
4351.2 0.06089 0.00208
4355.04 0.06138 0.00209
4358.88 0.06188 0.00209
4363.36 0.06246 0.00211
4367.2 0.06296 0.00211
4371.04 0.06345 0.00212
4374.88 0.06395 0.00213
4379.36 0.06452 0.00214
4383.2 0.06501 0.00215
4387.04 0.06551 0.00216
4390.88 0.066 0.00217
4394.72 0.06649 0.00218
4399.2 0.06706 0.00219
4403.04 0.06755 0.0022
4406.88 0.06804 0.00221
4410.72 0.06853 0.00222
4415.2 0.06909 0.00223
4419.04 0.06958 0.00224
4422.88 0.07007 0.00225
4426.72 0.07055 0.00226
4431.2 0.07112 0.00227
4435.04 0.0716 0.00228
4438.88 0.07208 0.00229
4442.72 0.07256 0.0023
4446.56 0.07305 0.0023
4451.04 0.07361 0.00231
4454.88 0.07409 0.00232
4458.72 0.07457 0.00233
4462.56 0.07505 0.00234
4467.04 0.0756 0.00235
4470.88 0.07608 0.00236
4474.72 0.07656 0.00237
4478.56 0.07703 0.00238
4482.4 0.07751 0.00239
4486.88 0.07806 0.0024
4490.72 0.07854 0.00241
4494.56 0.07901 0.00241
4498.4 0.07948 0.00242
4502.88 0.08003 0.00243
4506.72 0.0805 0.00244
4510.56 0.08097 0.00245
4514.4 0.08144 0.00246
4518.88 0.08199 0.00247
4522.72 0.08246 0.00248
4526.56 0.08292 0.00248
4530.4 0.08339 0.00249
4534.24 0.08386 0.0025
4538.72 0.0844 0.00251
4542.56 0.08486 0.00252
4546.4 0.08533 0.00253
4550.24 0.08579 0.00253
4554.72 0.08633 0.00254
4558.56 0.08679 0.00255
4562.4 0.08725 0.00256
4566.24 0.08772 0.00257
4570.08 0.08818 0.00257
4574.56 0.08871 0.00258
4578.4 0.08917 0.00259
4582.24 0.08963 0.0026
4586.08 0.09008 0.00261
4590.56 0.09062 0.00262
4594.4 0.09107 0.00262
4598.24 0.09153 0.00263
4602.08 0.09198 0.00264
4606.56 0.09251 0.00265
4610.4 0.09296 0.00266
4614.24 0.09342 0.00266
4618.08 0.09387 0.00267
4621.92 0.09432 0.00268
4626.4 0.09484 0.00269
4630.24 0.09529 0.00269
4634.08 0.09574 0.0027
4637.92 0.09619 0.00271
4642.4 0.09671 0.00272
4646.24 0.09716 0.00272
4650.08 0.0976 0.00273
4653.92 0.09804 0.00274
4657.76 0.09848 0.00274
4662.24 0.09899 0.00275
4666.08 0.09943 0.00276
4669.92 0.09987 0.00276
4673.76 0.10031 0.00277
4678.24 0.10082 0.00278
4682.08 0.10126 0.00278
4685.92 0.1017 0.00279
4689.76 0.10214 0.0028
4693.6 0.10258 0.0028
4698.08 0.10309 0.00281
4701.92 0.10353 0.00282
4705.76 0.10397 0.00283
4709.6 0.10441 0.00283
4714.08 0.10493 0.00284
4717.92 0.10537 0.00285
4721.76 0.10581 0.00286
4725.6 0.10625 0.00286
4730.08 0.10675 0.00287
4733.92 0.10718 0.00288
4737.76 0.10761 0.00288
4741.6 0.10804 0.00289
4745.44 0.10847 0.00289
4749.92 0.10897 0.0029
4753.76 0.1094 0.00291
4757.6 0.10983 0.00291
4761.44 0.11026 0.00292
4765.92 0.11076 0.00293
4769.76 0.11118 0.00293
4773.6 0.11161 0.00294
4777.44 0.11203 0.00295
4781.28 0.11245 0.00295
4785.76 0.11295 0.00296
4789.6 0.11337 0.00296
4793.44 0.11379 0.00297
4797.28 0.11421 0.00298
4801.76 0.1147 0.00298
4805.6 0.11512 0.00299
4809.44 0.11554 0.00299
4813.28 0.11596 0.003
4817.76 0.11645 0.00301
4821.6 0.11687 0.00301
4825.44 0.11727 0.00302
4829.28 0.11768 0.00302
4833.12 0.11809 0.00303
4837.6 0.11856 0.00303
4841.44 0.11897 0.00304
4845.28 0.11938 0.00304
4849.12 0.11979 0.00305
4853.6 0.12026 0.00305
4857.44 0.12067 0.00306
4861.28 0.12108 0.00306
4865.12 0.12149 0.00307
4868.96 0.12189 0.00307
4873.44 0.12237 0.00308
4877.28 0.12278 0.00308
4881.12 0.12318 0.00309
4884.96 0.12359 0.00309
4889.44 0.12407 0.0031
4893.28 0.12447 0.00311
4897.12 0.12488 0.00311
4900.96 0.12529 0.00312
4905.44 0.12577 0.00312
4909.28 0.12617 0.00313
4913.12 0.12658 0.00313
4916.96 0.12699 0.00314
4920.8 0.1274 0.00314
4925.28 0.12787 0.00315
4929.12 0.12828 0.00316
4932.96 0.12869 0.00316
4936.8 0.12908 0.00317
4941.28 0.12955 0.00317
4945.12 0.12994 0.00318
4948.96 0.13034 0.00318
4952.8 0.13074 0.00319
4956.64 0.13113 0.00319
4961.12 0.13159 0.0032
4964.96 0.13198 0.0032
4968.8 0.13238 0.00321
4972.64 0.13277 0.00321
4977.12 0.13323 0.00322
4980.96 0.13362 0.00322
4984.8 0.13401 0.00322
4988.64 0.1344 0.00323
4993.12 0.13485 0.00323
4996.96 0.13524 0.00324
5000.8 0.13563 0.00324
5004.64 0.13601 0.00325
5008.48 0.1364 0.00325
5012.96 0.13685 0.00326
5016.8 0.13724 0.00326
5020.64 0.13762 0.00327
5024.48 0.138 0.00327
5028.96 0.13845 0.00328
5032.8 0.13883 0.00328
5036.64 0.13922 0.00328
5040.48 0.1396 0.00329
5044.32 0.13998 0.00329
5048.8 0.14042 0.0033
5052.64 0.1408 0.0033
5056.48 0.14118 0.00331
5060.32 0.14156 0.00331
5064.8 0.142 0.00331
5068.64 0.14237 0.00332
5072.48 0.14275 0.00332
5076.32 0.14313 0.00333
5080.8 0.14356 0.00333
5084.64 0.14394 0.00334
5088.48 0.14431 0.00334
5092.32 0.14468 0.00334
5096.16 0.14506 0.00335
5100.64 0.14549 0.00335
5104.48 0.14586 0.00336
5108.32 0.14623 0.00336
5112.16 0.1466 0.00337
5116.64 0.14703 0.00337
5120.48 0.1474 0.00337
5124.32 0.14777 0.00338
5128.16 0.14813 0.00338
5132.0 0.1485 0.00339
5136.48 0.14893 0.00339
5140.32 0.14929 0.00339
5144.16 0.14966 0.0034
5148.0 0.15002 0.0034
5152.48 0.15045 0.00341
5156.32 0.15081 0.00341
5160.16 0.15117 0.00342
5164.0 0.15153 0.00342
5168.48 0.15195 0.00342
5172.32 0.15231 0.00343
5176.16 0.15267 0.00343
5180.0 0.15303 0.00344
5183.84 0.15339 0.00344
5188.32 0.15381 0.00344
5192.16 0.15417 0.00345
5196.0 0.15452 0.00345
5199.84 0.15488 0.00346
5204.32 0.15529 0.00346
5208.16 0.15565 0.00346
5212.0 0.156 0.00347
5215.84 0.15636 0.00347
5219.68 0.15671 0.00347
5224.16 0.15712 0.00348
5228.0 0.15747 0.00348
5231.84 0.15782 0.00349
5235.68 0.15817 0.00349
5240.16 0.15858 0.0035
5244.0 0.15893 0.0035
5247.84 0.15928 0.0035
5251.68 0.15963 0.00351
5256.16 0.16003 0.00351
5260.0 0.16038 0.00351
5263.84 0.16072 0.00352
5267.68 0.16107 0.00352
5271.52 0.16141 0.00353
5276.0 0.16182 0.00353
5279.84 0.16216 0.00353
5283.68 0.1625 0.00354
5287.52 0.16284 0.00354
5292.0 0.16324 0.00355
5295.84 0.16358 0.00355
5299.68 0.16392 0.00355
5303.52 0.16426 0.00356
5307.36 0.1646 0.00356
5311.84 0.165 0.00357
5315.68 0.16534 0.00357
5319.52 0.16567 0.00357
5323.36 0.16601 0.00358
5327.84 0.1664 0.00358
5331.68 0.16674 0.00358
5335.52 0.16706 0.00359
5339.36 0.16739 0.00359
5343.2 0.16771 0.00359
5347.68 0.16809 0.0036
5351.52 0.16842 0.0036
5355.36 0.16874 0.0036
5359.2 0.16907 0.00361
5363.68 0.16944 0.00361
5367.52 0.16977 0.00362
5371.36 0.17009 0.00362
5375.2 0.17042 0.00362
5379.68 0.1708 0.00363
5383.52 0.17112 0.00363
5387.36 0.17145 0.00363
5391.2 0.17177 0.00364
5395.04 0.1721 0.00364
5399.52 0.17247 0.00365
5403.36 0.1728 0.00365
5407.2 0.17312 0.00365
5411.04 0.17345 0.00366
5415.52 0.17383 0.00366
5419.36 0.17415 0.00367
5423.2 0.17448 0.00367
5427.04 0.1748 0.00367
5430.88 0.17513 0.00368
5435.36 0.1755 0.00368
5439.2 0.17583 0.00369
5443.04 0.17615 0.00369
5446.88 0.17648 0.00369
5451.36 0.17686 0.0037
5455.2 0.17718 0.0037
5459.04 0.17751 0.00371
5462.88 0.17783 0.00371
5467.36 0.17821 0.00372
5471.2 0.17853 0.00372
5475.04 0.17885 0.00372
5478.88 0.17916 0.00373
5482.72 0.17947 0.00373
5487.2 0.17984 0.00374
5491.04 0.18015 0.00374
5509.6 0.18165 0.00376
5513.44 0.18196 0.00376
5517.92 0.18231 0.00377
5521.76 0.18262 0.00377
5525.6 0.18293 0.00378
5529.44 0.18323 0.00378
5533.28 0.18354 0.00378
5537.76 0.18389 0.00379
5541.6 0.1842 0.00379
5545.44 0.1845 0.0038
5549.28 0.1848 0.0038
5553.76 0.18516 0.0038
5557.6 0.18546 0.00381
5561.44 0.18576 0.00381
5565.28 0.18606 0.00382
5569.76 0.18641 0.00382
5573.6 0.18671 0.00382
5577.44 0.18701 0.00383
5581.28 0.18731 0.00383
5585.12 0.1876 0.00384
5589.6 0.18795 0.00384
5593.44 0.18825 0.00384
5597.28 0.18854 0.00385
5601.12 0.18884 0.00385
5605.6 0.18918 0.00386
5609.44 0.18948 0.00386
5613.28 0.18977 0.00386
5617.12 0.19006 0.00387
5620.96 0.19036 0.00387
5625.44 0.1907 0.00388
5629.28 0.19099 0.00388
5633.12 0.19128 0.00388
5636.96 0.19157 0.00389
5641.44 0.19191 0.00389
5645.28 0.19219 0.0039
5649.12 0.19248 0.0039
5652.96 0.19277 0.00391
5657.44 0.19311 0.00391
5661.28 0.19339 0.00391
5665.12 0.19368 0.00392
5668.96 0.19396 0.00392
5672.8 0.19425 0.00393
5677.28 0.19458 0.00393
5681.12 0.19486 0.00394
5684.96 0.19515 0.00394
5688.8 0.19543 0.00394
5693.28 0.19576 0.00395
5697.12 0.19604 0.00395
5700.96 0.19632 0.00396
5704.8 0.1966 0.00396
5708.64 0.19688 0.00396
5713.12 0.19721 0.00397
5716.96 0.19748 0.00397
5720.8 0.19776 0.00398
5724.64 0.19804 0.00398
5729.12 0.19836 0.00399
5732.96 0.19864 0.00399
5736.8 0.19891 0.00399
5740.64 0.19919 0.004
5745.12 0.19951 0.004
5748.96 0.19978 0.00401
5752.8 0.20006 0.00401
5756.64 0.20033 0.00402
5760.48 0.2006 0.00402
5764.96 0.20092 0.00402
5768.8 0.20119 0.00403
5772.64 0.20146 0.00403
5776.48 0.20173 0.00404
5780.96 0.20205 0.00404
5784.8 0.20232 0.00405
5788.64 0.20258 0.00405
5792.48 0.20285 0.00405
5796.32 0.20312 0.00406
5800.8 0.20343 0.00406
5804.64 0.2037 0.00407
5808.48 0.20396 0.00407
5812.32 0.20423 0.00408
5816.8 0.20454 0.00408
5820.64 0.2048 0.00408
5824.48 0.20506 0.00409
5828.32 0.20533 0.00409
5832.8 0.20563 0.0041
5836.64 0.20589 0.0041
5840.48 0.20615 0.00411
5844.32 0.20641 0.00411
5848.16 0.20667 0.00411
5852.64 0.20698 0.00412
5856.48 0.20724 0.00412
5860.32 0.20749 0.00413
5864.16 0.20775 0.00413
5868.64 0.20805 0.00414
5872.48 0.20831 0.00414
5876.32 0.20857 0.00414
5880.16 0.20882 0.00415
5884.0 0.20908 0.00415
5888.48 0.20937 0.00416
5892.32 0.20963 0.00416
5896.16 0.20988 0.00417
5900.0 0.21013 0.00417
5904.48 0.21043 0.00418
5908.32 0.21068 0.00418
5912.16 0.21093 0.00418
5916.0 0.21118 0.00419
5920.48 0.21147 0.00419
5924.32 0.21172 0.0042
5928.16 0.21197 0.0042
5932.0 0.21222 0.00421
5935.84 0.21247 0.00421
5940.32 0.21276 0.00421
5944.16 0.213 0.00422
5948.0 0.21325 0.00422
5951.84 0.2135 0.00423
5956.32 0.21378 0.00423
5960.16 0.21403 0.00424
5964.0 0.21427 0.00424
5967.84 0.21451 0.00424
5971.68 0.21476 0.00425
5976.16 0.21504 0.00425
5980.0 0.21528 0.00426
5983.84 0.21552 0.00426
5987.68 0.21576 0.00427
5992.16 0.21604 0.00427
5996.0 0.21628 0.00427
5999.84 0.21652 0.00428
6003.68 0.21676 0.00428
6008.16 0.21704 0.00429
6012.0 0.21728 0.00429
6015.84 0.21751 0.0043
6019.68 0.21775 0.0043
6023.52 0.21799 0.0043
6028.0 0.21826 0.00431
6031.84 0.2185 0.00431
6035.68 0.21873 0.00432
6039.52 0.21896 0.00432
6044.0 0.21924 0.00433
6047.84 0.21947 0.00433
6051.68 0.2197 0.00433
6055.52 0.21993 0.00434
6059.36 0.22016 0.00434
6063.84 0.22043 0.00435
6067.68 0.22066 0.00435
6071.52 0.22089 0.00435
6075.36 0.22112 0.00436
6079.84 0.22139 0.00436
6083.68 0.22162 0.00437
6087.52 0.22184 0.00437
6091.36 0.22207 0.00437
6095.2 0.2223 0.00438
6099.68 0.22256 0.00438
6103.52 0.22279 0.00439
6107.36 0.22301 0.00439
6111.2 0.22324 0.0044
6115.68 0.2235 0.0044
6119.52 0.22372 0.0044
6123.36 0.22394 0.00441
6127.2 0.22417 0.00441
6131.68 0.22442 0.00442
6135.52 0.22465 0.00442
6139.36 0.22487 0.00442
6143.2 0.22509 0.00443
6147.04 0.22531 0.00443
6151.52 0.22556 0.00444
6155.36 0.22578 0.00444
6159.2 0.226 0.00444
6163.04 0.22622 0.00445
6167.52 0.22647 0.00445
6171.36 0.22668 0.00446
6175.2 0.2269 0.00446
6179.04 0.22712 0.00446
6182.88 0.22733 0.00447
6187.36 0.22758 0.00447
6191.2 0.22779 0.00448
6195.04 0.22801 0.00448
6198.88 0.22822 0.00448
6203.36 0.22847 0.00449
6207.2 0.22868 0.00449
6211.04 0.22889 0.00449
6214.88 0.2291 0.0045
6219.36 0.22935 0.0045
6223.2 0.22956 0.00451
6227.04 0.22977 0.00451
6230.88 0.22998 0.00451
6234.72 0.23018 0.00452
6239.2 0.23043 0.00452
6243.04 0.23063 0.00452
6246.88 0.23084 0.00453
6250.72 0.23105 0.00453
6255.2 0.23129 0.00454
6259.04 0.23149 0.00454
6262.88 0.23169 0.00454
6266.72 0.2319 0.00455
6270.56 0.2321 0.00455
6275.04 0.23234 0.00455
6278.88 0.23254 0.00456
6282.72 0.23274 0.00456
6286.56 0.23294 0.00456
6291.04 0.23317 0.00457
6294.88 0.23337 0.00457
6298.72 0.23357 0.00457
6302.56 0.23376 0.00458
6307.04 0.234 0.00458
6310.88 0.23419 0.00458
6314.72 0.23439 0.00459
6318.56 0.23459 0.00459
6322.4 0.23479 0.00459
6326.88 0.23502 0.0046
6330.72 0.23522 0.0046
6334.56 0.23542 0.00461
6338.4 0.23561 0.00461
6342.88 0.23585 0.00461
6346.72 0.23604 0.00462
6350.56 0.23623 0.00462
6354.4 0.23643 0.00462
6358.24 0.23662 0.00463
6362.72 0.23684 0.00463
6366.56 0.23703 0.00463
6370.4 0.23722 0.00464
6374.24 0.23741 0.00464
6378.72 0.23764 0.00464
6382.56 0.23783 0.00465
6386.4 0.23801 0.00465
6390.24 0.2382 0.00465
6394.72 0.23842 0.00466
6398.56 0.23861 0.00466
6402.4 0.2388 0.00466
6406.24 0.23898 0.00466
6410.08 0.23917 0.00467
6414.56 0.23939 0.00467
6418.4 0.23957 0.00467
6422.24 0.23975 0.00468
6426.08 0.23994 0.00468
6430.56 0.24015 0.00468
6434.4 0.24034 0.00469
6438.24 0.24052 0.00469
6442.08 0.2407 0.00469
6445.92 0.24088 0.00469
6450.4 0.24109 0.0047
6454.24 0.24127 0.0047
6458.08 0.24145 0.0047
6461.92 0.24163 0.00471
6466.4 0.24184 0.00471
6470.24 0.24202 0.00471
6474.08 0.2422 0.00471
6477.92 0.24238 0.00472
6482.4 0.24258 0.00472
6486.24 0.24276 0.00472
6490.08 0.24294 0.00472
6493.92 0.24311 0.00473
6497.76 0.24329 0.00473
6502.24 0.24349 0.00473
6506.08 0.24366 0.00473
6509.92 0.24384 0.00474
6513.76 0.24401 0.00474
6518.24 0.24421 0.00474
6522.08 0.24439 0.00475
6525.92 0.24456 0.00475
6529.76 0.24473 0.00475
6533.6 0.2449 0.00475
6538.08 0.2451 0.00476
6541.92 0.24526 0.00476
6545.76 0.24543 0.00476
6549.6 0.24559 0.00476
6554.08 0.24579 0.00476
6557.92 0.24595 0.00477
6561.76 0.24612 0.00477
6565.6 0.24628 0.00477
6570.08 0.24648 0.00477
6573.92 0.24664 0.00477
6577.76 0.24681 0.00478
6581.6 0.24697 0.00478
6585.44 0.24714 0.00478
6589.92 0.24733 0.00478
6593.76 0.2475 0.00479
6597.6 0.24766 0.00479
6601.44 0.24783 0.00479
6605.92 0.24802 0.00479
6609.76 0.24819 0.0048
6613.6 0.24835 0.0048
6617.44 0.24851 0.0048
6621.28 0.24867 0.0048
6625.76 0.24886 0.0048
6629.6 0.24902 0.00481
6633.44 0.24918 0.00481
6637.28 0.24934 0.00481
6641.76 0.24952 0.00481
6645.6 0.24968 0.00481
6649.44 0.24984 0.00482
6653.28 0.24999 0.00482
6657.76 0.25017 0.00482
6661.6 0.25033 0.00482
6665.44 0.25048 0.00482
6669.28 0.25064 0.00483
6673.12 0.25079 0.00483
6677.6 0.25097 0.00483
6681.44 0.25113 0.00483
6685.28 0.25128 0.00483
6689.12 0.25143 0.00483
6693.6 0.25161 0.00484
6697.44 0.25176 0.00484
6701.28 0.25191 0.00484
6705.12 0.25206 0.00484
6708.96 0.25221 0.00484
6713.44 0.25239 0.00485
