calculator/instruments/deimos/original_plaintext_files/GG400_1200B.txt
# %ECSV 1.0
# ---
# datatype:
# - {name: WAV, unit: Angstrom, datatype: float32}
# - {name: EFF, unit: electron / ph, datatype: float64}
# - {name: EFF_UNC, datatype: float64}
# meta: !!omap
# - {CWAV: '5000'}
# - {FILTER: GG400}
# - {GRATING: 1200B}
# - {GRISM: none}
# - {MODE: spectroscopic}
# schema: astropy-2.0
WAV EFF EFF_UNC
4000.1 0.04862 0.00084
4002.41 0.04909 0.00083
4004.72 0.04956 0.00082
4007.03 0.05003 0.00081
4009.34 0.0505 0.0008
4011.98 0.05103 0.00079
4014.29 0.0515 0.00078
4016.6 0.05196 0.00077
4018.91 0.05243 0.00076
4021.22 0.05289 0.00075
4023.53 0.05335 0.00074
4025.84 0.05381 0.00074
4028.15 0.05427 0.00073
4030.46 0.05473 0.00072
4033.1 0.05526 0.00071
4035.41 0.05571 0.0007
4037.72 0.05617 0.00069
4040.03 0.05662 0.00068
4042.34 0.05708 0.00067
4044.65 0.05753 0.00067
4046.96 0.05798 0.00066
4049.27 0.05843 0.00065
4051.58 0.05888 0.00064
4054.22 0.05939 0.00063
4056.53 0.05983 0.00062
4058.84 0.06028 0.00062
4061.15 0.06072 0.00061
4063.46 0.06117 0.0006
4065.77 0.06161 0.00059
4068.08 0.06205 0.00059
4070.39 0.06249 0.00058
4073.03 0.06299 0.00057
4075.34 0.06343 0.00056
4077.65 0.06387 0.00055
4079.96 0.0643 0.00055
4082.27 0.06474 0.00054
4084.58 0.06517 0.00053
4086.89 0.0656 0.00052
4089.2 0.06603 0.00052
4091.51 0.06646 0.00051
4094.15 0.06695 0.0005
4096.46 0.06738 0.00049
4098.77 0.06781 0.00049
4101.08 0.06823 0.00048
4103.39 0.06866 0.00047
4105.7 0.06908 0.00047
4108.01 0.06951 0.00046
4110.32 0.06993 0.00045
4112.63 0.07035 0.00045
4115.27 0.07083 0.00044
4117.58 0.07124 0.00043
4119.89 0.07166 0.00042
4122.2 0.07208 0.00042
4124.51 0.07249 0.00041
4126.82 0.07291 0.0004
4129.13 0.07332 0.0004
4131.44 0.07373 0.00039
4133.75 0.07414 0.00039
4136.39 0.07461 0.00038
4138.7 0.07502 0.00037
4141.01 0.07543 0.00037
4143.32 0.07583 0.00036
4145.63 0.07624 0.00035
4147.94 0.07664 0.00035
4150.25 0.07705 0.00034
4152.56 0.07745 0.00034
4154.87 0.07785 0.00033
4157.51 0.07831 0.00032
4159.82 0.07871 0.00032
4162.13 0.07911 0.00031
4164.44 0.0795 0.00031
4166.75 0.0799 0.0003
4169.06 0.0803 0.00029
4171.37 0.08069 0.00029
4173.68 0.08108 0.00028
4175.99 0.08148 0.00028
4178.63 0.08192 0.00027
4180.94 0.08231 0.00027
4183.25 0.0827 0.00026
4185.56 0.08309 0.00025
4187.87 0.08348 0.00025
4190.18 0.08386 0.00024
4192.49 0.08425 0.00024
4194.8 0.08463 0.00023
4197.11 0.08501 0.00023
4199.75 0.08545 0.00022
4202.06 0.08583 0.00022
4204.37 0.08621 0.00021
4206.68 0.08659 0.00021
4208.99 0.08697 0.0002
4211.3 0.08734 0.0002
4213.61 0.08772 0.00019
4215.92 0.08809 0.00019
4218.56 0.08852 0.00018
4220.87 0.08889 0.00018
4223.18 0.08927 0.00017
4225.49 0.08964 0.00017
4227.8 0.09001 0.00016
4230.11 0.09037 0.00016
4232.42 0.09074 0.00016
4234.73 0.09111 0.00015
4237.04 0.09147 0.00015
4239.68 0.09189 0.00014
4241.99 0.09226 0.00014
4244.3 0.09262 0.00013
4246.61 0.09298 0.00013
4248.92 0.09334 0.00013
4251.23 0.0937 0.00012
4253.54 0.09406 0.00012
4255.85 0.09442 0.00011
4258.16 0.09477 0.00011
4260.8 0.09518 0.0001
4263.11 0.09554 0.0001
4265.42 0.09589 0.0001
4267.73 0.09624 9e-05
4270.04 0.09659 9e-05
4272.35 0.09694 9e-05
4274.66 0.09729 8e-05
4276.97 0.09764 8e-05
4279.28 0.09799 7e-05
4281.92 0.09839 7e-05
4284.23 0.09873 7e-05
4286.54 0.09908 6e-05
4288.85 0.09942 6e-05
4291.16 0.09977 6e-05
4293.47 0.10011 5e-05
4295.78 0.10045 5e-05
4298.09 0.10079 5e-05
4300.4 0.10113 4e-05
4303.04 0.10152 4e-05
4305.35 0.10185 4e-05
4307.66 0.10219 3e-05
4309.97 0.10253 3e-05
4312.28 0.10286 3e-05
4314.59 0.10319 2e-05
4316.9 0.10353 2e-05
4319.21 0.10386 2e-05
4321.52 0.10419 1e-05
4324.16 0.10457 1e-05
4326.47 0.1049 1e-05
4328.78 0.10522 1e-05
4331.09 0.10555 0.0
4333.4 0.10588 0.0
4335.71 0.1062 0.0
4338.02 0.10653 1e-05
4340.33 0.10685 1e-05
4342.64 0.10717 1e-05
4345.28 0.10754 1e-05
4347.59 0.10786 2e-05
4349.9 0.10818 2e-05
4352.21 0.1085 2e-05
4354.52 0.10881 2e-05
4356.83 0.10913 3e-05
4359.14 0.10945 3e-05
4361.45 0.10976 3e-05
4364.09 0.11012 3e-05
4366.4 0.11043 4e-05
4368.71 0.11075 4e-05
4371.02 0.11106 4e-05
4373.33 0.11137 4e-05
4375.64 0.11168 4e-05
4377.95 0.11199 5e-05
4380.26 0.11229 5e-05
4382.57 0.1126 5e-05
4385.21 0.11295 5e-05
4387.52 0.11325 5e-05
4389.83 0.11356 6e-05
4392.14 0.11386 6e-05
4394.45 0.11416 6e-05
4396.76 0.11446 6e-05
4399.07 0.11476 6e-05
4401.38 0.11506 7e-05
4403.69 0.11536 7e-05
4406.33 0.1157 7e-05
4408.64 0.116 7e-05
4410.95 0.11629 7e-05
4413.26 0.11659 7e-05
4415.57 0.11688 8e-05
4417.88 0.11718 8e-05
4420.19 0.11747 8e-05
4422.5 0.11776 8e-05
4424.81 0.11805 8e-05
4427.45 0.11838 8e-05
4429.76 0.11867 8e-05
4432.07 0.11896 9e-05
4434.38 0.11925 9e-05
4436.69 0.11953 9e-05
4439.0 0.11982 9e-05
4441.31 0.1201 9e-05
4443.62 0.12038 9e-05
4445.93 0.12067 9e-05
4448.57 0.12099 0.0001
4450.88 0.12127 0.0001
4453.19 0.12155 0.0001
4455.5 0.12183 0.0001
4457.81 0.12211 0.0001
4460.12 0.12238 0.0001
4462.43 0.12266 0.0001
4464.74 0.12294 0.0001
4467.05 0.12321 0.0001
4469.69 0.12352 0.0001
4472.0 0.1238 0.0001
4474.31 0.12407 0.00011
4476.62 0.12434 0.00011
4478.93 0.12461 0.00011
4481.24 0.12488 0.00011
4483.55 0.12515 0.00011
4485.86 0.12542 0.00011
4488.5 0.12572 0.00011
4490.81 0.12599 0.00011
4493.12 0.12625 0.00011
4495.43 0.12652 0.00011
4497.74 0.12678 0.00011
4500.05 0.12705 0.00011
4502.36 0.12731 0.00011
4504.67 0.12757 0.00011
4506.98 0.12783 0.00011
4509.62 0.12813 0.00011
4511.93 0.12838 0.00012
4514.24 0.12864 0.00012
4516.55 0.1289 0.00012
4518.86 0.12916 0.00012
4521.17 0.12941 0.00012
4523.48 0.12967 0.00012
4525.79 0.12992 0.00012
4528.1 0.13017 0.00012
4530.74 0.13046 0.00012
4533.05 0.13071 0.00012
4535.36 0.13096 0.00012
4537.67 0.13121 0.00012
4539.98 0.13146 0.00012
4542.29 0.13171 0.00012
4544.6 0.13196 0.00012
4546.91 0.1322 0.00012
4549.22 0.13245 0.00012
4551.86 0.13273 0.00012
4554.17 0.13297 0.00012
4556.48 0.13321 0.00012
4558.79 0.13346 0.00012
4561.1 0.1337 0.00012
4563.41 0.13394 0.00012
4565.72 0.13418 0.00012
4568.03 0.13442 0.00012
4570.34 0.13466 0.00012
4572.98 0.13493 0.00012
4575.29 0.13516 0.00012
4577.6 0.1354 0.00012
4579.91 0.13564 0.00012
4582.22 0.13587 0.00011
4584.53 0.1361 0.00011
4586.84 0.13634 0.00011
4589.15 0.13657 0.00011
4591.46 0.1368 0.00011
4594.1 0.13706 0.00011
4596.41 0.13729 0.00011
4598.72 0.13752 0.00011
4601.03 0.13775 0.00011
4603.34 0.13798 0.00011
4605.65 0.1382 0.00011
4607.96 0.13843 0.00011
4610.27 0.13865 0.00011
4612.58 0.13888 0.00011
4615.22 0.13913 0.00011
4617.53 0.13935 0.00011
4619.84 0.13958 0.00011
4622.15 0.1398 0.00011
4624.46 0.14002 0.0001
4626.77 0.14024 0.0001
4629.08 0.14046 0.0001
4631.39 0.14067 0.0001
4634.03 0.14092 0.0001
4636.34 0.14114 0.0001
4638.65 0.14135 0.0001
4640.96 0.14157 0.0001
4643.27 0.14178 0.0001
4645.58 0.142 0.0001
4647.89 0.14221 0.0001
4650.2 0.14241 0.0001
4652.51 0.14261 9e-05
4655.15 0.14284 9e-05
4657.46 0.14304 9e-05
4659.77 0.14324 9e-05
4662.08 0.14344 9e-05
4664.39 0.14364 9e-05
4666.7 0.14384 9e-05
4669.01 0.14404 9e-05
4671.32 0.14424 8e-05
4673.63 0.14444 8e-05
4676.27 0.14467 8e-05
4678.58 0.14487 8e-05
4680.89 0.14507 8e-05
4683.2 0.14527 8e-05
4685.51 0.14547 8e-05
4687.82 0.14567 8e-05
4690.13 0.14587 7e-05
4692.44 0.14607 7e-05
4694.75 0.14627 7e-05
4697.39 0.1465 7e-05
4699.7 0.1467 7e-05
4702.01 0.1469 7e-05
4704.32 0.1471 7e-05
4706.63 0.1473 7e-05
4708.94 0.1475 6e-05
4711.25 0.1477 6e-05
4713.56 0.1479 6e-05
4715.87 0.1481 6e-05
4718.51 0.14833 6e-05
4720.82 0.14853 6e-05
4723.13 0.14873 6e-05
4725.44 0.14893 6e-05
4727.75 0.14912 5e-05
4730.06 0.1493 5e-05
4732.37 0.14949 5e-05
4734.68 0.14968 5e-05
4736.99 0.14986 5e-05
4739.63 0.15007 5e-05
4741.94 0.15025 5e-05
4744.25 0.15044 4e-05
4746.56 0.15062 4e-05
4748.87 0.1508 4e-05
4751.18 0.15098 4e-05
4753.49 0.15116 4e-05
4755.8 0.15134 4e-05
4758.11 0.15152 3e-05
4760.75 0.15172 3e-05
4763.06 0.1519 3e-05
4765.37 0.15208 3e-05
4767.68 0.15225 3e-05
4769.99 0.15243 3e-05
4772.3 0.1526 2e-05
4774.61 0.15278 2e-05
4776.92 0.15295 2e-05
4779.56 0.15315 2e-05
4781.87 0.15332 2e-05
4784.18 0.15349 2e-05
4786.49 0.15366 1e-05
4788.8 0.15383 1e-05
4791.11 0.154 1e-05
4793.42 0.15417 1e-05
4795.73 0.15434 1e-05
4798.04 0.15451 0.0
4800.68 0.1547 0.0
4802.99 0.15486 0.0
4805.3 0.15503 0.0
4807.61 0.15519 0.0
4809.92 0.15536 0.0
4812.23 0.15552 1e-05
4814.54 0.15568 1e-05
4816.85 0.15584 1e-05
4819.16 0.15601 1e-05
4821.8 0.15619 1e-05
4824.11 0.15635 2e-05
4826.42 0.1565 2e-05
4828.73 0.15664 2e-05
4831.04 0.15679 2e-05
4833.35 0.15693 2e-05
4835.66 0.15708 3e-05
4837.97 0.15722 3e-05
4840.28 0.15737 3e-05
4842.92 0.15753 3e-05
4845.23 0.15768 3e-05
4847.54 0.15782 4e-05
4849.85 0.15797 4e-05
4852.16 0.15811 4e-05
4854.47 0.15826 4e-05
4856.78 0.1584 4e-05
4859.09 0.15855 5e-05
4861.4 0.1587 5e-05
4864.04 0.15886 5e-05
4866.35 0.15901 5e-05
4868.66 0.15915 6e-05
4870.97 0.1593 6e-05
4873.28 0.15944 6e-05
4875.59 0.15959 6e-05
4877.9 0.15973 6e-05
4880.21 0.15988 7e-05
4882.52 0.16002 7e-05
4885.16 0.16019 7e-05
4887.47 0.16034 7e-05
4889.78 0.16048 7e-05
4892.09 0.16063 8e-05
4894.4 0.16077 8e-05
4896.71 0.16092 8e-05
4899.02 0.16106 8e-05
4901.33 0.16121 8e-05
4903.97 0.16137 9e-05
4906.28 0.16152 9e-05
4908.59 0.16166 9e-05
4910.9 0.16181 9e-05
4913.21 0.16195 9e-05
4915.52 0.1621 0.0001
4917.83 0.16224 0.0001
4920.14 0.16239 0.0001
4922.45 0.16254 0.0001
4925.09 0.1627 0.0001
4927.4 0.16285 0.00011
4929.71 0.16299 0.00011
4932.02 0.16314 0.00011
4934.33 0.16327 0.00011
4936.64 0.1634 0.00012
4938.95 0.16353 0.00012
4941.26 0.16366 0.00012
4943.57 0.16379 0.00012
4946.21 0.16393 0.00012
4948.52 0.16406 0.00013
4950.83 0.16419 0.00013
4953.14 0.16431 0.00013
4955.45 0.16444 0.00013
4957.76 0.16457 0.00013
4960.07 0.16469 0.00014
4962.38 0.16481 0.00014
4964.69 0.16494 0.00014
4967.33 0.16508 0.00014
4969.64 0.1652 0.00015
4971.95 0.16532 0.00015
4974.26 0.16544 0.00015
4976.57 0.16557 0.00015
4978.88 0.16569 0.00015
4981.19 0.1658 0.00016
4983.5 0.16592 0.00016
4985.81 0.16604 0.00016
4988.45 0.16618 0.00016
4990.76 0.16629 0.00016
4993.07 0.16641 0.00017
4995.38 0.16653 0.00017
5005.28 0.16702 0.00018
5007.59 0.16713 0.00018
5009.9 0.16725 0.00018
5012.21 0.16736 0.00018
5014.52 0.16747 0.00019
5017.16 0.1676 0.00019
5019.47 0.16771 0.00019
5021.78 0.16782 0.00019
5024.09 0.16793 0.0002
5026.4 0.16804 0.0002
5028.71 0.16815 0.0002
5031.02 0.16826 0.0002
5033.33 0.16836 0.0002
5035.64 0.16847 0.00021
5038.28 0.16859 0.00021
5040.59 0.1687 0.00021
5042.9 0.1688 0.00021
5045.21 0.16891 0.00021
5047.52 0.16901 0.00022
5049.83 0.16912 0.00022
5052.14 0.16922 0.00022
5054.45 0.16932 0.00022
5057.09 0.16944 0.00022
5059.4 0.16954 0.00023
5061.71 0.16964 0.00023
5064.02 0.16975 0.00023
5066.33 0.16985 0.00023
5068.64 0.16995 0.00023
5070.95 0.17004 0.00024
5073.26 0.17014 0.00024
5075.57 0.17024 0.00024
5078.21 0.17035 0.00024
5080.52 0.17045 0.00024
5082.83 0.17055 0.00025
5085.14 0.17064 0.00025
5087.45 0.17074 0.00025
5089.76 0.17084 0.00025
5092.07 0.17093 0.00025
5094.38 0.17103 0.00026
5096.69 0.17112 0.00026
5099.33 0.17123 0.00026
5101.64 0.17132 0.00026
5103.95 0.17141 0.00026
5106.26 0.1715 0.00027
5108.57 0.17159 0.00027
5110.88 0.17169 0.00027
5113.19 0.17178 0.00027
5115.5 0.17187 0.00027
5117.81 0.17196 0.00027
5120.45 0.17206 0.00028
5122.76 0.17215 0.00028
5125.07 0.17223 0.00028
5127.38 0.17232 0.00028
5129.69 0.17241 0.00028
5132.0 0.1725 0.00029
5134.31 0.17258 0.00029
5136.62 0.17267 0.00029
5138.93 0.17275 0.00029
5141.57 0.17285 0.00029
5143.88 0.17294 0.00029
5146.19 0.17302 0.0003
5148.5 0.1731 0.0003
5150.81 0.17319 0.0003
5153.12 0.17327 0.0003
5155.43 0.17335 0.0003
5157.74 0.17343 0.0003
5160.05 0.17351 0.00031
5162.69 0.17361 0.00031
5165.0 0.17369 0.00031
5167.31 0.17377 0.00031
5169.62 0.17385 0.00031
5171.93 0.17393 0.00031
5174.24 0.174 0.00032
5176.55 0.17408 0.00032
5178.86 0.17416 0.00032
5181.5 0.17425 0.00032
5183.81 0.17432 0.00032
5186.12 0.1744 0.00032
5188.43 0.17448 0.00033
5190.74 0.17455 0.00033
5193.05 0.17463 0.00033
5195.36 0.1747 0.00033
5197.67 0.17478 0.00033
5199.98 0.17485 0.00033
5202.62 0.17493 0.00033
5204.93 0.17501 0.00034
5207.24 0.17508 0.00034
5209.55 0.17515 0.00034
5211.86 0.17522 0.00034
5214.17 0.17529 0.00034
5216.48 0.17537 0.00034
5218.79 0.17544 0.00034
5221.1 0.17551 0.00034
5223.74 0.17559 0.00035
5226.05 0.17565 0.00035
5228.36 0.17572 0.00035
5230.67 0.17579 0.00035
5232.98 0.17586 0.00035
5235.29 0.17593 0.00035
5237.6 0.17599 0.00035
5239.91 0.17606 0.00035
5242.22 0.17613 0.00036
5244.86 0.1762 0.00036
5247.17 0.17627 0.00036
5249.48 0.17633 0.00036
5251.79 0.1764 0.00036
5254.1 0.17646 0.00036
5256.41 0.17653 0.00036
5258.72 0.17659 0.00036
5261.03 0.17665 0.00036
5263.34 0.17672 0.00037
5265.98 0.17679 0.00037
5268.29 0.17685 0.00037
5270.6 0.17691 0.00037
5272.91 0.17697 0.00037
5275.22 0.17703 0.00037
5277.53 0.17709 0.00037
5279.84 0.17715 0.00037
5282.15 0.17721 0.00037
5284.46 0.17727 0.00037
5287.1 0.17734 0.00037
5289.41 0.1774 0.00038
5291.72 0.17746 0.00038
5294.03 0.17751 0.00038
5296.34 0.17757 0.00038
5298.65 0.17763 0.00038
5300.96 0.17768 0.00038
5303.27 0.17774 0.00038
5305.58 0.1778 0.00038
5308.22 0.17786 0.00038
5310.53 0.17792 0.00038
5312.84 0.17797 0.00038
5315.15 0.17803 0.00038
5317.46 0.17808 0.00038
5319.77 0.17813 0.00038
5322.08 0.17819 0.00038
5324.39 0.17824 0.00038
5327.03 0.1783 0.00039
5329.34 0.17835 0.00039
5331.65 0.1784 0.00039
5333.96 0.17846 0.00039
5336.27 0.1785 0.00039
5338.58 0.17854 0.00039
5340.89 0.17858 0.00039
5343.2 0.17862 0.00039
5345.51 0.17867 0.00039
5348.15 0.17871 0.00038
5350.46 0.17876 0.00038
5352.77 0.1788 0.00038
5355.08 0.17884 0.00038
5357.39 0.17888 0.00038
5359.7 0.17892 0.00038
5362.01 0.17897 0.00038
5364.32 0.17901 0.00038
5366.63 0.17905 0.00038
5369.27 0.1791 0.00038
5371.58 0.17914 0.00038
5373.89 0.17918 0.00038
5376.2 0.17922 0.00038
5378.51 0.17927 0.00038
5380.82 0.17931 0.00038
5383.13 0.17935 0.00038
5385.44 0.17939 0.00038
5387.75 0.17943 0.00038
5390.39 0.17948 0.00038
5392.7 0.17952 0.00038
5395.01 0.17957 0.00038
5397.32 0.17961 0.00038
5399.63 0.17965 0.00038
5401.94 0.17969 0.00038
5404.25 0.17974 0.00038
5406.56 0.17978 0.00038
5408.87 0.17982 0.00038
5411.51 0.17987 0.00038
5413.82 0.17991 0.00038
5416.13 0.17995 0.00037
5418.44 0.17999 0.00037
5420.75 0.18004 0.00037
5423.06 0.18008 0.00037
5425.37 0.18012 0.00037
5427.68 0.18016 0.00037
5429.99 0.1802 0.00037
5432.63 0.18025 0.00037
5434.94 0.18029 0.00037
5437.25 0.18034 0.00037
5439.56 0.18038 0.00037
5441.87 0.18042 0.00037
5444.18 0.18046 0.00037
5446.49 0.1805 0.00037
5448.8 0.18055 0.00037
5451.11 0.18059 0.00037
5453.75 0.18064 0.00037
5456.06 0.18068 0.00037
5458.37 0.18072 0.00037
5460.68 0.18076 0.00037
5462.99 0.1808 0.00037
5465.3 0.18085 0.00037
5467.61 0.18089 0.00037
5469.92 0.18093 0.00037
5472.56 0.18098 0.00037
5474.87 0.18101 0.00037
5477.18 0.18104 0.00036
5479.49 0.18108 0.00036
5481.8 0.18111 0.00036
5484.11 0.18114 0.00036
5486.42 0.18117 0.00036
5488.73 0.18121 0.00036
5491.04 0.18124 0.00036
5493.68 0.18127 0.00035
5495.99 0.1813 0.00035
5498.3 0.18133 0.00035
5500.61 0.18136 0.00035
5502.92 0.18139 0.00035
5505.23 0.18142 0.00035
5507.54 0.18145 0.00035
5509.85 0.18148 0.00034
5512.16 0.18151 0.00034
5514.8 0.18155 0.00034
5517.11 0.18157 0.00034
5519.42 0.1816 0.00034
5521.73 0.18163 0.00034
5524.04 0.18166 0.00033
5526.35 0.18169 0.00033
5528.66 0.18171 0.00033
5530.97 0.18174 0.00033
5533.28 0.18177 0.00033
5535.92 0.1818 0.00032
5538.23 0.18183 0.00032
5540.54 0.18185 0.00032
5542.85 0.18188 0.00032
5545.16 0.1819 0.00032
5547.47 0.18193 0.00031
5549.78 0.18196 0.00031
5552.09 0.18198 0.00031
5554.4 0.18201 0.00031
5557.04 0.18203 0.0003
5559.35 0.18206 0.0003
5561.66 0.18208 0.0003
5563.97 0.18211 0.0003
5566.28 0.18213 0.00029
5568.59 0.18216 0.00029
5570.9 0.18218 0.00029
5573.21 0.1822 0.00029
5575.52 0.18223 0.00028
5578.16 0.18225 0.00028
5580.47 0.18227 0.00028
5582.78 0.1823 0.00028
5585.09 0.18232 0.00027
5587.4 0.18234 0.00027
5589.71 0.18236 0.00027
5592.02 0.18238 0.00026
5594.33 0.18241 0.00026
5596.97 0.18243 0.00026
5599.28 0.18245 0.00026
5601.59 0.18247 0.00025
5603.9 0.18249 0.00025
5606.21 0.18251 0.00025
5608.52 0.18253 0.00024
5610.83 0.18255 0.00024
5613.14 0.18257 0.00024
5615.45 0.18259 0.00023
5618.09 0.18262 0.00023
5620.4 0.18264 0.00023
5622.71 0.18266 0.00022
5625.02 0.18267 0.00022
5627.33 0.18269 0.00022
