calculator/instruments/deimos/original_plaintext_files/GG455_600ZD.txt
# %ECSV 1.0
# ---
# datatype:
# - {name: WAV, unit: Angstrom, datatype: float32}
# - {name: EFF, unit: electron / ph, datatype: float64}
# - {name: EFF_UNC, datatype: float64}
# meta: !!omap
# - {CWAV: '6500'}
# - {FILTER: GG455}
# - {GRATING: 600ZD}
# - {GRISM: none}
# - {MODE: spectroscopic}
# schema: astropy-2.0
WAV EFF EFF_UNC
4400.16 0.01766 0.00513
4404.64 0.01869 0.00504
4409.12 0.01972 0.00495
4413.6 0.02074 0.00486
4417.44 0.02162 0.00479
4421.92 0.02263 0.00471
4426.4 0.02365 0.00463
4430.88 0.02466 0.00455
4435.36 0.02567 0.00447
4439.84 0.02667 0.0044
4444.32 0.02767 0.00433
4448.16 0.02853 0.00427
4452.64 0.02952 0.0042
4457.12 0.03051 0.00414
4461.6 0.03149 0.00407
4466.08 0.03248 0.00401
4470.56 0.03346 0.00396
4474.4 0.03429 0.00391
4478.88 0.03527 0.00386
4483.36 0.03624 0.00381
4487.84 0.0372 0.00376
4492.32 0.03816 0.00372
4496.8 0.03912 0.00367
4501.28 0.04008 0.00364
4505.12 0.04089 0.0036
4509.6 0.04184 0.00357
4514.08 0.04279 0.00354
4518.56 0.04373 0.00351
4523.04 0.04467 0.00349
4527.52 0.0456 0.00347
4532.0 0.04654 0.00345
4535.84 0.04733 0.00343
4540.32 0.04826 0.00342
4544.8 0.04918 0.00341
4549.28 0.0501 0.0034
4553.76 0.05101 0.00339
4558.24 0.05193 0.00339
4562.72 0.05283 0.00339
4566.56 0.05361 0.00339
4571.04 0.05451 0.0034
4575.52 0.05541 0.0034
4580.0 0.05631 0.00341
4584.48 0.0572 0.00342
4588.96 0.05809 0.00344
4592.8 0.05885 0.00345
4597.28 0.05973 0.00347
4601.76 0.06061 0.00348
4606.24 0.06149 0.00351
4610.72 0.06236 0.00353
4615.2 0.06323 0.00355
4619.68 0.0641 0.00358
4623.52 0.06484 0.0036
4628.0 0.0657 0.00363
4632.48 0.06655 0.00366
4636.96 0.06741 0.00369
4641.44 0.06826 0.00372
4645.92 0.06911 0.00376
4650.4 0.06992 0.00379
4654.24 0.07062 0.00382
4658.72 0.07144 0.00385
4663.2 0.07226 0.00388
4667.68 0.07307 0.00392
4672.16 0.07389 0.00396
4676.64 0.07471 0.00399
4681.12 0.07552 0.00403
4684.96 0.07622 0.00407
4689.44 0.07704 0.00411
4693.92 0.07785 0.00415
4698.4 0.07867 0.00419
4702.88 0.07949 0.00424
4707.36 0.0803 0.00428
4711.2 0.081 0.00432
4715.68 0.08182 0.00437
4720.16 0.08264 0.00441
4724.64 0.08345 0.00446
4729.12 0.08427 0.00451
4733.6 0.08506 0.00455
4738.08 0.08584 0.0046
4741.92 0.08651 0.00464
4746.4 0.08728 0.00468
4750.88 0.08806 0.00472
4755.36 0.08883 0.00477
4759.84 0.0896 0.00481
4764.32 0.09036 0.00486
4768.8 0.09112 0.0049
4772.64 0.09178 0.00494
4777.12 0.09253 0.00498
4781.6 0.09329 0.00503
4786.08 0.09404 0.00507
4790.56 0.09478 0.00511
4795.04 0.09553 0.00516
4799.52 0.09627 0.0052
4803.36 0.0969 0.00524
4807.84 0.09764 0.00528
4812.32 0.09837 0.00532
4816.8 0.0991 0.00536
4821.28 0.09983 0.0054
4825.76 0.10052 0.00544
4829.6 0.10111 0.00547
4834.08 0.1018 0.00551
4838.56 0.10249 0.00554
4843.04 0.10319 0.00558
4847.52 0.10388 0.00562
4852.0 0.10457 0.00565
4856.48 0.10526 0.00569
4860.32 0.10585 0.00572
4864.8 0.10654 0.00576
4869.28 0.10723 0.0058
4873.76 0.10792 0.00584
4878.24 0.10861 0.00587
4882.72 0.1093 0.00591
4887.2 0.11 0.00595
4891.04 0.11059 0.00598
4895.52 0.11128 0.00602
4900.0 0.11197 0.00606
4904.48 0.11266 0.0061
4908.96 0.11335 0.00614
4913.44 0.11404 0.00618
4917.92 0.11473 0.00622
4921.76 0.11532 0.00625
4926.24 0.11602 0.00629
4930.72 0.11671 0.00633
4935.2 0.11736 0.00637
4939.68 0.11801 0.0064
4944.16 0.11866 0.00643
4948.64 0.11931 0.00647
4952.48 0.11986 0.00649
4956.96 0.12051 0.00652
4961.44 0.12115 0.00656
4965.92 0.12178 0.00659
4970.4 0.12242 0.00662
4974.88 0.12305 0.00665
4978.72 0.12359 0.00667
4983.2 0.12421 0.0067
4987.68 0.12484 0.00673
4992.16 0.12546 0.00676
4996.64 0.12608 0.00679
5001.12 0.12669 0.00682
5005.6 0.12731 0.00684
5009.44 0.12783 0.00687
5013.92 0.12844 0.00689
5018.4 0.12905 0.00692
5022.88 0.12965 0.00695
5027.36 0.13025 0.00697
5031.84 0.13085 0.007
5036.32 0.13144 0.00702
5040.16 0.13195 0.00704
5044.64 0.13254 0.00707
5049.12 0.13313 0.00709
5053.6 0.13372 0.00711
5058.08 0.1343 0.00714
5062.56 0.13488 0.00716
5067.04 0.13546 0.00718
5070.88 0.13595 0.0072
5075.36 0.13653 0.00722
5079.84 0.1371 0.00724
5084.32 0.13767 0.00726
5088.8 0.13823 0.00728
5093.28 0.1388 0.0073
5097.12 0.13928 0.00732
5101.6 0.13984 0.00734
5106.08 0.14039 0.00736
5110.56 0.14095 0.00738
5115.04 0.1415 0.00739
5119.52 0.14205 0.00741
5124.0 0.14259 0.00743
5127.84 0.14306 0.00744
5132.32 0.1436 0.00746
5136.8 0.14414 0.00748
5141.28 0.14468 0.00749
5145.76 0.14522 0.00751
5150.24 0.14575 0.00752
5154.72 0.14628 0.00754
5158.56 0.14673 0.00755
5163.04 0.14726 0.00757
5167.52 0.14778 0.00758
5172.0 0.1483 0.00759
5176.48 0.14882 0.00761
5180.96 0.14934 0.00762
5185.44 0.14986 0.00763
5189.28 0.15029 0.00764
5193.76 0.1508 0.00766
5198.24 0.15131 0.00767
5202.72 0.15182 0.00768
5207.2 0.15232 0.00769
5211.68 0.15282 0.0077
5215.52 0.15325 0.00771
5220.0 0.15375 0.00772
5224.48 0.15424 0.00773
5228.96 0.15473 0.00774
5233.44 0.15522 0.00775
5237.92 0.15571 0.00776
5242.4 0.1562 0.00776
5246.24 0.15661 0.00777
5250.72 0.15709 0.00778
5255.2 0.15757 0.00779
5259.68 0.15805 0.00779
5264.16 0.15853 0.0078
5268.64 0.159 0.00781
5273.12 0.15947 0.00781
5276.96 0.15987 0.00782
5281.44 0.16034 0.00782
5285.92 0.1608 0.00783
5290.4 0.16127 0.00784
5294.88 0.16173 0.00784
5299.36 0.16218 0.00785
5303.84 0.16264 0.00785
5307.68 0.16303 0.00785
5312.16 0.16348 0.00786
5316.64 0.16393 0.00786
5321.12 0.16438 0.00786
5325.6 0.16483 0.00787
5330.08 0.16527 0.00787
5333.92 0.16565 0.00787
5338.4 0.16606 0.00787
5342.88 0.16647 0.00787
5347.36 0.16688 0.00787
5351.84 0.16729 0.00786
5356.32 0.1677 0.00786
5360.8 0.16811 0.00786
5364.64 0.16847 0.00786
5369.12 0.16888 0.00786
5373.6 0.16929 0.00786
5378.08 0.1697 0.00786
5382.56 0.17011 0.00785
5387.04 0.17052 0.00785
5391.52 0.17093 0.00785
5395.36 0.17128 0.00785
5399.84 0.1717 0.00785
5404.32 0.17211 0.00785
5408.8 0.17252 0.00785
5413.28 0.17293 0.00785
5417.76 0.17334 0.00784
5422.24 0.17375 0.00784
5426.08 0.1741 0.00784
5430.56 0.17451 0.00784
5435.04 0.17492 0.00784
5439.52 0.17534 0.00784
5444.0 0.17575 0.00784
5448.48 0.17616 0.00784
5452.32 0.17651 0.00783
5456.8 0.17692 0.00783
5461.28 0.17733 0.00783
5465.76 0.17774 0.00783
5470.24 0.17815 0.00783
5474.72 0.17853 0.00783
5479.2 0.17891 0.00782
5483.04 0.17924 0.00782
5487.52 0.17961 0.00781
5492.0 0.17999 0.00781
5496.48 0.18036 0.0078
5500.96 0.18073 0.00779
5505.44 0.1811 0.00779
5509.92 0.18147 0.00778
5513.76 0.18178 0.00778
5518.24 0.18214 0.00777
5522.72 0.1825 0.00776
5527.2 0.18287 0.00776
5531.68 0.18322 0.00775
5536.16 0.18358 0.00774
5540.64 0.18394 0.00774
5544.48 0.18424 0.00773
5548.96 0.18459 0.00772
5553.44 0.18494 0.00771
5557.92 0.18529 0.00771
5562.4 0.18564 0.0077
5566.88 0.18598 0.00769
5570.72 0.18628 0.00768
5575.2 0.18662 0.00767
5579.68 0.18696 0.00767
5584.16 0.1873 0.00766
5588.64 0.18763 0.00765
5593.12 0.18797 0.00764
5597.6 0.1883 0.00763
5601.44 0.18859 0.00762
5605.92 0.18892 0.00761
5610.4 0.18925 0.0076
5614.88 0.18958 0.00759
5619.36 0.1899 0.00758
5623.84 0.19023 0.00757
5628.32 0.19055 0.00756
5632.16 0.19083 0.00756
5636.64 0.19115 0.00755
5641.12 0.19146 0.00754
5645.6 0.19178 0.00753
5650.08 0.1921 0.00752
5654.56 0.19241 0.0075
5659.04 0.19272 0.00749
5662.88 0.19299 0.00748
5667.36 0.1933 0.00747
5671.84 0.19361 0.00746
5676.32 0.19391 0.00745
5680.8 0.19422 0.00744
5685.28 0.19452 0.00743
5689.12 0.19478 0.00742
5693.6 0.19508 0.00741
5698.08 0.19538 0.0074
5702.56 0.19568 0.00739
5707.04 0.19598 0.00738
5711.52 0.19627 0.00736
5716.0 0.19657 0.00735
5719.84 0.19682 0.00734
5724.32 0.19711 0.00733
5728.8 0.1974 0.00732
5733.28 0.19769 0.00731
5737.76 0.19798 0.0073
5742.24 0.19826 0.00728
5746.72 0.19855 0.00727
5750.56 0.19879 0.00726
5755.04 0.19907 0.00725
5759.52 0.19935 0.00724
5764.0 0.19963 0.00723
5768.48 0.19991 0.00722
5772.96 0.20018 0.0072
5777.44 0.20046 0.00719
5781.28 0.20069 0.00718
5785.76 0.20097 0.00717
5790.24 0.20124 0.00716
5794.72 0.20151 0.00714
5799.2 0.20178 0.00713
5803.68 0.20204 0.00712
5807.52 0.20227 0.00711
5812.0 0.20254 0.0071
5816.48 0.2028 0.00709
5820.96 0.20306 0.00707
5825.44 0.20333 0.00706
5829.92 0.20359 0.00705
5834.4 0.20385 0.00704
5838.24 0.20407 0.00703
5842.72 0.20432 0.00701
5847.2 0.20458 0.007
5851.68 0.20483 0.00699
5856.16 0.20509 0.00698
5860.64 0.20534 0.00697
5865.12 0.20559 0.00695
5868.96 0.2058 0.00694
5873.44 0.20605 0.00693
5877.92 0.2063 0.00692
5882.4 0.20655 0.00691
5886.88 0.20679 0.0069
5891.36 0.20704 0.00688
5895.84 0.20728 0.00687
5899.68 0.20749 0.00686
5904.16 0.20773 0.00685
5908.64 0.20797 0.00684
5913.12 0.20821 0.00683
5917.6 0.20844 0.00681
5922.08 0.20868 0.0068
5925.92 0.20888 0.00679
5930.4 0.20912 0.00678
5934.88 0.20935 0.00677
5939.36 0.20958 0.00676
5943.84 0.20982 0.00675
5948.32 0.21005 0.00674
5952.8 0.21028 0.00672
5956.64 0.21047 0.00672
5961.12 0.2107 0.0067
5965.6 0.21093 0.00669
5970.08 0.21115 0.00668
5974.56 0.21138 0.00667
5979.04 0.2116 0.00666
5983.52 0.21182 0.00665
5987.36 0.21201 0.00664
5991.84 0.21223 0.00663
5996.32 0.21245 0.00662
6000.8 0.21267 0.00661
6005.28 0.21289 0.0066
6009.76 0.21311 0.00659
6014.24 0.21332 0.00658
6018.08 0.21351 0.00657
6022.56 0.21372 0.00656
6027.04 0.21394 0.00655
6031.52 0.21415 0.00654
6036.0 0.21436 0.00653
6040.48 0.21457 0.00652
6044.96 0.21478 0.00651
6048.8 0.21496 0.0065
6053.28 0.21517 0.0065
6057.76 0.21538 0.00649
6062.24 0.21559 0.00648
6066.72 0.21579 0.00647
6071.2 0.216 0.00646
6075.04 0.21617 0.00645
6079.52 0.21638 0.00644
6084.0 0.21658 0.00644
6088.48 0.21678 0.00643
6092.96 0.21698 0.00642
6097.44 0.21718 0.00641
6101.92 0.21738 0.0064
6105.76 0.21755 0.0064
6110.24 0.21775 0.00639
6114.72 0.21795 0.00638
6119.2 0.21815 0.00637
6123.68 0.21834 0.00637
6128.16 0.21854 0.00636
6132.64 0.21873 0.00635
6136.48 0.2189 0.00635
6140.96 0.21909 0.00634
6145.44 0.21929 0.00634
6149.92 0.21948 0.00633
6154.4 0.21967 0.00632
6158.88 0.21986 0.00632
6163.36 0.22005 0.00631
6167.2 0.22021 0.00631
6171.68 0.2204 0.0063
6176.16 0.22059 0.0063
6180.64 0.22078 0.00629
6185.12 0.22097 0.00629
6189.6 0.22115 0.00628
6193.44 0.22131 0.00628
6197.92 0.2215 0.00627
6202.4 0.22168 0.00627
6206.88 0.22186 0.00626
6211.36 0.22205 0.00626
6215.84 0.22223 0.00626
6220.32 0.22241 0.00625
6224.16 0.22257 0.00625
6228.64 0.22275 0.00625
6233.12 0.22293 0.00624
6237.6 0.22311 0.00624
6242.08 0.22329 0.00624
6246.56 0.22347 0.00624
6251.04 0.22365 0.00623
6254.88 0.2238 0.00623
6259.36 0.22398 0.00623
6263.84 0.22416 0.00623
6268.32 0.22433 0.00623
6272.8 0.22451 0.00623
6277.28 0.22468 0.00622
6281.76 0.22485 0.00622
6285.6 0.225 0.00623
6290.08 0.22517 0.00623
6294.56 0.22534 0.00623
6299.04 0.22551 0.00623
6303.52 0.22569 0.00623
6308.0 0.22586 0.00623
6311.84 0.226 0.00623
6316.32 0.22617 0.00623
6320.8 0.22635 0.00623
6325.28 0.22652 0.00623
6329.76 0.22669 0.00623
6334.24 0.22686 0.00623
6338.72 0.22703 0.00623
6342.56 0.22718 0.00623
6347.04 0.22734 0.00623
6351.52 0.22751 0.00623
6356.0 0.22768 0.00623
6360.48 0.22784 0.00624
6364.96 0.22801 0.00624
6369.44 0.22817 0.00624
6373.28 0.22831 0.00624
6377.76 0.22847 0.00625
6382.24 0.22863 0.00625
6386.72 0.2288 0.00625
6391.2 0.22896 0.00626
6395.68 0.22912 0.00626
6400.16 0.22928 0.00626
6404.0 0.22941 0.00627
6408.48 0.22957 0.00627
6412.96 0.22973 0.00627
6417.44 0.22989 0.00628
6421.92 0.23004 0.00628
6426.4 0.2302 0.00629
6430.24 0.23033 0.00629
6434.72 0.23049 0.00629
6439.2 0.23064 0.0063
6443.68 0.2308 0.0063
6448.16 0.23095 0.00631
6452.64 0.2311 0.00631
6457.12 0.23126 0.00632
6460.96 0.23139 0.00632
6465.44 0.23154 0.00633
6469.92 0.23169 0.00633
6474.4 0.23184 0.00634
6478.88 0.23199 0.00635
6483.36 0.23214 0.00635
6487.84 0.23228 0.00636
6506.4 0.23289 0.00638
6510.88 0.23303 0.00639
6515.36 0.23318 0.0064
6519.84 0.23332 0.00641
6524.32 0.23346 0.00641
6528.8 0.23361 0.00642
6533.28 0.23375 0.00643
6537.12 0.23387 0.00643
6541.6 0.234 0.00644
6546.08 0.23414 0.00645
6550.56 0.23427 0.00646
6555.04 0.23441 0.00647
6559.52 0.23454 0.00647
6563.36 0.23466 0.00648
6567.84 0.23479 0.00649
6572.32 0.23493 0.0065
6576.8 0.23506 0.00651
6581.28 0.2352 0.00651
6585.76 0.23533 0.00652
6590.24 0.23547 0.00653
6594.08 0.23558 0.00654
6598.56 0.23572 0.00655
6603.04 0.23585 0.00656
6607.52 0.23599 0.00656
6612.0 0.23612 0.00657
6616.48 0.23625 0.00658
6620.96 0.23638 0.00659
6624.8 0.23649 0.0066
6629.28 0.23661 0.00661
6633.76 0.23674 0.00662
6638.24 0.23687 0.00663
6642.72 0.23699 0.00664
6647.2 0.23711 0.00665
6651.68 0.23724 0.00666
6655.52 0.23734 0.00666
6660.0 0.23746 0.00667
6664.48 0.23759 0.00668
6668.96 0.23771 0.00669
6673.44 0.23783 0.0067
6677.92 0.23795 0.00671
6681.76 0.23805 0.00672
6686.24 0.23816 0.00673
6690.72 0.23828 0.00674
6695.2 0.2384 0.00675
6699.68 0.23851 0.00677
6704.16 0.23863 0.00678
6708.64 0.23874 0.00679
6712.48 0.23884 0.0068
6716.96 0.23895 0.00681
6721.44 0.23907 0.00682
6725.92 0.23918 0.00683
6730.4 0.23929 0.00684
6734.88 0.2394 0.00685
6739.36 0.23951 0.00686
6743.2 0.2396 0.00687
6747.68 0.23971 0.00688
6752.16 0.23981 0.00689
6756.64 0.23992 0.0069
6761.12 0.24003 0.00692
6765.6 0.24013 0.00693
6770.08 0.24023 0.00694
6773.92 0.24032 0.00695
6778.4 0.24043 0.00696
6782.88 0.24053 0.00697
6787.36 0.24063 0.00698
6791.84 0.24073 0.007
6796.32 0.24083 0.00701
6800.16 0.24091 0.00702
6804.64 0.24101 0.00703
6809.12 0.24111 0.00704
6813.6 0.24121 0.00705
6818.08 0.2413 0.00706
6822.56 0.2414 0.00708
6827.04 0.24149 0.00709
6830.88 0.24157 0.0071
6835.36 0.24166 0.00711
6839.84 0.24175 0.00712
6844.32 0.24183 0.00713
6848.8 0.2419 0.00715
6853.28 0.24198 0.00716
6857.76 0.24205 0.00717
6861.6 0.24211 0.00718
6866.08 0.24219 0.00719
6870.56 0.24226 0.00721
6875.04 0.24234 0.00722
6879.52 0.24241 0.00723
6884.0 0.24248 0.00724
6888.48 0.24256 0.00725
6892.32 0.24262 0.00727
6896.8 0.24269 0.00728
6901.28 0.24277 0.00729
6905.76 0.24284 0.0073
6910.24 0.24292 0.00731
6914.72 0.24299 0.00733
6918.56 0.24305 0.00734
6923.04 0.24313 0.00735
6927.52 0.2432 0.00736
6932.0 0.24328 0.00737
6936.48 0.24335 0.00739
6940.96 0.24342 0.0074
6945.44 0.2435 0.00741
6949.28 0.24356 0.00742
6953.76 0.24363 0.00743
6958.24 0.24371 0.00745
6962.72 0.24378 0.00746
6967.2 0.24386 0.00747
6971.68 0.24393 0.00748
6976.16 0.244 0.00749
6980.0 0.24407 0.0075
6984.48 0.24414 0.00752
6988.96 0.24421 0.00753
6993.44 0.24429 0.00754
6997.92 0.24436 0.00755
7002.4 0.24444 0.00757
7006.88 0.24451 0.00758
7010.72 0.24457 0.00759
7015.2 0.24465 0.0076
7019.68 0.24472 0.00761
7024.16 0.2448 0.00763
7028.64 0.24487 0.00764
7033.12 0.24494 0.00765
7036.96 0.24499 0.00766
7041.44 0.24504 0.00767
7045.92 0.2451 0.00769
7050.4 0.24515 0.0077
7054.88 0.2452 0.00771
7059.36 0.24525 0.00772
7063.84 0.2453 0.00773
7067.68 0.24535 0.00774
7072.16 0.24539 0.00775
7076.64 0.24544 0.00777
7081.12 0.24549 0.00778
7085.6 0.24553 0.00779
7090.08 0.24558 0.0078
7094.56 0.24562 0.00781
7098.4 0.24566 0.00782
7102.88 0.2457 0.00783
7107.36 0.24574 0.00784
7111.84 0.24578 0.00786
7116.32 0.24582 0.00787
7120.8 0.24586 0.00788
7125.28 0.2459 0.00789
7129.12 0.24593 0.0079
7133.6 0.24597 0.00791
7138.08 0.246 0.00792
7142.56 0.24604 0.00793
7147.04 0.24604 0.00794
7151.52 0.24605 0.00795
7156.0 0.24605 0.00796
7159.84 0.24606 0.00796
7164.32 0.24606 0.00797
7168.8 0.24607 0.00798
7173.28 0.24608 0.00799
7177.76 0.24608 0.008
7182.24 0.24609 0.008
7186.08 0.24609 0.00801
7190.56 0.2461 0.00802
7195.04 0.24611 0.00803
7199.52 0.24611 0.00804
7204.0 0.24612 0.00804
7208.48 0.24612 0.00805
7212.96 0.24613 0.00806
7216.8 0.24613 0.00807
7221.28 0.24614 0.00808
7225.76 0.24615 0.00808
7230.24 0.24615 0.00809
7234.72 0.24616 0.0081
7239.2 0.24616 0.00811
7243.68 0.24617 0.00812
7247.52 0.24617 0.00812
7252.0 0.24618 0.00813
7256.48 0.24619 0.00814
7260.96 0.24619 0.00815
7265.44 0.2462 0.00816
7269.92 0.2462 0.00817
7274.4 0.24621 0.00817
7278.24 0.24621 0.00818
7282.72 0.24622 0.00819
7287.2 0.24623 0.0082
7291.68 0.24623 0.00821
7296.16 0.24624 0.00822
7300.64 0.24624 0.00822
7304.48 0.24625 0.00823
7308.96 0.24626 0.00824
7313.44 0.24626 0.00825
7317.92 0.24627 0.00826
7322.4 0.24627 0.00826
7326.88 0.24628 0.00827
7331.36 0.24628 0.00828
7335.2 0.24629 0.00829
7339.68 0.2463 0.0083
7344.16 0.2463 0.0083
7348.64 0.24631 0.00831
7353.12 0.24631 0.00832
7357.6 0.24632 0.00833
7362.08 0.24633 0.00834
7365.92 0.24633 0.00835
7370.4 0.24634 0.00835
7374.88 0.24634 0.00836
7379.36 0.24635 0.00837
7383.84 0.24635 0.00838
