calculator/instruments/deimos/original_plaintext_files/GG455_1200G.txt
# %ECSV 1.0
# ---
# datatype:
# - {name: WAV, unit: Angstrom, datatype: float32}
# - {name: EFF, unit: electron / ph, datatype: float64}
# - {name: EFF_UNC, datatype: float64}
# meta: !!omap
# - {CWAV: '7000'}
# - {FILTER: GG455}
# - {GRATING: 1200G}
# - {GRISM: none}
# - {MODE: spectroscopic}
# schema: astropy-2.0
WAV EFF EFF_UNC
[from data line 677]
7482.13 0.2641 0.00321
7484.77 0.26402 0.0032
7487.74 0.26393 0.0032
7490.38 0.26384 0.00319
7493.02 0.26376 0.00319
7495.66 0.26368 0.00319
7498.3 0.26359 0.00318
7501.27 0.26349 0.00318
7503.91 0.26341 0.00318
7506.55 0.26332 0.00317
7509.19 0.26323 0.00317
7511.83 0.26315 0.00317
7514.8 0.26305 0.00316
7517.44 0.26296 0.00316
7520.08 0.26287 0.00316
7522.72 0.26278 0.00315
7525.36 0.26269 0.00315
7528.0 0.2626 0.00314
7530.97 0.26249 0.00314
7533.61 0.2624 0.00314
7536.25 0.26231 0.00313
7538.89 0.26221 0.00313
7541.53 0.26212 0.00313
7544.5 0.26201 0.00312
7547.14 0.26192 0.00312
7549.78 0.26182 0.00312
7552.42 0.26173 0.00311
7555.06 0.26163 0.00311
7558.03 0.26152 0.0031
7560.67 0.26141 0.0031
7563.31 0.26129 0.0031
7565.95 0.26118 0.00309
7568.59 0.26106 0.00309
7571.23 0.26095 0.00308
7574.2 0.26082 0.00308
7576.84 0.2607 0.00308
7579.48 0.26059 0.00307
7582.12 0.26047 0.00307
7584.76 0.26036 0.00306
7587.73 0.26023 0.00306
7590.37 0.26011 0.00306
7593.01 0.26 0.00305
7595.65 0.25988 0.00305
7598.29 0.25977 0.00304
7601.26 0.25964 0.00304
7603.9 0.25952 0.00304
7606.54 0.25941 0.00303
7609.18 0.25929 0.00303
7611.82 0.25918 0.00302
7614.46 0.25906 0.00302
7617.43 0.25893 0.00302
7620.07 0.25882 0.00301
7622.71 0.2587 0.00301
7625.35 0.25859 0.003
7627.99 0.25847 0.003
7630.96 0.25834 0.003
7633.6 0.25823 0.00299
7636.24 0.25811 0.00299
7638.88 0.258 0.00299
7641.52 0.25788 0.00298
7644.49 0.25775 0.00298
7647.13 0.25764 0.00297
7649.77 0.25752 0.00297
7652.41 0.25741 0.00297
7655.05 0.25729 0.00296
7657.69 0.25718 0.00296
7660.66 0.25705 0.00295
7663.3 0.25693 0.00295
7665.94 0.25682 0.00295
7668.58 0.2567 0.00294
7671.22 0.25659 0.00294
7674.19 0.25646 0.00294
7676.83 0.25634 0.00293
7679.47 0.25623 0.00293
7682.11 0.25611 0.00293
7684.75 0.256 0.00292
7687.72 0.25587 0.00292
7690.36 0.25575 0.00291
7693.0 0.25564 0.00291
7695.64 0.25552 0.00291
7698.28 0.25541 0.0029
7701.25 0.25528 0.0029
7703.89 0.25516 0.0029
7706.53 0.25505 0.00289
7709.17 0.25493 0.00289
7711.81 0.25482 0.00289
7714.45 0.2547 0.00288
7717.42 0.25457 0.00288
7720.06 0.25446 0.00288
7722.7 0.25434 0.00287
7725.34 0.25423 0.00287
7727.98 0.25411 0.00287
7730.95 0.25398 0.00286
7733.59 0.25387 0.00286
7736.23 0.25375 0.00285
7738.87 0.25364 0.00285
7741.51 0.25352 0.00285
7744.48 0.25338 0.00284
7747.12 0.25324 0.00284
7749.76 0.25311 0.00284
7752.4 0.25298 0.00283
7755.04 0.25284 0.00283
7757.68 0.25271 0.00283
7760.65 0.25256 0.00282
7763.29 0.25242 0.00282
7765.93 0.25229 0.00281
7768.57 0.25215 0.00281
7771.21 0.25202 0.00281
7774.18 0.25186 0.0028
7776.82 0.25173 0.0028
7779.46 0.25159 0.0028
7782.1 0.25145 0.00279
7784.74 0.25131 0.00279
7787.71 0.25116 0.00278
7790.35 0.25102 0.00278
7792.99 0.25088 0.00278
7795.63 0.25074 0.00277
7798.27 0.2506 0.00277
7800.91 0.25046 0.00277
7803.88 0.2503 0.00276
7806.52 0.25015 0.00276
7809.16 0.25001 0.00276
7811.8 0.24987 0.00275
7814.44 0.24973 0.00275
7817.41 0.24957 0.00274
7820.05 0.24942 0.00274
7822.69 0.24928 0.00274
7825.33 0.24913 0.00273
7827.97 0.24899 0.00273
7830.94 0.24882 0.00273
7833.58 0.24868 0.00272
7836.22 0.24853 0.00272
7838.86 0.24839 0.00272
7841.5 0.24824 0.00271
7844.14 0.24809 0.00271
7847.11 0.24792 0.00271
7849.75 0.24778 0.0027
7852.39 0.24763 0.0027
7855.03 0.24748 0.0027
7857.67 0.24733 0.00269
7860.64 0.24716 0.00269
7863.28 0.24701 0.00269
7865.92 0.24686 0.00268
7868.56 0.24671 0.00268
7871.2 0.24656 0.00268
7874.17 0.24639 0.00267
7876.81 0.24623 0.00267
7879.45 0.24608 0.00267
7882.09 0.24593 0.00266
7884.73 0.24577 0.00266
7887.37 0.24562 0.00266
7890.34 0.24545 0.00265
7892.98 0.24529 0.00265
7895.62 0.24514 0.00265
7898.26 0.24498 0.00265
7900.9 0.24483 0.00264
7903.87 0.24465 0.00264
7906.51 0.2445 0.00264
7909.15 0.24434 0.00263
7911.79 0.24418 0.00263
7914.43 0.24402 0.00263
7917.4 0.24385 0.00263
7920.04 0.24369 0.00262
7922.68 0.24353 0.00262
7925.32 0.24337 0.00262
7927.96 0.24321 0.00262
7930.6 0.24305 0.00261
7933.57 0.24287 0.00261
7936.21 0.24271 0.00261
7938.85 0.24255 0.00261
7941.49 0.24239 0.0026
7944.13 0.24223 0.0026
7947.1 0.24205 0.0026
7949.74 0.24188 0.0026
7952.38 0.24172 0.00259
7955.02 0.24156 0.00259
7957.66 0.2414 0.00259
7960.63 0.24121 0.00259
7963.27 0.24105 0.00259
7965.91 0.24088 0.00258
7968.55 0.24072 0.00258
7971.19 0.24055 0.00258
7973.83 0.24039 0.00258
7976.8 0.2402 0.00258
7979.44 0.24004 0.00258
7982.08 0.23987 0.00257
7984.72 0.2397 0.00257
7987.36 0.23954 0.00257
7990.33 0.23935 0.00257
7992.97 0.23918 0.00257
7995.61 0.23901 0.00257
7998.25 0.23885 0.00257
8000.89 0.23868 0.00256
8003.86 0.23849 0.00256
8006.5 0.23832 0.00256
8009.14 0.23815 0.00256
8011.78 0.23798 0.00256
8014.42 0.23781 0.00256
8017.39 0.23762 0.00256
8020.03 0.23745 0.00256
8022.67 0.23728 0.00256
8025.31 0.2371 0.00256
8027.95 0.23693 0.00256
8030.59 0.23676 0.00256
8033.56 0.23657 0.00256
8036.2 0.23639 0.00256
8038.84 0.23622 0.00256
8041.48 0.23605 0.00256
8044.12 0.23587 0.00256
8047.09 0.23568 0.00256
8049.73 0.23551 0.00256
8052.37 0.23533 0.00256
8055.01 0.23516 0.00256
8057.65 0.23498 0.00256
8060.62 0.23478 0.00256
8063.26 0.23461 0.00256
8065.9 0.23443 0.00256
8068.54 0.23426 0.00256
8071.18 0.23408 0.00256
8073.82 0.2339 0.00256
8076.79 0.2337 0.00256
8079.43 0.23353 0.00256
8082.07 0.23335 0.00256
8084.71 0.23317 0.00257
8087.35 0.23299 0.00257
8090.32 0.23279 0.00257
8092.96 0.23261 0.00257
8095.6 0.23244 0.00257
8098.24 0.23226 0.00257
8100.88 0.23208 0.00258
8103.85 0.23187 0.00258
8106.49 0.23169 0.00258
8109.13 0.23151 0.00258
8111.77 0.23133 0.00258
8114.41 0.23115 0.00259
8117.05 0.23097 0.00259
8120.02 0.23077 0.00259
8122.66 0.23059 0.0026
8125.3 0.2304 0.0026
8127.94 0.23022 0.0026
