calculator/instruments/deimos/original_plaintext_files/GG455_600ZD.txt
# %ECSV 1.0
# ---
# datatype:
# - {name: WAV, unit: Angstrom, datatype: float32}
# - {name: EFF, unit: electron / ph, datatype: float64}
# - {name: EFF_UNC, datatype: float64}
# meta: !!omap
# - {CWAV: '6500'}
# - {FILTER: GG455}
# - {GRATING: 600ZD}
# - {GRISM: none}
# - {MODE: spectroscopic}
# schema: astropy-2.0
WAV EFF EFF_UNC
[from data line 679]
7392.8 0.24637 0.0084
7396.64 0.24637 0.0084
7401.12 0.24638 0.00841
7405.6 0.24635 0.00842
7410.08 0.24633 0.00842
7414.56 0.2463 0.00843
7419.04 0.24628 0.00843
7422.88 0.24625 0.00843
7427.36 0.24622 0.00844
7431.84 0.2462 0.00844
7436.32 0.24616 0.00845
7440.8 0.24613 0.00845
7445.28 0.2461 0.00845
7449.76 0.24607 0.00846
7453.6 0.24604 0.00846
7458.08 0.246 0.00846
7462.56 0.24596 0.00847
7467.04 0.24593 0.00847
7471.52 0.24589 0.00847
7476.0 0.24585 0.00847
7480.48 0.24581 0.00848
7484.32 0.24577 0.00848
7488.8 0.24573 0.00848
7493.28 0.24568 0.00848
7497.76 0.24564 0.00848
7502.24 0.24559 0.00848
7506.72 0.24554 0.00849
7511.2 0.24549 0.00849
7515.04 0.24545 0.00849
7519.52 0.2454 0.00849
7524.0 0.24535 0.00849
7528.48 0.2453 0.00849
7532.96 0.24524 0.00849
7537.44 0.24519 0.00849
7541.28 0.24514 0.00849
7545.76 0.24508 0.00849
7550.24 0.24503 0.00849
7554.72 0.24497 0.00849
7559.2 0.24491 0.00849
7563.68 0.24482 0.00848
7568.16 0.24474 0.00848
7572.0 0.24467 0.00847
7576.48 0.24458 0.00847
7580.96 0.2445 0.00846
7585.44 0.24441 0.00846
7589.92 0.24433 0.00845
7594.4 0.24425 0.00845
7598.88 0.24416 0.00844
7602.72 0.24409 0.00844
7607.2 0.24401 0.00843
7611.68 0.24392 0.00843
7616.16 0.24384 0.00842
7620.64 0.24375 0.00842
7625.12 0.24367 0.00841
7629.6 0.24358 0.00841
7633.44 0.24351 0.0084
7637.92 0.24343 0.0084
7642.4 0.24334 0.00839
7646.88 0.24326 0.00839
7651.36 0.24318 0.00838
7655.84 0.24309 0.00838
7659.68 0.24302 0.00837
7664.16 0.24294 0.00837
7668.64 0.24285 0.00837
7673.12 0.24277 0.00836
7677.6 0.24268 0.00836
7682.08 0.2426 0.00835
7686.56 0.24251 0.00835
7690.4 0.24244 0.00834
7694.88 0.24236 0.00834
7699.36 0.24227 0.00833
7703.84 0.24219 0.00833
7708.32 0.24211 0.00832
7712.8 0.24202 0.00832
7717.28 0.24194 0.00831
7721.12 0.24187 0.00831
7725.6 0.24178 0.0083
7730.08 0.2417 0.0083
7734.56 0.24161 0.00829
7739.04 0.24153 0.00829
7743.52 0.24144 0.00828
7748.0 0.24134 0.00828
7751.84 0.24124 0.00827
7756.32 0.24113 0.00826
7760.8 0.24102 0.00825
7765.28 0.24091 0.00824
7769.76 0.24079 0.00823
7774.24 0.24068 0.00822
7778.08 0.24058 0.00821
7782.56 0.24046 0.00819
7787.04 0.24034 0.00818
7791.52 0.24022 0.00817
7796.0 0.2401 0.00816
7800.48 0.23997 0.00815
7804.96 0.23985 0.00814
7808.8 0.23974 0.00812
7813.28 0.23962 0.00811
7817.76 0.23949 0.0081
7822.24 0.23936 0.00809
7826.72 0.23923 0.00807
7831.2 0.2391 0.00806
7835.68 0.23897 0.00805
7839.52 0.23885 0.00803
7844.0 0.23872 0.00802
7848.48 0.23858 0.00801
7852.96 0.23845 0.00799
7857.44 0.23831 0.00798
7861.92 0.23817 0.00796
7866.4 0.23803 0.00795
7870.24 0.23791 0.00793
7874.72 0.23777 0.00792
7879.2 0.23762 0.0079
7883.68 0.23748 0.00789
7888.16 0.23733 0.00787
7892.64 0.23718 0.00785
7896.48 0.23706 0.00784
7900.96 0.23691 0.00782
7905.44 0.23676 0.00781
7909.92 0.23661 0.00779
7914.4 0.23645 0.00777
7918.88 0.2363 0.00776
7923.36 0.23614 0.00774
7927.2 0.23601 0.00772
7931.68 0.23585 0.00771
7936.16 0.23569 0.00769
7940.64 0.23553 0.00767
7945.12 0.23537 0.00765
7949.6 0.23521 0.00764
7954.08 0.23505 0.00762
7957.92 0.2349 0.0076
7962.4 0.23474 0.00758
7966.88 0.23457 0.00756
7971.36 0.2344 0.00755
7975.84 0.23423 0.00753
7980.32 0.23406 0.00751
7984.8 0.23389 0.00749
7988.64 0.23374 0.00747
7993.12 0.23357 0.00745
7997.6 0.23339 0.00743
8002.08 0.23322 0.00741
8006.56 0.23304 0.00739
8011.04 0.23286 0.00737
8014.88 0.23271 0.00736
8019.36 0.23253 0.00734
8023.84 0.23235 0.00731
8028.32 0.23216 0.00729
8032.8 0.23198 0.00727
8037.28 0.23179 0.00725
8041.76 0.23161 0.00723
8045.6 0.23145 0.00721
8050.08 0.23126 0.00719
8054.56 0.23107 0.00717
8059.04 0.23088 0.00715
8063.52 0.23068 0.00713
8068.0 0.23049 0.00711
8072.48 0.23029 0.00709
8076.32 0.23013 0.00707
8080.8 0.22993 0.00704
8085.28 0.22973 0.00702
8089.76 0.22953 0.007
8094.24 0.22933 0.00698
8098.72 0.22913 0.00696
8103.2 0.22893 0.00693
8107.04 0.22875 0.00691
8111.52 0.22855 0.00689
8116.0 0.22834 0.00687
8120.48 0.22814 0.00685
8124.96 0.22793 0.00682
8129.44 0.22772 0.0068
8133.28 0.22751 0.00678
8137.76 0.22726 0.00675
8142.24 0.22702 0.00672
8146.72 0.22678 0.00669
8151.2 0.22653 0.00667
8155.68 0.22629 0.00664
8160.16 0.22604 0.00661
8164.0 0.22583 0.00659
8168.48 0.22559 0.00656
8172.96 0.22535 0.00654
8177.44 0.2251 0.00651
8181.92 0.22486 0.00648
8186.4 0.22461 0.00645
8190.88 0.22437 0.00643
8194.72 0.22416 0.0064
8199.2 0.22392 0.00638
8203.68 0.22367 0.00635
8208.16 0.22343 0.00632
8212.64 0.22318 0.0063
8217.12 0.22294 0.00627
8221.6 0.2227 0.00624
8225.44 0.22249 0.00622
8229.92 0.22224 0.00619
8234.4 0.222 0.00617
8238.88 0.22175 0.00614
8243.36 0.22151 0.00612
8247.84 0.22127 0.00609
8252.32 0.22102 0.00606
8256.16 0.22081 0.00604
8260.64 0.22057 0.00601
8265.12 0.22032 0.00599
8269.6 0.22008 0.00596
8274.08 0.21984 0.00594
8278.56 0.21959 0.00591
8282.4 0.21938 0.00589
8286.88 0.21914 0.00586
8291.36 0.21889 0.00584
8295.84 0.21865 0.00581
8300.32 0.21841 0.00578
8304.8 0.21816 0.00576
8309.28 0.21792 0.00573
8313.12 0.21771 0.00571
8317.6 0.21747 0.00569
8322.08 0.21722 0.00566
8326.56 0.21698 0.00564
8331.04 0.21673 0.00561
8335.52 0.21649 0.00558
8340.0 0.21624 0.00556
8343.84 0.21604 0.00554
8348.32 0.21579 0.00551
8352.8 0.21555 0.00549
8357.28 0.2153 0.00546
8361.76 0.21506 0.00544
8366.24 0.21481 0.00541
8370.72 0.21457 0.00539
8374.56 0.21436 0.00537
8379.04 0.21412 0.00534
8383.52 0.21387 0.00532
8388.0 0.21363 0.00529
8392.48 0.21339 0.00527
8396.96 0.21311 0.00524
8400.8 0.21287 0.00522
8405.28 0.21259 0.00519
8409.76 0.21231 0.00516
8414.24 0.21202 0.00513
8418.72 0.21174 0.0051
8423.2 0.21145 0.00507
8427.68 0.21117 0.00504
8431.52 0.21092 0.00501
8436.0 0.21063 0.00498
8440.48 0.21034 0.00495
8444.96 0.21005 0.00492
8449.44 0.20976 0.00489
8453.92 0.20947 0.00486
8458.4 0.20917 0.00483
8462.24 0.20892 0.00481
8466.72 0.20863 0.00478
8471.2 0.20833 0.00475
8475.68 0.20803 0.00472
8480.16 0.20773 0.00468
8484.64 0.20743 0.00465
8489.12 0.20713 0.00462
8492.96 0.20687 0.0046
8497.44 0.20657 0.00457
8501.92 0.20626 0.00453
8506.4 0.20595 0.0045
8510.88 0.20565 0.00447
8515.36 0.20534 0.00444
8519.2 0.20507 0.00442
8523.68 0.20476 0.00438
8528.16 0.20445 0.00435
8532.64 0.20414 0.00432
8537.12 0.20383 0.00429
8541.6 0.20351 0.00426
8546.08 0.20319 0.00423
8549.92 0.20292 0.0042
8554.4 0.20261 0.00417
8558.88 0.20229 0.00414
8563.36 0.20197 0.00411
8567.84 0.20164 0.00408
8572.32 0.20132 0.00405
8576.8 0.201 0.00401
8580.64 0.20072 0.00399
8585.12 0.20039 0.00396
8589.6 0.20007 0.00393
8594.08 0.19974 0.0039
8598.56 0.19941 0.00386
8603.04 0.19908 0.00383
8607.52 0.19875 0.0038
8611.36 0.19846 0.00378
8615.84 0.19813 0.00375
8620.32 0.1978 0.00372
8624.8 0.19746 0.00369
8629.28 0.19712 0.00366
8633.76 0.19679 0.00363
8637.6 0.19649 0.0036
8642.08 0.19615 0.00358
8646.56 0.19581 0.00355
8651.04 0.19547 0.00352
8655.52 0.19513 0.00349
8660.0 0.19478 0.00346
8664.48 0.19444 0.00344
8668.32 0.19414 0.00342
8672.8 0.19379 0.00339
8677.28 0.19345 0.00336
8681.76 0.1931 0.00334
8686.24 0.19274 0.00331
8690.72 0.19239 0.00329
8695.2 0.19204 0.00327
8699.04 0.19174 0.00325
8703.52 0.19138 0.00323
8708.0 0.19102 0.0032
8712.48 0.19067 0.00318
8716.96 0.19031 0.00316
8721.44 0.18995 0.00314
8725.92 0.18959 0.00313
8729.76 0.18928 0.00311
8734.24 0.18892 0.0031
8738.72 0.18855 0.00308
8743.2 0.18819 0.00307
8747.68 0.18782 0.00305
8752.16 0.18745 0.00304
8756.0 0.18714 0.00303
8760.48 0.18677 0.00302
8764.96 0.1864 0.00301
8769.44 0.18603 0.00301
8773.92 0.18565 0.003
8778.4 0.18528 0.003
8782.88 0.18491 0.00299
8786.72 0.18458 0.00299
8791.2 0.18421 0.00299
