calculator/instruments/deimos/original_plaintext_files/GG455_830G.txt
# %ECSV 1.0
# ---
# datatype:
# - {name: WAV, unit: Angstrom, datatype: float32}
# - {name: EFF, unit: electron / ph, datatype: float64}
# - {name: EFF_UNC, datatype: float64}
# meta: !!omap
# - {CWAV: '7000'}
# - {FILTER: GG455}
# - {GRATING: 830G}
# - {GRISM: none}
# - {MODE: spectroscopic}
# - {DICHROIC: none}
# schema: astropy-2.0
WAV EFF EFF_UNC
5070.65 0.06909 0.00246
5074.41 0.06933 0.00252
5078.17 0.06958 0.00258
5081.93 0.06983 0.00264
5085.69 0.07008 0.00269
5089.45 0.07032 0.00275
5092.74 0.07054 0.0028
5096.5 0.07079 0.00286
5100.26 0.07104 0.00291
5104.02 0.07129 0.00297
5107.78 0.07154 0.00303
5111.54 0.07179 0.00308
5115.3 0.07204 0.00314
5119.06 0.0723 0.00319
5122.82 0.07255 0.00325
5126.58 0.0728 0.0033
5130.34 0.07306 0.00335
5134.1 0.07331 0.00341
5137.39 0.07354 0.00346
5141.15 0.07379 0.00351
5144.91 0.07405 0.00356
5148.67 0.07431 0.00362
5152.43 0.07457 0.00367
5156.19 0.07482 0.00372
5159.95 0.07508 0.00377
5163.71 0.07534 0.00383
5167.47 0.0756 0.00388
5171.23 0.07586 0.00393
5174.99 0.07612 0.00398
5178.28 0.07635 0.00402
5182.04 0.07662 0.00407
5185.8 0.07688 0.00413
5189.56 0.07714 0.00418
5193.32 0.07741 0.00423
5197.08 0.07767 0.00427
5200.84 0.07794 0.00432
5204.6 0.0782 0.00437
5208.36 0.07847 0.00442
5212.12 0.07873 0.00447
5215.88 0.079 0.00452
5219.17 0.07924 0.00456
5222.93 0.0795 0.00461
5226.69 0.07977 0.00466
5230.45 0.08004 0.00471
5234.21 0.08031 0.00475
5237.97 0.08058 0.0048
5241.73 0.08085 0.00485
5245.49 0.08112 0.00489
5249.25 0.0814 0.00494
5253.01 0.08167 0.00498
5256.77 0.08194 0.00503
5260.53 0.08221 0.00508
5263.82 0.08245 0.00512
5267.58 0.08273 0.00516
5271.34 0.083 0.00521
5275.1 0.08328 0.00525
5278.86 0.08355 0.0053
5282.62 0.08383 0.00534
5286.38 0.08411 0.00538
5290.14 0.08439 0.00543
5293.9 0.08466 0.00547
5297.66 0.08494 0.00551
5301.42 0.08522 0.00556
5304.71 0.08546 0.00559
5308.47 0.08574 0.00564
5312.23 0.08602 0.00568
5315.99 0.08631 0.00572
5319.75 0.08659 0.00576
5323.51 0.08687 0.0058
5327.27 0.08715 0.00585
5331.03 0.08743 0.00589
5334.79 0.08772 0.00593
5338.55 0.08801 0.00596
5342.31 0.0883 0.006
5345.6 0.08856 0.00603
5349.36 0.08885 0.00607
5353.12 0.08914 0.00611
5356.88 0.08943 0.00614
5360.64 0.08972 0.00618
5364.4 0.09001 0.00622
5368.16 0.0903 0.00626
5371.92 0.0906 0.00629
5375.68 0.09089 0.00633
5379.44 0.09118 0.00637
5383.2 0.09147 0.0064
5386.96 0.09176 0.00644
5390.25 0.09202 0.00647
5394.01 0.09231 0.00651
5397.77 0.0926 0.00655
5401.53 0.09289 0.00658
5405.29 0.09318 0.00662
5409.05 0.09348 0.00666
5412.81 0.09377 0.00669
5416.57 0.09406 0.00673
5420.33 0.09435 0.00677
5424.09 0.09464 0.0068
5427.85 0.09493 0.00684
5431.14 0.09519 0.00687
5434.9 0.09548 0.00691
5438.66 0.09577 0.00695
5442.42 0.09606 0.00698
5446.18 0.09636 0.00702
5449.94 0.09665 0.00706
5453.7 0.09694 0.0071
5457.46 0.09723 0.00713
5461.22 0.09752 0.00717
5464.98 0.09781 0.00721
5468.74 0.09811 0.00724
5472.03 0.09836 0.00728
5475.79 0.09866 0.00731
5479.55 0.09896 0.00734
5483.31 0.09926 0.00737
5487.07 0.09956 0.00741
5490.83 0.09986 0.00744
5494.59 0.10016 0.00747
5498.35 0.10047 0.0075
5502.11 0.10077 0.00753
5505.87 0.10107 0.00757
5509.63 0.10137 0.0076
5513.39 0.10168 0.00763
5516.68 0.10194 0.00766
5520.44 0.10225 0.00769
5524.2 0.10255 0.00772
5527.96 0.10286 0.00775
5531.72 0.10316 0.00778
5535.48 0.10347 0.00781
5539.24 0.10378 0.00784
5543.0 0.10408 0.00787
5546.76 0.10439 0.0079
5550.52 0.1047 0.00793
5554.28 0.105 0.00795
5557.57 0.10527 0.00798
5561.33 0.10558 0.00801
5565.09 0.10589 0.00804
5568.85 0.1062 0.00807
5572.61 0.10651 0.00809
5576.37 0.10682 0.00812
5580.13 0.10713 0.00815
5583.89 0.10744 0.00818
5587.65 0.10775 0.0082
5591.41 0.10806 0.00823
5595.17 0.10837 0.00826
5598.93 0.10868 0.00829
5602.22 0.10895 0.00831
5605.98 0.10927 0.00834
5609.74 0.10958 0.00836
5613.5 0.10989 0.00839
5617.26 0.11021 0.00842
5621.02 0.11052 0.00844
5624.78 0.11083 0.00847
5628.54 0.11115 0.00849
5632.3 0.11146 0.00852
5636.06 0.11178 0.00854
5639.82 0.11209 0.00857
5643.11 0.11237 0.00859
5646.87 0.11268 0.00861
5650.63 0.113 0.00864
5654.39 0.11332 0.00866
5658.15 0.11363 0.00869
5661.91 0.11395 0.00871
5665.67 0.11427 0.00874
5669.43 0.11459 0.00876
5673.19 0.1149 0.00878
5676.95 0.11522 0.00881
5680.71 0.11554 0.00883
5684.0 0.11582 0.00885
5687.76 0.11614 0.00887
5691.52 0.11646 0.0089
5695.28 0.11678 0.00892
5699.04 0.1171 0.00894
5702.8 0.11742 0.00896
5706.56 0.11774 0.00899
5710.32 0.11806 0.00901
5714.08 0.11838 0.00903
5717.84 0.1187 0.00905
5721.6 0.11902 0.00907
5725.36 0.11934 0.0091
5728.65 0.11963 0.00912
5732.41 0.11995 0.00914
5736.17 0.12027 0.00916
5739.93 0.12059 0.00918
5743.69 0.12092 0.0092
5747.45 0.12124 0.00922
5751.21 0.12156 0.00924
5754.97 0.12189 0.00926
5758.73 0.12221 0.00928
5762.49 0.12254 0.0093
5766.25 0.12286 0.00932
5769.54 0.12315 0.00934
5773.3 0.12347 0.00936
5777.06 0.1238 0.00938
5780.82 0.12412 0.0094
5784.58 0.12445 0.00942
5788.34 0.12477 0.00944
5792.1 0.1251 0.00945
5795.86 0.12543 0.00947
5799.62 0.12575 0.00949
5803.38 0.12608 0.00951
5807.14 0.12641 0.00953
5810.43 0.1267 0.00955
5814.19 0.12702 0.00956
5817.95 0.12735 0.00958
5821.71 0.12768 0.0096
5825.47 0.12801 0.00962
5829.23 0.12834 0.00963
5832.99 0.12867 0.00965
5836.75 0.12899 0.00967
5840.51 0.12932 0.00969
5844.27 0.12965 0.0097
5848.03 0.12998 0.00972
5851.79 0.13031 0.00974
5855.08 0.1306 0.00975
5858.84 0.13093 0.00977
5862.6 0.13126 0.00979
5866.36 0.13159 0.0098
5870.12 0.13192 0.00982
5873.88 0.13225 0.00983
5877.64 0.13259 0.00985
5881.4 0.13292 0.00987
5885.16 0.13325 0.00988
5888.92 0.13358 0.0099
5892.68 0.13391 0.00991
5895.97 0.1342 0.00993
5899.73 0.13454 0.00994
5903.49 0.13487 0.00996
5907.25 0.1352 0.00997
5911.01 0.13553 0.00999
5914.77 0.13587 0.01
5918.53 0.1362 0.01002
5922.29 0.13653 0.01003
5926.05 0.13687 0.01005
5929.81 0.1372 0.01006
5933.57 0.13753 0.01008
5936.86 0.13783 0.01009
5940.62 0.13816 0.0101
5944.38 0.13849 0.01012
5948.14 0.13883 0.01013
5951.9 0.13916 0.01014
5955.66 0.1395 0.01016
5959.42 0.13983 0.01017
5963.18 0.14017 0.01019
5966.94 0.1405 0.0102
5970.7 0.14084 0.01021
5974.46 0.14117 0.01023
5978.22 0.14151 0.01024
5981.51 0.1418 0.01025
5985.27 0.14214 0.01026
5989.03 0.14248 0.01028
5992.79 0.14281 0.01029
5996.55 0.14315 0.0103
6000.31 0.14348 0.01031
6004.07 0.14382 0.01033
6007.83 0.14416 0.01034
6011.59 0.14449 0.01035
6015.35 0.14483 0.01036
6019.11 0.14517 0.01038
6022.4 0.14546 0.01039
6026.16 0.1458 0.0104
6029.92 0.14614 0.01041
6033.68 0.14647 0.01042
6037.44 0.14681 0.01043
6041.2 0.14715 0.01044
6044.96 0.14749 0.01046
6048.72 0.14783 0.01047
6052.48 0.14816 0.01048
6056.24 0.1485 0.01049
6060.0 0.14884 0.0105
6063.76 0.14918 0.01051
6067.05 0.14947 0.01052
6070.81 0.14981 0.01053
6074.57 0.15015 0.01054
6078.33 0.15049 0.01055
6082.09 0.15083 0.01056
6085.85 0.15117 0.01057
6089.61 0.15151 0.01059
6093.37 0.15184 0.0106
6097.13 0.15218 0.01061
6100.89 0.15252 0.01062
6104.65 0.15286 0.01063
6107.94 0.15316 0.01064
6111.7 0.1535 0.01065
6115.46 0.15384 0.01066
6119.22 0.15418 0.01067
6122.98 0.15452 0.01067
6126.74 0.15486 0.01068
6130.5 0.1552 0.01069
6134.26 0.15554 0.0107
6138.02 0.15587 0.01071
6141.78 0.15621 0.01072
6145.54 0.15655 0.01073
6148.83 0.15685 0.01074
6152.59 0.15719 0.01075
6156.35 0.15753 0.01076
6160.11 0.15787 0.01077
6163.87 0.15821 0.01078
6167.63 0.15855 0.01079
6171.39 0.15889 0.01079
6175.15 0.15923 0.0108
6178.91 0.15957 0.01081
6182.67 0.15991 0.01082
6186.43 0.16025 0.01083
6190.19 0.16059 0.01084
6193.48 0.16089 0.01085
6197.24 0.16123 0.01085
6201.0 0.16157 0.01086
6204.76 0.16191 0.01087
6208.52 0.16225 0.01088
6212.28 0.16259 0.01089
6216.04 0.16293 0.0109
6219.8 0.16327 0.0109
6223.56 0.16361 0.01091
6227.32 0.16395 0.01092
6231.08 0.16429 0.01093
6234.37 0.16459 0.01094
6238.13 0.16493 0.01094
6241.89 0.16527 0.01095
6245.65 0.16561 0.01096
6249.41 0.16595 0.01097
6253.17 0.16629 0.01097
6256.93 0.16664 0.01098
6260.69 0.16698 0.01099
6264.45 0.16732 0.011
6268.21 0.16766 0.01101
6271.97 0.168 0.01101
6275.26 0.16829 0.01102
6279.02 0.16864 0.01103
6282.78 0.16898 0.01103
6286.54 0.16932 0.01104
6290.3 0.16966 0.01105
6294.06 0.17 0.01105
6297.82 0.17034 0.01106
6301.58 0.17068 0.01107
6305.34 0.17102 0.01108
6309.1 0.17136 0.01108
6312.86 0.1717 0.01109
6316.62 0.17204 0.0111
6319.91 0.17233 0.0111
6323.67 0.17267 0.01111
6327.43 0.17301 0.01112
6331.19 0.17335 0.01112
6334.95 0.17369 0.01113
6338.71 0.17403 0.01114
6342.47 0.17437 0.01115
6346.23 0.17471 0.01115
6349.99 0.17505 0.01116
6353.75 0.17539 0.01117
6357.51 0.17573 0.01117
6360.8 0.17603 0.01118
6364.56 0.17637 0.01119
6368.32 0.17671 0.01119
6372.08 0.17705 0.0112
6375.84 0.17739 0.0112
6379.6 0.17773 0.01121
6383.36 0.17807 0.01122
6387.12 0.1784 0.01122
6390.88 0.17874 0.01123
6394.64 0.17908 0.01124
6398.4 0.17942 0.01124
6401.69 0.17972 0.01125
6405.45 0.18006 0.01126
6409.21 0.18039 0.01126
6412.97 0.18073 0.01127
6416.73 0.18107 0.01127
6420.49 0.18141 0.01128
6424.25 0.18175 0.01129
6428.01 0.18209 0.01129
6431.77 0.18242 0.0113
6435.53 0.18276 0.01131
6439.29 0.1831 0.01131
6443.05 0.18344 0.01132
6446.34 0.18373 0.01132
6450.1 0.18407 0.01133
6453.86 0.18441 0.01134
6457.62 0.18474 0.01134
6461.38 0.18508 0.01135
6465.14 0.18542 0.01136
6468.9 0.18576 0.01136
6472.66 0.18609 0.01137
6476.42 0.18643 0.01137
6480.18 0.18677 0.01138
6483.94 0.1871 0.01139
6487.23 0.1874 0.01139
6490.99 0.18773 0.0114
6494.75 0.18807 0.0114
6498.51 0.1884 0.01141
6502.27 0.18874 0.01142
6506.03 0.18908 0.01142
6509.79 0.18941 0.01143
6513.55 0.18975 0.01144
6517.31 0.19008 0.01144
6521.07 0.19042 0.01145
6524.83 0.19075 0.01145
6528.59 0.19109 0.01146
6531.88 0.19138 0.01147
6535.64 0.19171 0.01147
6539.4 0.19205 0.01148
6543.16 0.19238 0.01148
6546.92 0.19271 0.01149
6550.68 0.19305 0.0115
6554.44 0.19338 0.0115
6558.2 0.19371 0.01151
6561.96 0.19404 0.01152
6565.72 0.19438 0.01152
6569.48 0.19471 0.01153
6572.77 0.195 0.01153
6576.53 0.19533 0.01154
6580.29 0.19567 0.01155
6584.05 0.196 0.01155
6587.81 0.19633 0.01156
6591.57 0.19666 0.01157
6595.33 0.197 0.01157
6599.09 0.19733 0.01158
6602.85 0.19766 0.01159
6606.61 0.19799 0.01159
6610.37 0.19833 0.0116
6613.66 0.19862 0.0116
6617.42 0.19895 0.01161
6621.18 0.19928 0.01162
6624.94 0.19961 0.01162
6628.7 0.19994 0.01163
6632.46 0.20027 0.01164
6636.22 0.2006 0.01164
6639.98 0.20093 0.01165
6643.74 0.20126 0.01166
6647.5 0.20159 0.01166
6651.26 0.20191 0.01167
6655.02 0.20224 0.01168
6658.31 0.20253 0.01168
6662.07 0.20286 0.01169
6665.83 0.20319 0.0117
6669.59 0.20351 0.0117
6673.35 0.20384 0.01171
6677.11 0.20417 0.01172
6680.87 0.2045 0.01172
6684.63 0.20482 0.01173
6688.39 0.20515 0.01174
6692.15 0.20548 0.01175
6695.91 0.2058 0.01175
6699.2 0.20609 0.01176
6702.96 0.20641 0.01177
6706.72 0.20674 0.01177
6710.48 0.20706 0.01178
6714.24 0.20739 0.01179
6718.0 0.20771 0.01179
6721.76 0.20804 0.0118
6725.52 0.20836 0.01181
6729.28 0.20868 0.01181
6733.04 0.20901 0.01182
6736.8 0.20933 0.01183
6740.09 0.20961 0.01184
6743.85 0.20993 0.01184
6747.61 0.21026 0.01185
6751.37 0.21058 0.01186
6755.13 0.2109 0.01186
6758.89 0.21122 0.01187
6762.65 0.21154 0.01188
6766.41 0.21186 0.01189
6770.17 0.21218 0.01189
6773.93 0.2125 0.0119
6777.69 0.21282 0.01191
6781.45 0.21314 0.01192
6784.74 0.21342 0.01192
6788.5 0.21374 0.01193
6792.26 0.21406 0.01194
6796.02 0.21438 0.01194
6799.78 0.21469 0.01195
6803.54 0.21501 0.01196
6807.3 0.21533 0.01197
6811.06 0.21564 0.01197
6814.82 0.21596 0.01198
6818.58 0.21628 0.01199
6822.34 0.21659 0.012
6825.63 0.21687 0.012
6829.39 0.21718 0.01201
6833.15 0.2175 0.01202
6836.91 0.21781 0.01202
6840.67 0.21811 0.01203
6844.43 0.21842 0.01204
6848.19 0.21872 0.01205
6851.95 0.21902 0.01205
6855.71 0.21933 0.01206
6859.47 0.21963 0.01207
6863.23 0.21993 0.01208
6866.52 0.2202 0.01208
6870.28 0.2205 0.01209
6874.04 0.2208 0.0121
6877.8 0.22111 0.0121
6881.56 0.22141 0.01211
6885.32 0.22171 0.01212
6889.08 0.22202 0.01213
6892.84 0.22232 0.01213
6896.6 0.22262 0.01214
6900.36 0.22293 0.01215
6904.12 0.22323 0.01216
6907.88 0.22353 0.01216
6911.17 0.2238 0.01217
6914.93 0.2241 0.01218
6918.69 0.2244 0.01219
6922.45 0.22471 0.01219
6926.21 0.22501 0.0122
6929.97 0.22531 0.01221
6933.73 0.22562 0.01221
6937.49 0.22592 0.01222
6941.25 0.22622 0.01223
6945.01 0.22652 0.01224
6948.77 0.22683 0.01224
6952.06 0.22709 0.01225
6955.82 0.2274 0.01226
6959.58 0.2277 0.01227
6963.34 0.228 0.01227
6967.1 0.22831 0.01228
6970.86 0.22861 0.01229
6974.62 0.22891 0.0123
6978.38 0.22921 0.0123
6982.14 0.22952 0.01231
6985.9 0.22982 0.01232
6989.66 0.23012 0.01233
6993.42 0.23043 0.01233
7007.52 0.23156 0.01236
7011.28 0.23187 0.01237
7015.04 0.23217 0.01238
7018.8 0.23247 0.01238
7022.56 0.23278 0.01239
7026.32 0.23308 0.0124
7030.08 0.23338 0.0124
7033.84 0.23367 0.01241
7037.6 0.23396 0.01242
7041.36 0.23425 0.01243
7045.12 0.23454 0.01243
7048.41 0.23479 0.01244
7052.17 0.23508 0.01245
7055.93 0.23537 0.01245
7059.69 0.23565 0.01246
7063.45 0.23594 0.01247
7067.21 0.23623 0.01248
7070.97 0.23651 0.01248
7074.73 0.2368 0.01249
7078.49 0.23708 0.0125
7082.25 0.23736 0.0125
7086.01 0.23765 0.01251
7089.3 0.23789 0.01252
7093.06 0.23818 0.01252
7096.82 0.23846 0.01253
7100.58 0.23874 0.01254
7104.34 0.23902 0.01254
7108.1 0.2393 0.01255
7111.86 0.23958 0.01256
7115.62 0.23985 0.01257
7119.38 0.24013 0.01257
7123.14 0.24041 0.01258
7126.9 0.24069 0.01259
7130.66 0.24096 0.01259
7133.95 0.2412 0.0126
7137.71 0.24148 0.01261
7141.47 0.24175 0.01261
7145.23 0.242 0.01262
7148.99 0.24225 0.01262
7152.75 0.2425 0.01263
7156.51 0.24275 0.01264
7160.27 0.243 0.01264
7164.03 0.24325 0.01265
7167.79 0.2435 0.01265
7171.55 0.24375 0.01266
7174.84 0.24397 0.01266
7178.6 0.24422 0.01267
7182.36 0.24447 0.01267
7186.12 0.24472 0.01268
7189.88 0.24497 0.01269
7193.64 0.24522 0.01269
7197.4 0.24547 0.0127
7201.16 0.24572 0.0127
7204.92 0.24597 0.01271
7208.68 0.24622 0.01271
7212.44 0.24647 0.01272
7215.73 0.24669 0.01272
7219.49 0.24694 0.01273
7223.25 0.24719 0.01274
7227.01 0.24744 0.01274
7230.77 0.24769 0.01275
7234.53 0.24794 0.01275
7238.29 0.24819 0.01276
7242.05 0.24844 0.01276
7245.81 0.24869 0.01277
7249.57 0.24894 0.01278
7253.33 0.24919 0.01278
7257.09 0.24944 0.01279
7260.38 0.24966 0.01279
7264.14 0.24991 0.0128
7267.9 0.25016 0.0128
7271.66 0.25041 0.01281
7275.42 0.25066 0.01281
7279.18 0.25091 0.01282
7282.94 0.25116 0.01283
7286.7 0.25141 0.01283
7290.46 0.25166 0.01284
7294.22 0.25191 0.01284
7297.98 0.25216 0.01285
7301.27 0.25238 0.01285
7305.03 0.25263 0.01286
7308.79 0.25288 0.01287
7312.55 0.25313 0.01287
7316.31 0.25338 0.01288
7320.07 0.25363 0.01288
7323.83 0.25388 0.01289
7327.59 0.25413 0.01289
7331.35 0.25438 0.0129
7335.11 0.25463 0.01291
7338.87 0.25488 0.01291
7342.16 0.2551 0.01292
7345.92 0.25535 0.01292
7349.68 0.2556 0.01293
7353.44 0.25585 0.01293
7357.2 0.2561 0.01294
7360.96 0.25635 0.01294
7364.72 0.2566 0.01295
7368.48 0.25685 0.01296
7372.24 0.2571 0.01296
7376.0 0.25735 0.01297
7379.76 0.2576 0.01297
7383.52 0.25785 0.01298
7386.81 0.25806 0.01298
7390.57 0.25831 0.01299
7394.33 0.25856 0.01299
7398.09 0.25881 0.013
7401.85 0.25906 0.01301
7405.61 0.25929 0.01301
7409.37 0.25951 0.01301
7413.13 0.25973 0.01302
7416.89 0.25995 0.01302
7420.65 0.26017 0.01303
7424.41 0.26039 0.01303
7427.7 0.26058 0.01304
7431.46 0.2608 0.01304
7435.22 0.26102 0.01304
7438.98 0.26123 0.01305
7442.74 0.26145 0.01305
7446.5 0.26166 0.01305
7450.26 0.26188 0.01306
7454.02 0.26209 0.01306
7457.78 0.2623 0.01307
7461.54 0.26251 0.01307
7465.3 0.26272 0.01307
7469.06 0.26293 0.01308
7472.35 0.26311 0.01308
7476.11 0.26332 0.01308
7479.87 0.26352 0.01309
7483.63 0.26373 0.01309
7487.39 0.26393 0.01309
7491.15 0.26414 0.0131
7494.91 0.26434 0.0131
7498.67 0.26454 0.0131
7502.43 0.26474 0.01311
7506.19 0.26494 0.01311
7509.95 0.26514 0.01311
7513.24 0.26532 0.01311
7517.0 0.26551 0.01312
7520.76 0.26571 0.01312
7524.52 0.26591 0.01312
7528.28 0.2661 0.01313
7532.04 0.26629 0.01313
7535.8 0.26649 0.01313
7539.56 0.26668 0.01313
7543.32 0.26687 0.01314
7547.08 0.26706 0.01314
7550.84 0.26725 0.01314
7554.13 0.26741 0.01314
7557.89 0.2676 0.01314
7561.65 0.26776 0.01315
7565.41 0.26793 0.01315
7569.17 0.26809 0.01315
7572.93 0.26825 0.01315
7576.69 0.26841 0.01315
7580.45 0.26858 0.01315
7584.21 0.26874 0.01315
7587.97 0.2689 0.01315
7591.73 0.26906 0.01315
