calculator/instruments/deimos/original_plaintext_files/GG455_900ZD.txt
# %ECSV 1.0
# ---
# datatype:
# - {name: WAV, unit: Angstrom, datatype: float32}
# - {name: EFF, unit: electron / ph, datatype: float64}
# - {name: EFF_UNC, datatype: float64}
# meta: !!omap
# - {CWAV: '7000'}
# - {FILTER: GG455}
# - {GRATING: 900ZD}
# - {GRISM: none}
# - {MODE: spectroscopic}
# - {DICHROIC: none}
# schema: astropy-2.0
WAV EFF EFF_UNC
[from data line 679]
7645.48 0.19756 0.00864
7649.44 0.19739 0.00865
7652.96 0.19724 0.00866
7656.48 0.1971 0.00867
7660.0 0.19695 0.00868
7663.52 0.1968 0.00868
7667.48 0.19663 0.00869
7671.0 0.19648 0.0087
7674.52 0.19633 0.00871
7678.04 0.19618 0.00871
7681.56 0.19603 0.00872
7685.08 0.19588 0.00873
7689.04 0.19571 0.00874
7692.56 0.19556 0.00875
7696.08 0.19541 0.00875
7699.6 0.19527 0.00876
7703.12 0.19512 0.00877
7706.64 0.19497 0.00878
7710.6 0.1948 0.00879
7714.12 0.19465 0.00879
7717.64 0.1945 0.0088
7721.16 0.19435 0.00881
7724.68 0.1942 0.00882
7728.2 0.19405 0.00882
7732.16 0.19388 0.00883
7735.68 0.19373 0.00884
7739.2 0.19358 0.00885
7742.72 0.19344 0.00886
7746.24 0.19328 0.00886
7749.76 0.19312 0.00887
7753.72 0.19295 0.00888
7757.24 0.19279 0.00889
7760.76 0.19264 0.00889
7764.28 0.19248 0.0089
7767.8 0.19232 0.00891
7771.76 0.19215 0.00892
7775.28 0.19199 0.00892
7778.8 0.19183 0.00893
7782.32 0.19167 0.00894
7785.84 0.19152 0.00894
7789.36 0.19136 0.00895
7793.32 0.19118 0.00896
7796.84 0.19102 0.00897
7800.36 0.19086 0.00897
7803.88 0.19071 0.00898
7807.4 0.19055 0.00899
7810.92 0.19039 0.00899
7814.88 0.19021 0.009
7818.4 0.19005 0.00901
7821.92 0.18989 0.00902
7825.44 0.18973 0.00902
7828.96 0.18957 0.00903
7832.48 0.18941 0.00904
7836.44 0.18923 0.00905
7839.96 0.18907 0.00905
7843.48 0.18891 0.00906
7847.0 0.18875 0.00907
7850.52 0.18859 0.00907
7854.48 0.18841 0.00908
7858.0 0.18824 0.00909
7861.52 0.18808 0.00909
7865.04 0.18792 0.0091
7868.56 0.18776 0.00911
7872.08 0.1876 0.00911
7876.04 0.18742 0.00912
7879.56 0.18725 0.00913
7883.08 0.18709 0.00913
7886.6 0.18693 0.00914
7890.12 0.18677 0.00915
7893.64 0.1866 0.00915
7897.6 0.18642 0.00916
7901.12 0.18626 0.00917
7904.64 0.18609 0.00917
7908.16 0.18593 0.00918
7911.68 0.18577 0.00919
7915.2 0.1856 0.00919
7919.16 0.18542 0.0092
7922.68 0.18525 0.00921
7926.2 0.18509 0.00921
7929.72 0.18493 0.00922
7933.24 0.18476 0.00923
7936.76 0.1846 0.00923
7940.72 0.18441 0.00924
7944.24 0.18425 0.00925
7947.76 0.18408 0.00925
7951.28 0.18392 0.00926
7954.8 0.18375 0.00927
7958.76 0.18357 0.00927
7962.28 0.1834 0.00928
7965.8 0.18324 0.00928
7969.32 0.18307 0.00929
7972.84 0.18291 0.0093
7976.36 0.18274 0.0093
7980.32 0.18255 0.00931
7983.84 0.18239 0.00932
7987.36 0.18222 0.00932
7990.88 0.18206 0.00933
7994.4 0.18189 0.00933
7997.92 0.18172 0.00934
8001.88 0.18154 0.00935
8005.4 0.18137 0.00935
8008.92 0.1812 0.00936
8012.44 0.18104 0.00936
8015.96 0.18087 0.00937
8019.48 0.1807 0.00938
8023.44 0.18052 0.00938
8026.96 0.18035 0.00939
8030.48 0.18018 0.00939
8034.0 0.18001 0.0094
8037.52 0.17985 0.00941
8041.04 0.17968 0.00941
8045.0 0.17949 0.00942
8048.52 0.17932 0.00942
8052.04 0.17916 0.00943
8055.56 0.17899 0.00943
8059.08 0.17882 0.00944
8063.04 0.17863 0.00945
8066.56 0.17846 0.00945
8070.08 0.1783 0.00946
8073.6 0.17813 0.00946
8077.12 0.17796 0.00947
8080.64 0.17779 0.00947
8084.6 0.1776 0.00948
8088.12 0.17743 0.00948
8091.64 0.17726 0.00949
8095.16 0.1771 0.00949
8098.68 0.17693 0.0095
8102.2 0.17676 0.0095
8106.16 0.17657 0.00951
8109.68 0.1764 0.00952
8113.2 0.17623 0.00952
8116.72 0.17606 0.00953
8120.24 0.1759 0.00953
8123.76 0.17573 0.00954
8127.72 0.17554 0.00954
8131.24 0.17537 0.00954
8134.76 0.1752 0.00955
8138.28 0.17503 0.00955
8141.8 0.17486 0.00956
8145.76 0.17467 0.00956
8149.28 0.1745 0.00956
8152.8 0.17433 0.00957
8156.32 0.17416 0.00957
8159.84 0.17399 0.00958
8163.36 0.17382 0.00958
8167.32 0.17363 0.00958
8170.84 0.17347 0.00959
8174.36 0.1733 0.00959
8177.88 0.17313 0.00959
8181.4 0.17296 0.0096
8184.92 0.17279 0.0096
8188.88 0.1726 0.00961
8192.4 0.17243 0.00961
8195.92 0.17226 0.00961
8199.44 0.17209 0.00962
8202.96 0.17192 0.00962
8206.48 0.17175 0.00962
8210.44 0.17156 0.00963
8213.96 0.1714 0.00963
8217.48 0.17123 0.00964
8221.0 0.17106 0.00964
8224.52 0.17089 0.00964
8228.04 0.17072 0.00965
8232.0 0.17053 0.00965
8235.52 0.17036 0.00966
8239.04 0.17019 0.00966
8242.56 0.17002 0.00966
8246.08 0.16985 0.00967
8250.04 0.16966 0.00967
8253.56 0.16949 0.00967
8257.08 0.16932 0.00968
8260.6 0.16916 0.00968
8264.12 0.16899 0.00969
8267.64 0.16882 0.00969
8271.6 0.16863 0.00969
8275.12 0.16846 0.0097
8278.64 0.16829 0.0097
8282.16 0.16812 0.00971
8285.68 0.16795 0.00971
8289.2 0.16778 0.00971
8293.16 0.16759 0.00972
8296.68 0.16742 0.00972
8300.2 0.16725 0.00972
8303.72 0.16709 0.00973
8307.24 0.16692 0.00973
8310.76 0.16675 0.00974
8314.72 0.16656 0.00974
8318.24 0.16639 0.00974
8321.76 0.16622 0.00975
8325.28 0.16605 0.00975
8328.8 0.16588 0.00976
8332.76 0.16569 0.00976
8336.28 0.16552 0.00976
8339.8 0.16535 0.00977
8343.32 0.16518 0.00977
8346.84 0.16501 0.00977
8350.36 0.16485 0.00978
8354.32 0.16466 0.00978
8357.84 0.16449 0.00979
8361.36 0.16432 0.00979
8364.88 0.16415 0.00979
8368.4 0.16398 0.0098
8371.92 0.16381 0.0098
8375.88 0.16362 0.00981
8379.4 0.16345 0.00981
8382.92 0.16328 0.00981
8386.44 0.16311 0.00982
8389.96 0.16294 0.00982
8393.48 0.16277 0.00983
8397.44 0.16259 0.00983
8400.96 0.16242 0.00983
8404.48 0.16225 0.00983
8408.0 0.16208 0.00983
8411.52 0.16192 0.00984
8415.04 0.16175 0.00984
8419.0 0.16156 0.00984
8422.52 0.16139 0.00984
8426.04 0.16123 0.00985
8429.56 0.16106 0.00985
8433.08 0.16089 0.00985
8437.04 0.1607 0.00985
8440.56 0.16054 0.00985
8444.08 0.16037 0.00986
8447.6 0.16021 0.00986
8451.12 0.16004 0.00986
8454.64 0.15987 0.00986
8458.6 0.15969 0.00986
8462.12 0.15952 0.00987
8465.64 0.15935 0.00987
8469.16 0.15919 0.00987
8472.68 0.15902 0.00987
8476.2 0.15886 0.00987
8480.16 0.15867 0.00987
8483.68 0.1585 0.00987
8487.2 0.15834 0.00988
8490.72 0.15817 0.00988
8494.24 0.15801 0.00988
8497.76 0.15784 0.00988
8501.72 0.15766 0.00988
8505.24 0.15749 0.00988
8508.76 0.15733 0.00988
8512.28 0.15716 0.00988
8515.8 0.157 0.00989
8519.76 0.15681 0.00989
8523.28 0.15665 0.00989
8526.8 0.15649 0.00989
8530.32 0.15632 0.00989
8533.84 0.15616 0.00989
8537.36 0.156 0.00989
8541.32 0.15581 0.00989
8544.84 0.15565 0.00989
8548.36 0.15548 0.00989
8551.88 0.15532 0.00989
8555.4 0.15516 0.00989
8558.92 0.155 0.0099
8562.88 0.15481 0.0099
8566.4 0.15465 0.0099
8569.92 0.15449 0.0099
8573.44 0.15433 0.0099
8576.96 0.15416 0.0099
8580.48 0.154 0.0099
8584.44 0.15382 0.0099
8587.96 0.15366 0.0099
8591.48 0.1535 0.0099
8595.0 0.15334 0.0099
8598.52 0.15317 0.0099
8602.04 0.15301 0.0099
8606.0 0.15283 0.0099
8609.52 0.15267 0.0099
8613.04 0.15251 0.0099
8616.56 0.15235 0.0099
8620.08 0.15219 0.0099
8624.04 0.15201 0.0099
8627.56 0.15185 0.0099
8631.08 0.15169 0.0099
8634.6 0.15153 0.0099
8638.12 0.15137 0.0099
8641.64 0.15121 0.00989
8645.6 0.15104 0.00989
8649.12 0.15088 0.00989
8652.64 0.15072 0.00989
8656.16 0.15056 0.00989
8659.68 0.1504 0.00989
8663.2 0.15024 0.00989
8667.16 0.15007 0.00989
8670.68 0.14991 0.00989
8674.2 0.14975 0.00989
8677.72 0.14959 0.00989
8681.24 0.14944 0.00989
8684.76 0.14928 0.00988
8688.72 0.1491 0.00988
8692.24 0.14895 0.00988
8695.76 0.14879 0.00988
8699.28 0.14864 0.00988
8702.8 0.14848 0.00988
8706.76 0.1483 0.00988
8710.28 0.14815 0.00988
8713.8 0.14799 0.00987
8717.32 0.14784 0.00987
8720.84 0.14768 0.00987
8724.36 0.14753 0.00987
8728.32 0.14736 0.00987
8731.84 0.1472 0.00987
8735.36 0.14705 0.00986
8738.88 0.14689 0.00986
8742.4 0.14674 0.00986
8745.92 0.14659 0.00986
8749.88 0.14642 0.00986
8753.4 0.14626 0.00985
8756.92 0.14611 0.00985
8760.44 0.14596 0.00985
8763.96 0.14581 0.00985
8767.48 0.14565 0.00985
8771.44 0.14548 0.00984
8774.96 0.14533 0.00984
8778.48 0.14518 0.00984
8782.0 0.14503 0.00984
8785.52 0.14488 0.00983
8789.04 0.14473 0.00983
8793.0 0.14456 0.00983
