calculator/instruments/deimos/original_plaintext_files/GG455_830G.txt
# %ECSV 1.0
# ---
# datatype:
# - {name: WAV, unit: Angstrom, datatype: float32}
# - {name: EFF, unit: electron / ph, datatype: float64}
# - {name: EFF_UNC, datatype: float64}
# meta: !!omap
# - {CWAV: '7000'}
# - {FILTER: GG455}
# - {GRATING: 830G}
# - {GRISM: none}
# - {MODE: spectroscopic}
# - {DICHROIC: none}
# schema: astropy-2.0
WAV EFF EFF_UNC
[from data line 677]
7598.78 0.26937 0.01315
7602.54 0.26953 0.01315
7606.3 0.26969 0.01315
7610.06 0.26985 0.01315
7613.82 0.27002 0.01315
7617.58 0.27018 0.01315
7621.34 0.27034 0.01316
7625.1 0.2705 0.01316
7628.86 0.27067 0.01316
7632.62 0.27083 0.01316
7636.38 0.27099 0.01316
7639.67 0.27113 0.01316
7643.43 0.2713 0.01316
7647.19 0.27146 0.01316
7650.95 0.27162 0.01316
7654.71 0.27178 0.01316
7658.47 0.27195 0.01316
7662.23 0.27211 0.01316
7665.99 0.27227 0.01316
7669.75 0.27243 0.01316
7673.51 0.2726 0.01316
7677.27 0.27276 0.01316
7680.56 0.2729 0.01316
7684.32 0.27306 0.01317
7688.08 0.27323 0.01317
7691.84 0.27339 0.01317
7695.6 0.27355 0.01317
7699.36 0.27371 0.01317
7703.12 0.27387 0.01317
7706.88 0.27404 0.01317
7710.64 0.2742 0.01317
7714.4 0.27436 0.01317
7718.16 0.27452 0.01317
7721.92 0.27469 0.01317
7725.21 0.27483 0.01317
7728.97 0.27499 0.01317
7732.73 0.27515 0.01317
7736.49 0.27532 0.01317
7740.25 0.27548 0.01317
7744.01 0.27562 0.01317
7747.77 0.27575 0.01317
7751.53 0.27588 0.01317
7755.29 0.27602 0.01317
7759.05 0.27615 0.01317
7762.81 0.27628 0.01317
7766.1 0.27639 0.01317
7769.86 0.27652 0.01316
7773.62 0.27665 0.01316
7777.38 0.27678 0.01316
7781.14 0.2769 0.01316
7784.9 0.27703 0.01316
7788.66 0.27715 0.01315
7792.42 0.27727 0.01315
7796.18 0.27739 0.01315
7799.94 0.27751 0.01315
7803.7 0.27763 0.01315
7806.99 0.27773 0.01314
7810.75 0.27785 0.01314
7814.51 0.27796 0.01314
7818.27 0.27808 0.01314
7822.03 0.27819 0.01313
7825.79 0.2783 0.01313
7829.55 0.27841 0.01313
7833.31 0.27852 0.01312
7837.07 0.27863 0.01312
7840.83 0.27874 0.01312
7844.59 0.27884 0.01311
7848.35 0.27895 0.01311
7851.64 0.27904 0.01311
7855.4 0.27914 0.0131
7859.16 0.27924 0.0131
7862.92 0.27934 0.0131
7866.68 0.27944 0.01309
7870.44 0.27954 0.01309
7874.2 0.27964 0.01309
7877.96 0.27973 0.01308
7881.72 0.27982 0.01308
7885.48 0.27992 0.01307
7889.24 0.28001 0.01307
7892.53 0.28009 0.01307
7896.29 0.28018 0.01306
7900.05 0.28027 0.01306
7903.81 0.28035 0.01305
7907.57 0.28044 0.01305
7911.33 0.28052 0.01304
7915.09 0.28061 0.01304
7918.85 0.28069 0.01303
7922.61 0.28077 0.01303
7926.37 0.28085 0.01302
7930.13 0.28093 0.01302
7933.89 0.281 0.01301
7937.18 0.28107 0.01301
7940.94 0.28114 0.013
7944.7 0.28122 0.01299
7948.46 0.28129 0.01299
7952.22 0.28136 0.01298
7955.98 0.28143 0.01298
7959.74 0.2815 0.01297
7963.5 0.28156 0.01297
7967.26 0.28163 0.01296
7971.02 0.28169 0.01295
7974.78 0.28176 0.01295
7978.07 0.28181 0.01294
7981.83 0.28187 0.01293
7985.59 0.28193 0.01293
7989.35 0.28199 0.01292
7993.11 0.28204 0.01291
7996.87 0.2821 0.01291
8000.63 0.28215 0.0129
8004.39 0.28221 0.01289
8008.15 0.28226 0.01289
8011.91 0.28231 0.01288
8015.67 0.28236 0.01287
8018.96 0.2824 0.01286
8022.72 0.28245 0.01286
8026.48 0.28249 0.01285
8030.24 0.28253 0.01284
8034.0 0.28258 0.01283
8037.76 0.28262 0.01282
8041.52 0.28266 0.01282
8045.28 0.2827 0.01281
8049.04 0.28273 0.0128
8052.8 0.28277 0.01279
8056.56 0.2828 0.01278
8060.32 0.28283 0.01277
8063.61 0.28286 0.01277
8067.37 0.28289 0.01276
8071.13 0.28292 0.01275
8074.89 0.28295 0.01274
8078.65 0.28298 0.01273
8082.41 0.283 0.01272
8086.17 0.28302 0.01271
8089.93 0.28305 0.0127
8093.69 0.28307 0.01269
8097.45 0.28309 0.01268
8101.21 0.2831 0.01267
8104.5 0.28312 0.01266
8108.26 0.28313 0.01265
8112.02 0.28315 0.01264
8115.78 0.28316 0.01263
8119.54 0.28317 0.01262
8123.3 0.28318 0.01261
8127.06 0.28319 0.0126
8130.82 0.28315 0.01259
8134.58 0.2831 0.01257
8138.34 0.28306 0.01256
8142.1 0.28301 0.01254
8145.39 0.28297 0.01253
8149.15 0.28293 0.01251
8152.91 0.28288 0.0125
8156.67 0.28284 0.01248
8160.43 0.2828 0.01247
8164.19 0.28275 0.01246
8167.95 0.28271 0.01244
8171.71 0.28266 0.01243
8175.47 0.28262 0.01241
8179.23 0.28257 0.0124
8182.99 0.28253 0.01238
8186.75 0.28248 0.01237
8190.04 0.28245 0.01235
8193.8 0.2824 0.01234
8197.56 0.28236 0.01232
8201.32 0.28231 0.01231
8205.08 0.28227 0.01229
8208.84 0.28222 0.01228
8212.6 0.28218 0.01226
8216.36 0.28213 0.01225
8220.12 0.28209 0.01223
8223.88 0.28205 0.01222
8227.64 0.282 0.01221
8230.93 0.28196 0.01219
8234.69 0.28192 0.01218
8238.45 0.28187 0.01216
8242.21 0.28183 0.01215
8245.97 0.28178 0.01213
8249.73 0.28174 0.01212
8253.49 0.28169 0.0121
8257.25 0.28165 0.01209
8261.01 0.28161 0.01207
8264.77 0.28156 0.01206
8268.53 0.28152 0.01204
8271.82 0.28148 0.01203
8275.58 0.28143 0.01202
8279.34 0.28139 0.012
8283.1 0.28134 0.01199
8286.86 0.2813 0.01197
8290.62 0.28126 0.01196
8294.38 0.28121 0.01194
8298.14 0.28117 0.01193
8301.9 0.28112 0.01191
8305.66 0.28108 0.0119
8309.42 0.28103 0.01188
8313.18 0.28099 0.01187
8316.47 0.28095 0.01185
8320.23 0.28091 0.01184
8323.99 0.28086 0.01183
8327.75 0.28082 0.01181
8331.51 0.28077 0.0118
8335.27 0.28073 0.01178
8339.03 0.28068 0.01177
8342.79 0.28064 0.01175
8346.55 0.28059 0.01174
8350.31 0.28055 0.01172
8354.07 0.28051 0.01171
8357.36 0.28047 0.01169
8361.12 0.28042 0.01168
8364.88 0.28038 0.01166
8368.64 0.28033 0.01165
8372.4 0.28029 0.01163
8376.16 0.28024 0.01162
8379.92 0.2802 0.0116
8383.68 0.28016 0.01159
8387.44 0.28011 0.01158
8391.2 0.28007 0.01156
8394.96 0.27997 0.01154
8398.72 0.27986 0.01152
8402.01 0.27977 0.0115
8405.77 0.27967 0.01148
8409.53 0.27956 0.01147
8413.29 0.27946 0.01145
8417.05 0.27935 0.01143
8420.81 0.27924 0.0114
8424.57 0.27912 0.01138
8428.33 0.27901 0.01136
8432.09 0.27889 0.01134
8435.85 0.27877 0.01132
8439.61 0.27865 0.0113
8442.9 0.27855 0.01128
8446.66 0.27843 0.01126
8450.42 0.2783 0.01124
8454.18 0.27818 0.01122
8457.94 0.27805 0.0112
8461.7 0.27792 0.01118
8465.46 0.27779 0.01115
8469.22 0.27766 0.01113
8472.98 0.27752 0.01111
8476.74 0.27739 0.01109
8480.5 0.27725 0.01106
8483.79 0.27713 0.01105
8487.55 0.27699 0.01102
8491.31 0.27684 0.011
8495.07 0.2767 0.01098
8498.83 0.27655 0.01095
8502.59 0.2764 0.01093
8506.35 0.27626 0.01091
8510.11 0.2761 0.01088
8513.87 0.27595 0.01086
8517.63 0.2758 0.01084
8521.39 0.27564 0.01081
8525.15 0.27548 0.01079
8528.44 0.27534 0.01077
8532.2 0.27518 0.01074
8535.96 0.27502 0.01072
8539.72 0.27485 0.01069
8543.48 0.27469 0.01067
8547.24 0.27452 0.01064
8551.0 0.27435 0.01062
8554.76 0.27418 0.01059
8558.52 0.274 0.01057
8562.28 0.27383 0.01054
8566.04 0.27365 0.01051
8569.33 0.27349 0.01049
8573.09 0.27331 0.01047
8576.85 0.27313 0.01044
8580.61 0.27295 0.01041
8584.37 0.27276 0.01039
8588.13 0.27257 0.01036
8591.89 0.27239 0.01033
8595.65 0.27219 0.01031
8599.41 0.272 0.01028
8603.17 0.27181 0.01025
8606.93 0.27161 0.01023
8610.22 0.27144 0.0102
8613.98 0.27124 0.01017
8617.74 0.27104 0.01015
8621.5 0.27083 0.01012
8625.26 0.27063 0.01009
8629.02 0.27042 0.01006
8632.78 0.27021 0.01003
8636.54 0.27 0.01
8640.3 0.26979 0.00997
8644.06 0.26957 0.00995
8647.82 0.26936 0.00992
8651.58 0.26914 0.00989
8654.87 0.26895 0.00986
8658.63 0.26873 0.00983
8662.39 0.2685 0.0098
8666.15 0.26828 0.00977
8669.91 0.26805 0.00974
8673.67 0.26782 0.00971
8677.43 0.26759 0.00968
8681.19 0.26736 0.00965
8684.95 0.26712 0.00962
8688.71 0.26689 0.00959
8692.47 0.26665 0.00956
8695.76 0.26644 0.00953
8699.52 0.2662 0.0095
8703.28 0.26595 0.00947
8707.04 0.26571 0.00944
8710.8 0.26546 0.00941
8714.56 0.26521 0.00937
8718.32 0.26496 0.00934
8722.08 0.26471 0.00931
8725.84 0.26445 0.00928
8729.6 0.2642 0.00924
8733.36 0.26394 0.00921
8736.65 0.26371 0.00918
8740.41 0.26345 0.00915
8744.17 0.26319 0.00912
8747.93 0.26292 0.00908
8751.69 0.26265 0.00905
8755.45 0.26238 0.00902
8759.21 0.26211 0.00898
8762.97 0.26184 0.00895
8766.73 0.26156 0.00891
8770.49 0.26128 0.00888
8774.25 0.261 0.00884
8778.01 0.26072 0.00881
8781.3 0.26047 0.00878
8785.06 0.26019 0.00874
8788.82 0.2599 0.00871
8792.58 0.25961 0.00867
