calculator/instruments/deimos/original_plaintext_files/GG455_1200B.txt
# %ECSV 1.0
# ---
# datatype:
# - {name: WAV, unit: Angstrom, datatype: float32}
# - {name: EFF, unit: electron / ph, datatype: float64}
# - {name: EFF_UNC, datatype: float64}
# meta: !!omap
# - {CWAV: '7000'}
# - {FILTER: GG455}
# - {GRATING: 1200B}
# - {GRISM: none}
# - {MODE: spectroscopic}
# - {DICHROIC: none}
# schema: astropy-2.0
WAV EFF EFF_UNC
5645.35 0.14919 0.0
5647.99 0.14937 0.0
5650.63 0.14955 0.0
5653.6 0.14975 0.0
5656.24 0.14993 0.0
5658.88 0.15011 0.0
5661.52 0.15028 0.0
5664.16 0.15046 0.0
5667.13 0.15066 0.0
5669.77 0.15083 0.0
5672.41 0.15101 0.0
5675.05 0.15118 0.0
5677.69 0.15135 0.0
5680.33 0.15152 0.0
5683.3 0.15172 0.0
5685.94 0.15189 0.0
5688.58 0.15206 0.0
5691.22 0.15223 0.0
5693.86 0.15239 0.0
5696.83 0.15258 0.0
5699.47 0.15275 0.0
5702.11 0.15291 0.0
5704.75 0.15308 0.0
5707.39 0.15325 0.0
5710.36 0.15343 0.0
5713.0 0.15359 0.0
5715.64 0.15376 0.0
5718.28 0.15392 0.0
5720.92 0.15408 0.0
5723.56 0.15424 0.0
5726.53 0.15442 0.0
5729.17 0.15458 0.0
5731.81 0.15474 0.0
5734.45 0.1549 0.0
5737.09 0.15505 0.0
5740.06 0.15523 0.0
5742.7 0.15538 0.0
5745.34 0.15554 0.0
5747.98 0.15569 0.0
5750.62 0.15585 0.0
5753.59 0.15602 0.0
5756.23 0.15617 0.0
5758.87 0.15632 0.0
5761.51 0.15648 0.0
5764.15 0.15663 0.0
5766.79 0.15678 0.0
5769.76 0.15694 0.0
5772.4 0.15709 0.0
5775.04 0.15724 0.0
5777.68 0.15739 0.0
5780.32 0.15753 0.0
5783.29 0.1577 0.0
5785.93 0.15784 0.0
5788.57 0.15799 0.0
5791.21 0.15813 0.0
5793.85 0.15827 0.0
5796.82 0.15843 0.0
5799.46 0.15857 0.0
5802.1 0.15871 0.0
5804.74 0.15885 0.0
5807.38 0.15899 0.0
5810.02 0.15913 0.0
5812.99 0.15929 0.0
5815.63 0.15943 0.0
5818.27 0.15956 0.0
5820.91 0.1597 0.0
5823.55 0.15984 0.0
5826.52 0.15999 0.0
5829.16 0.16012 0.0
5831.8 0.16026 0.0
5834.44 0.16039 0.0
5837.08 0.16052 0.0
5840.05 0.16067 0.0
5842.69 0.1608 0.0
5845.33 0.16093 0.0
5847.97 0.16106 0.0
5850.61 0.16119 0.0
5853.25 0.16132 0.0
5856.22 0.16146 0.0
5858.86 0.16159 0.0
5861.5 0.16172 0.0
5864.14 0.16184 0.0
5866.78 0.16197 0.0
5869.75 0.16211 0.0
5872.39 0.16223 0.0
5875.03 0.16235 0.0
5877.67 0.16248 0.0
5880.31 0.1626 0.0
5883.28 0.16274 0.0
5885.92 0.16286 0.0
5888.56 0.16298 0.0
5891.2 0.1631 0.0
5893.84 0.16322 0.0
5896.48 0.16333 0.0
5899.45 0.16347 0.0
5902.09 0.16358 0.0
5904.73 0.1637 0.0
5907.37 0.16382 0.0
5910.01 0.16393 0.0
5912.98 0.16406 0.0
5915.62 0.16417 0.0
5918.26 0.16429 0.0
5920.9 0.1644 0.0
5923.54 0.16451 0.0
5926.51 0.16464 0.0
5929.15 0.16475 0.0
5931.79 0.16486 0.0
5934.43 0.16497 0.0
5937.07 0.16508 0.0
5939.71 0.16518 0.0
5942.68 0.1653 0.0
5945.32 0.16541 0.0
5947.96 0.16552 0.0
5950.6 0.16562 0.0
5953.24 0.16573 0.0
5956.21 0.16585 0.0
5958.85 0.16595 0.0
5961.49 0.16605 0.0
5964.13 0.16616 0.0
5966.77 0.16626 0.0
5969.74 0.16637 0.0
5972.38 0.16647 0.0
5975.02 0.16657 0.0
5977.66 0.16667 0.0
5980.3 0.16677 0.0
5982.94 0.16687 0.0
5985.91 0.16698 0.0
5988.55 0.16708 0.0
5991.19 0.16718 0.0
5993.83 0.16727 0.0
5996.47 0.16737 0.0
5999.44 0.16747 0.0
6002.08 0.16757 0.0
6004.72 0.16766 0.0
6007.36 0.16776 0.0
6010.0 0.16785 0.0
6012.97 0.16795 0.0
6015.61 0.16804 0.0
6018.25 0.16813 0.0
6020.89 0.16822 0.0
6023.53 0.16831 0.0
6026.5 0.16841 0.0
6029.14 0.1685 0.0
6031.78 0.16859 0.0
6034.42 0.16868 0.0
6037.06 0.16876 0.0
6039.7 0.16885 0.0
6042.67 0.16895 0.0
6045.31 0.16903 0.0
6047.95 0.16912 0.0
6050.59 0.1692 0.0
6053.23 0.16928 0.0
6056.2 0.16938 0.0
6058.84 0.16946 0.0
6061.48 0.16954 0.0
6064.12 0.16962 0.0
6066.76 0.1697 0.0
6069.73 0.16979 0.0
6072.37 0.16987 0.0
6075.01 0.16995 0.0
6077.65 0.17003 0.0
6080.29 0.1701 0.0
6082.93 0.17018 0.0
6085.9 0.17027 0.0
6088.54 0.17034 0.0
6091.18 0.17042 0.0
6093.82 0.17049 0.0
6096.46 0.17057 0.0
6099.43 0.17065 0.0
6102.07 0.17072 0.0
6104.71 0.17079 0.0
6107.35 0.17087 0.0
6109.99 0.17094 0.0
6112.96 0.17102 0.0
6115.6 0.17109 0.0
6118.24 0.17116 0.0
6120.88 0.17122 0.0
6123.52 0.17129 0.0
6126.16 0.17136 0.0
6129.13 0.17144 0.0
6131.77 0.1715 0.0
6134.41 0.17157 0.0
6137.05 0.17164 0.0
6139.69 0.1717 0.0
6142.66 0.17177 0.0
6145.3 0.17184 0.0
6147.94 0.1719 0.0
6150.58 0.17196 0.0
6153.22 0.17203 0.0
6156.19 0.1721 0.0
6158.83 0.17216 0.0
6161.47 0.17222 0.0
6164.11 0.17228 0.0
6166.75 0.17234 0.0
6169.39 0.1724 0.0
6172.36 0.17246 0.0
6175.0 0.17252 0.0
6177.64 0.17258 0.0
6180.28 0.17264 0.0
6182.92 0.17269 0.0
6185.89 0.17276 0.0
6188.53 0.17281 0.0
6191.17 0.17287 0.0
6193.81 0.17292 0.0
6196.45 0.17298 0.0
6199.42 0.17304 0.0
6202.06 0.17309 0.0
6204.7 0.17314 0.0
6207.34 0.17319 0.0
6209.98 0.17324 0.0
6212.62 0.17329 0.0
6215.59 0.17335 0.0
6218.23 0.1734 0.0
6220.87 0.17345 0.0
6223.51 0.1735 0.0
6226.15 0.17355 0.0
6229.12 0.1736 0.0
6231.76 0.17365 0.0
6234.4 0.17369 0.0
6237.04 0.17374 0.0
6239.68 0.17379 0.0
6242.65 0.17384 0.0
6245.29 0.17388 0.0
6247.93 0.17393 0.0
6250.57 0.17397 0.0
6253.21 0.17401 0.0
6255.85 0.17405 0.0
6258.82 0.1741 0.0
6261.46 0.17414 0.0
6264.1 0.17418 0.0
6266.74 0.17422 0.0
6269.38 0.17426 0.0
6272.35 0.17431 0.0
6274.99 0.17435 0.0
6277.63 0.17439 0.0
6280.27 0.17442 0.0
6282.91 0.17445 0.0
6285.88 0.17449 0.0
6288.52 0.17452 0.0
6291.16 0.17455 0.0
6293.8 0.17458 0.0
6296.44 0.17462 0.0
6299.08 0.17465 0.0
6302.05 0.17469 0.0
6304.69 0.17472 0.0
6307.33 0.17475 0.0
6309.97 0.17478 0.0
6312.61 0.17482 0.0
6315.58 0.17485 0.0
6318.22 0.17488 0.0
6320.86 0.17492 0.0
6323.5 0.17495 0.0
6326.14 0.17498 0.0
6329.11 0.17502 0.0
6331.75 0.17505 0.0
6334.39 0.17508 0.0
6337.03 0.17511 0.0
6339.67 0.17515 0.0
6342.64 0.17518 0.0
6345.28 0.17521 0.0
6347.92 0.17524 0.0
6350.56 0.17526 0.0
6353.2 0.17529 0.0
6355.84 0.17531 0.0
6358.81 0.17534 0.0
6361.45 0.17536 0.0
6364.09 0.17538 0.0
6366.73 0.17541 0.0
6369.37 0.17543 0.0
6372.34 0.17545 0.0
6374.98 0.17547 0.0
6377.62 0.17549 0.0
6380.26 0.17551 0.0
6382.9 0.17553 0.0
6385.87 0.17556 0.0
6388.51 0.17557 0.0
6391.15 0.17559 0.0
6393.79 0.17561 0.0
6396.43 0.17563 0.0
6399.07 0.17565 0.0
6402.04 0.17566 0.0
6404.68 0.17568 0.0
6407.32 0.1757 0.0
6409.96 0.17571 0.0
6412.6 0.17573 0.0
6415.57 0.17574 0.0
6418.21 0.17576 0.0
6420.85 0.17577 0.0
6423.49 0.17578 0.0
6426.13 0.17579 0.0
6429.1 0.17581 0.0
6431.74 0.17582 0.0
6434.38 0.17583 0.0
6437.02 0.17584 0.0
6439.66 0.17585 0.0
6442.3 0.17586 0.0
6445.27 0.17587 0.0
6447.91 0.17588 0.0
6450.55 0.17589 0.0
6453.19 0.1759 0.0
6455.83 0.17591 0.0
6458.8 0.17591 0.0
6461.44 0.17592 0.0
6464.08 0.17593 0.0
6466.72 0.17593 0.0
6469.36 0.17594 0.0
6472.33 0.17594 0.0
6474.97 0.17595 0.0
6477.61 0.17595 0.0
6480.25 0.17596 0.0
6482.89 0.17596 0.0
6485.53 0.17596 0.0
6488.5 0.17596 0.0
6491.14 0.17597 0.0
6493.78 0.17597 0.0
6496.42 0.17597 0.0
6499.06 0.17597 0.0
6502.03 0.17597 0.0
6504.67 0.17597 0.0
6507.31 0.17597 0.0
6509.95 0.17597 0.0
6512.59 0.17597 0.0
6515.56 0.17597 0.0
6518.2 0.17596 0.0
6520.84 0.17596 0.0
6523.48 0.17596 0.0
6526.12 0.17595 0.0
6528.76 0.17595 0.0
6531.73 0.17595 0.0
6534.37 0.17594 0.0
6537.01 0.17594 0.0
6539.65 0.17593 0.0
6542.29 0.17592 0.0
6545.26 0.17591 0.0
6547.9 0.1759 0.0
6550.54 0.17589 0.0
6553.18 0.17587 0.0
6555.82 0.17586 0.0
6558.79 0.17585 0.0
6561.43 0.17584 0.0
6564.07 0.17583 0.0
6566.71 0.17582 0.0
6569.35 0.17581 0.0
6571.99 0.1758 0.0
6574.96 0.17578 0.0
6577.6 0.17577 0.0
6580.24 0.17576 0.0
6582.88 0.17575 0.0
6585.52 0.17574 0.0
6588.49 0.17573 0.0
6591.13 0.17572 0.0
6593.77 0.1757 0.0
6596.41 0.17569 0.0
6599.05 0.17568 0.0
6602.02 0.17567 0.0
6604.66 0.17566 0.0
6607.3 0.17565 0.0
6609.94 0.17564 0.0
6612.58 0.17563 0.0
6615.22 0.17561 0.0
6618.19 0.17559 0.0
6620.83 0.17557 0.0
6623.47 0.17556 0.0
6626.11 0.17554 0.0
6628.75 0.17552 0.0
6631.72 0.1755 0.0
6634.36 0.17548 0.0
6637.0 0.17546 0.0
6639.64 0.17544 0.0
6642.28 0.17542 0.0
6645.25 0.1754 0.0
6647.89 0.17537 0.0
6650.53 0.17535 0.0
6653.17 0.17533 0.0
6655.81 0.17531 0.0
6658.78 0.17528 0.0
6661.42 0.17526 0.0
6664.06 0.17524 0.0
6666.7 0.17521 0.0
6669.34 0.17519 0.0
6671.98 0.17517 0.0
6674.95 0.17514 0.0
6677.59 0.17511 0.0
6680.23 0.17509 0.0
6682.87 0.17506 0.0
6685.51 0.17504 0.0
6688.48 0.17501 0.0
6691.12 0.17498 0.0
6693.76 0.17495 0.0
6696.4 0.17492 0.0
6699.04 0.1749 0.0
6702.01 0.17486 0.0
6704.65 0.17484 0.0
6707.29 0.17481 0.0
6709.93 0.17478 0.0
6712.57 0.17475 0.0
6715.21 0.17472 0.0
6718.18 0.17468 0.0
6720.82 0.17465 0.0
6723.46 0.17462 0.0
6726.1 0.17459 0.0
6728.74 0.17456 0.0
6731.71 0.17452 0.0
6734.35 0.17449 0.0
6736.99 0.17446 0.0
6739.63 0.17443 0.0
6742.27 0.17439 0.0
6745.24 0.17435 0.0
6747.88 0.17432 0.0
6750.52 0.17429 0.0
6753.16 0.17425 0.0
6755.8 0.17422 0.0
6758.44 0.17418 0.0
6761.41 0.17414 0.0
6764.05 0.1741 0.0
6766.69 0.17407 0.0
6769.33 0.17403 0.0
6771.97 0.17399 0.0
6774.94 0.17395 0.0
6777.58 0.17391 0.0
6780.22 0.17388 0.0
6782.86 0.17384 0.0
6785.5 0.1738 0.0
6788.47 0.17376 0.0
6791.11 0.17372 0.0
6793.75 0.17368 0.0
6796.39 0.17364 0.0
6799.03 0.1736 0.0
6801.67 0.17356 0.0
6804.64 0.17351 0.0
6807.28 0.17347 0.0
6809.92 0.17343 0.0
6812.56 0.17338 0.0
6815.2 0.17334 0.0
6818.17 0.17329 0.0
6820.81 0.17325 0.0
6823.45 0.17321 0.0
6826.09 0.17317 0.0
6828.73 0.17312 0.0
6831.7 0.17307 0.0
6834.34 0.17303 0.0
6836.98 0.17298 0.0
6839.62 0.17294 0.0
6842.26 0.17288 0.0
6844.9 0.17283 0.0
6847.87 0.17277 0.0
6850.51 0.17271 0.0
6853.15 0.17266 0.0
6855.79 0.1726 0.0
6858.43 0.17255 0.0
6861.4 0.17248 0.0
6864.04 0.17243 0.0
6866.68 0.17237 0.0
6869.32 0.17232 0.0
6871.96 0.17226 0.0
6874.93 0.1722 0.0
6877.57 0.17215 0.0
6880.21 0.17209 0.0
6882.85 0.17204 0.0
6885.49 0.17198 0.0
6888.13 0.17193 0.0
6891.1 0.17187 0.0
6893.74 0.17181 0.0
6896.38 0.17176 0.0
6899.02 0.1717 0.0
6901.66 0.17165 0.0
6904.63 0.17158 0.0
6907.27 0.17153 0.0
6909.91 0.17147 0.0
6912.55 0.17142 0.0
6915.19 0.17136 0.0
6918.16 0.1713 0.0
6920.8 0.17125 0.0
6923.44 0.17119 0.0
6926.08 0.17114 0.0
6928.72 0.17108 0.0
6931.36 0.17103 0.0
6934.33 0.17097 0.0
6936.97 0.17091 0.0
6939.61 0.17086 0.0
6942.25 0.1708 0.0
6944.89 0.17075 0.0
6947.86 0.17068 0.0
6950.5 0.17063 0.0
6953.14 0.17057 0.0
6955.78 0.17052 0.0
6958.42 0.17046 0.0
6961.39 0.1704 0.0
6964.03 0.17035 0.0
6966.67 0.17029 0.0
6969.31 0.17024 0.0
6971.95 0.17018 0.0
6974.59 0.17013 0.0
6977.56 0.17006 0.0
6980.2 0.17001 0.0
6982.84 0.16995 0.0
6985.48 0.1699 0.0
6988.12 0.16984 0.0
6991.09 0.16978 0.0
6993.73 0.16973 0.0
7003.96 0.16951 0.0
7006.6 0.16946 0.0
7009.24 0.1694 0.0
7012.21 0.16934 0.0
7014.85 0.16929 0.0
7017.49 0.16923 0.0
7020.13 0.16918 0.0
7022.77 0.16912 0.0
7025.74 0.16906 0.0
7028.38 0.16901 0.0
7031.02 0.16895 0.0
7033.66 0.16889 0.0
7036.3 0.16882 0.0
7038.94 0.16876 0.0
7041.91 0.16868 0.0
7044.55 0.16862 0.0
7047.19 0.16855 0.0
7049.83 0.16849 0.0
7052.47 0.16842 0.0
7055.44 0.16835 0.0
7058.08 0.16828 0.0
7060.72 0.16821 0.0
7063.36 0.16815 0.0
7066.0 0.16808 0.0
7068.97 0.16801 0.0
7071.61 0.16794 0.0
7074.25 0.16787 0.0
7076.89 0.1678 0.0
7079.53 0.16773 0.0
7082.17 0.16767 0.0
7085.14 0.16759 0.0
7087.78 0.16752 0.0
7090.42 0.16745 0.0
7093.06 0.16738 0.0
7095.7 0.16731 0.0
7098.67 0.16723 0.0
7101.31 0.16716 0.0
7103.95 0.16709 0.0
7106.59 0.16702 0.0
7109.23 0.16695 0.0
7112.2 0.16687 0.0
7114.84 0.1668 0.0
7117.48 0.16673 0.0
7120.12 0.16666 0.0
7122.76 0.16659 0.0
7125.4 0.16652 0.0
7128.37 0.16644 0.0
7131.01 0.16636 0.0
7133.65 0.16629 0.0
7136.29 0.16622 0.0
7138.93 0.16615 0.0
7141.9 0.16606 0.0
7144.54 0.16599 0.0
7147.18 0.16591 0.0
7149.82 0.16583 0.0
7152.46 0.16575 0.0
7155.43 0.16566 0.0
7158.07 0.16558 0.0
7160.71 0.16549 0.0
7163.35 0.16541 0.0
7165.99 0.16533 0.0
7168.63 0.16525 0.0
7171.6 0.16516 0.0
7174.24 0.16508 0.0
7176.88 0.165 0.0
7179.52 0.16492 0.0
7182.16 0.16483 0.0
7185.13 0.16474 0.0
7187.77 0.16466 0.0
7190.41 0.16458 0.0
7193.05 0.1645 0.0
7195.69 0.16442 0.0
7198.66 0.16433 0.0
7201.3 0.16425 0.0
7203.94 0.16417 0.0
7206.58 0.16408 0.0
7209.22 0.164 0.0
7211.86 0.16392 0.0
7214.83 0.16383 0.0
7217.47 0.16375 0.0
7220.11 0.16367 0.0
7222.75 0.16359 0.0
7225.39 0.16351 0.0
7228.36 0.16341 0.0
7231.0 0.16333 0.0
7233.64 0.16325 0.0
7236.28 0.16317 0.0
7238.92 0.16309 0.0
7241.89 0.163 0.0
7244.53 0.16292 0.0
7247.17 0.16284 0.0
7249.81 0.16276 0.0
7252.45 0.16267 0.0
7255.09 0.16259 0.0
7258.06 0.1625 0.0
7260.7 0.16242 0.0
7263.34 0.16234 0.0
7265.98 0.16226 0.0
7268.62 0.16218 0.0
7271.59 0.16209 0.0
7274.23 0.16201 0.0
7276.87 0.16192 0.0
7279.51 0.16184 0.0
7282.15 0.16176 0.0
7285.12 0.16167 0.0
7287.76 0.16159 0.0
7290.4 0.16151 0.0
7293.04 0.16143 0.0
7295.68 0.16135 0.0
7298.32 0.16126 0.0
7301.29 0.16117 0.0
7303.93 0.16109 0.0
7306.57 0.16101 0.0
7309.21 0.16093 0.0
7311.85 0.16085 0.0
7314.82 0.16076 0.0
7317.46 0.16068 0.0
7320.1 0.1606 0.0
7322.74 0.16051 0.0
7325.38 0.16043 0.0
7328.35 0.16034 0.0
7330.99 0.16026 0.0
7333.63 0.16018 0.0
7336.27 0.1601 0.0
7338.91 0.16002 0.0
7341.88 0.15993 0.0
7344.52 0.15984 0.0
7347.16 0.15976 0.0
7349.8 0.15968 0.0
7352.44 0.1596 0.0
7355.08 0.15952 0.0
7358.05 0.15943 0.0
7360.69 0.15935 0.0
7363.33 0.15927 0.0
7365.97 0.15919 0.0
7368.61 0.1591 0.0
7371.58 0.15901 0.0
7374.22 0.15893 0.0
7376.86 0.15885 0.0
7379.5 0.15877 0.0
7382.14 0.15869 0.0
7385.11 0.1586 0.0
7387.75 0.15852 0.0
7390.39 0.15843 0.0
7393.03 0.15835 0.0
7395.67 0.15827 0.0
7398.31 0.15819 0.0
7401.28 0.1581 0.0
7403.92 0.15801 0.0
7406.56 0.15792 0.0
7409.2 0.15784 0.0
7411.84 0.15775 0.0
7414.81 0.15765 0.0
7417.45 0.15756 0.0
7420.09 0.15747 0.0
7422.73 0.15738 0.0
7425.37 0.1573 0.0
7428.34 0.1572 0.0
7430.98 0.15711 0.0
7433.62 0.15702 0.0
7436.26 0.15693 0.0
7438.9 0.15684 0.0
7441.54 0.15675 0.0
7444.51 0.15665 0.0
7447.15 0.15656 0.0
7449.79 0.15647 0.0
7452.43 0.15638 0.0
7455.07 0.15629 0.0
7458.04 0.15619 0.0
7460.68 0.1561 0.0
7463.32 0.15601 0.0
7465.96 0.15592 0.0
7468.6 0.15583 0.0
7471.57 0.15573 0.0
7474.21 0.15564 0.0
7476.85 0.15555 0.0
7479.49 0.15546 0.0
7482.13 0.15537 0.0
7484.77 0.15528 0.0
7487.74 0.15518 0.0
7490.38 0.15509 0.0
7493.02 0.155 0.0
7495.66 0.15491 0.0
7498.3 0.15482 0.0
7501.27 0.15471 0.0
7503.91 0.15462 0.0
7506.55 0.15453 0.0
7509.19 0.15444 0.0
7511.83 0.15435 0.0
7514.8 0.15425 0.0
7517.44 0.15416 0.0
7520.08 0.15406 0.0
7522.72 0.15397 0.0
7525.36 0.15388 0.0
7528.0 0.15379 0.0
7530.97 0.15369 0.0
7533.61 0.1536 0.0
7536.25 0.1535 0.0
7538.89 0.15341 0.0
7541.53 0.15332 0.0
7544.5 0.15322 0.0
7547.14 0.15312 0.0
7549.78 0.15303 0.0
7552.42 0.15294 0.0
7555.06 0.15285 0.0
7558.03 0.15274 0.0
7560.67 0.15265 0.0
7563.31 0.15256 0.0
7565.95 0.15246 0.0
7568.59 0.15237 0.0
7571.23 0.15228 0.0
7574.2 0.15217 0.0
7576.84 0.15208 0.0
7579.48 0.15199 0.0
7582.12 0.15189 0.0
7584.76 0.1518 0.0
7587.73 0.1517 0.0
7590.37 0.1516 0.0
7593.01 0.15151 0.0
7595.65 0.15142 0.0
7598.29 0.15132 0.0
7601.26 0.15122 0.0
7603.9 0.15112 0.0
7606.54 0.15103 0.0
7609.18 0.15094 0.0
7611.82 0.15084 0.0
7614.46 0.15075 0.0
7617.43 0.15065 0.0
7620.07 0.15055 0.0
7622.71 0.15046 0.0
7625.35 0.15037 0.0
7627.99 0.15027 0.0
7630.96 0.15017 0.0
7633.6 0.15007 0.0
7636.24 0.14998 0.0
7638.88 0.14989 0.0
7641.52 0.14979 0.0
7644.49 0.14969 0.0
7647.13 0.1496 0.0
7649.77 0.1495 0.0
7652.41 0.14941 0.0
7655.05 0.14932 0.0
7657.69 0.14922 0.0
7660.66 0.14912 0.0
7663.3 0.14902 0.0
7665.94 0.14893 0.0
7668.58 0.14884 0.0
7671.22 0.14875 0.0
7674.19 0.14864 0.0
7676.83 0.14855 0.0
7679.47 0.14845 0.0
7682.11 0.14836 0.0
7684.75 0.14827 0.0
7687.72 0.14816 0.0
7690.36 0.14807 0.0
7693.0 0.14798 0.0
7695.64 0.14788 0.0
7698.28 0.14779 0.0
7701.25 0.14768 0.0
7703.89 0.14759 0.0
7706.53 0.1475 0.0
7709.17 0.1474 0.0
7711.81 0.14731 0.0
7714.45 0.14722 0.0
7717.42 0.14711 0.0
7720.06 0.14702 0.0
7722.7 0.14693 0.0
7725.34 0.14683 0.0
7727.98 0.14674 0.0
7730.95 0.14663 0.0
7733.59 0.14654 0.0
7736.23 0.14645 0.0
7738.87 0.14635 0.0
7741.51 0.14626 0.0
7744.48 0.14616 0.0
7747.12 0.14606 0.0
7749.76 0.14597 0.0
7752.4 0.14588 0.0
7755.04 0.14578 0.0
7757.68 0.14569 0.0
7760.65 0.14558 0.0
7763.29 0.14549 0.0
7765.93 0.1454 0.0
7768.57 0.1453 0.0
7771.21 0.14521 0.0
7774.18 0.1451 0.0
7776.82 0.14501 0.0
7779.46 0.14492 0.0
7782.1 0.14482 0.0
7784.74 0.14473 0.0
7787.71 0.14463 0.0
7790.35 0.14453 0.0
7792.99 0.14444 0.0
7795.63 0.14435 0.0
7798.27 0.14425 0.0
7800.91 0.14416 0.0
7803.88 0.14406 0.0
7806.52 0.14396 0.0
7809.16 0.14387 0.0
7811.8 0.14378 0.0
7814.44 0.14368 0.0
7817.41 0.14358 0.0
7820.05 0.14349 0.0
7822.69 0.14339 0.0
7825.33 0.1433 0.0
7827.97 0.14321 0.0
7830.94 0.1431 0.0
7833.58 0.14301 0.0
7836.22 0.14292 0.0
7838.86 0.14282 0.0
7841.5 0.14273 0.0
7844.14 0.14264 0.0
7847.11 0.14254 0.0
7849.75 0.14244 0.0
7852.39 0.14235 0.0
7855.03 0.14226 0.0
7857.67 0.14217 0.0
7860.64 0.14206 0.0
7863.28 0.14197 0.0
7865.92 0.14188 0.0
7868.56 0.14179 0.0
7871.2 0.14169 0.0
7874.17 0.14159 0.0
7876.81 0.1415 0.0
7879.45 0.14141 0.0
7882.09 0.14132 0.0
7884.73 0.14122 0.0
7887.37 0.14113 0.0
7890.34 0.14103 0.0
7892.98 0.14094 0.0
7895.62 0.14085 0.0
7898.26 0.14076 0.0
7900.9 0.14066 0.0
7903.87 0.14056 0.0
7906.51 0.14047 0.0
7909.15 0.14038 0.0
7911.79 0.14029 0.0
7914.43 0.1402 0.0
7917.4 0.14009 0.0
7920.04 0.14 0.0
7922.68 0.13991 0.0
7925.32 0.13982 0.0
7927.96 0.13973 0.0
7930.6 0.13964 0.0
7933.57 0.13954 0.0
7936.21 0.13945 0.0
7938.85 0.13936 0.0
7941.49 0.13927 0.0
7944.13 0.13918 0.0
7947.1 0.13908 0.0
7949.74 0.13899 0.0
7952.38 0.1389 0.0
7955.02 0.13881 0.0
7957.66 0.13872 0.0
7960.63 0.13862 0.0
7963.27 0.13853 0.0
7965.91 0.13844 0.0
7968.55 0.13835 0.0
7971.19 0.13826 0.0
7973.83 0.13817 0.0
7976.8 0.13807 0.0
7979.44 0.13798 0.0
7982.08 0.13789 0.0
7984.72 0.1378 0.0
7987.36 0.13772 0.0
7990.33 0.13762 0.0
7992.97 0.13753 0.0
7995.61 0.13744 0.0
7998.25 0.13735 0.0
8000.89 0.13726 0.0
8003.86 0.13716 0.0
8006.5 0.13708 0.0
8009.14 0.13699 0.0
8011.78 0.1369 0.0
8014.42 0.13681 0.0
8017.39 0.13671 0.0
8020.03 0.13663 0.0
8022.67 0.13654 0.0
8025.31 0.13645 0.0
8027.95 0.13636 0.0
8030.59 0.13628 0.0
8033.56 0.13618 0.0
8036.2 0.13609 0.0
8038.84 0.13601 0.0
8041.48 0.13592 0.0
8044.12 0.13583 0.0
8047.09 0.13574 0.0
8049.73 0.13565 0.0
8052.37 0.13556 0.0
8055.01 0.13548 0.0
8057.65 0.13539 0.0
8060.62 0.1353 0.0
8063.26 0.13521 0.0
8065.9 0.13513 0.0
8068.54 0.13504 0.0
8071.18 0.13495 0.0
8073.82 0.13487 0.0
8076.79 0.13477 0.0
8079.43 0.13469 0.0
8082.07 0.1346 0.0
8084.71 0.13452 0.0
8087.35 0.13444 0.0
8090.32 0.13434 0.0
8092.96 0.13426 0.0
8095.6 0.13417 0.0
8098.24 0.13409 0.0
8100.88 0.134 0.0
8103.85 0.13391 0.0
8106.49 0.13383 0.0
8109.13 0.13374 0.0
8111.77 0.13366 0.0
8114.41 0.13358 0.0
8117.05 0.13349 0.0
8120.02 0.1334 0.0
8122.66 0.13332 0.0
8125.3 0.13324 0.0
8127.94 0.13315 0.0
