calculator/instruments/deimos/original_plaintext_files/OG550_830G.txt
# %ECSV 1.0
# ---
# datatype:
# - {name: WAV, unit: Angstrom, datatype: float32}
# - {name: EFF, unit: electron / ph, datatype: float64}
# - {name: EFF_UNC, datatype: float64}
# meta: !!omap
# - {CWAV: '8000'}
# - {FILTER: OG550}
# - {GRATING: 830G}
# - {GRISM: none}
# - {MODE: spectroscopic}
# - {DICHROIC: none}
# schema: astropy-2.0
WAV EFF EFF_UNC
[from data line 679]
8694.66 0.24853 0.01078
8698.42 0.24826 0.01077
8702.18 0.24798 0.01075
8705.94 0.2477 0.01073
8709.7 0.24742 0.01071
8713.93 0.24709 0.01069
8717.69 0.24681 0.01067
8721.45 0.24652 0.01065
8725.21 0.24622 0.01063
8728.97 0.24593 0.01061
8733.2 0.24559 0.01059
8736.96 0.24529 0.01057
8740.72 0.24499 0.01055
8744.48 0.24469 0.01053
8748.24 0.24438 0.01051
8752.0 0.24407 0.01049
8756.23 0.24372 0.01046
8759.99 0.2434 0.01044
8763.75 0.24309 0.01042
8767.51 0.24277 0.0104
8771.27 0.24245 0.01038
8775.5 0.24208 0.01036
8779.26 0.24176 0.01034
8783.02 0.24143 0.01031
8786.78 0.2411 0.01029
8790.54 0.24077 0.01027
8794.77 0.24039 0.01025
8798.53 0.24005 0.01023
8802.29 0.23971 0.01021
8806.05 0.23937 0.01019
8809.81 0.23902 0.01017
8813.57 0.23868 0.01015
8817.8 0.23828 0.01013
8821.56 0.23793 0.01011
8825.32 0.23758 0.01009
8829.08 0.23722 0.01007
8832.84 0.23687 0.01005
8837.07 0.23646 0.01003
8840.83 0.2361 0.01001
8844.59 0.23573 0.00999
8848.35 0.23536 0.00997
8852.11 0.235 0.00996
8856.34 0.23458 0.00994
8860.1 0.2342 0.00992
8863.86 0.23383 0.0099
8867.62 0.23345 0.00988
8871.38 0.23307 0.00987
8875.14 0.23268 0.00985
8879.37 0.23225 0.00984
8883.13 0.23186 0.00982
8886.89 0.23147 0.00981
8890.65 0.23108 0.00979
8894.41 0.23069 0.00978
8898.64 0.23024 0.00976
8902.4 0.22984 0.00975
8906.16 0.22944 0.00974
8909.92 0.22904 0.00972
8913.68 0.22863 0.00971
8917.91 0.22818 0.0097
8921.67 0.22777 0.00969
8925.43 0.22735 0.00968
8929.19 0.22694 0.00967
8932.95 0.22652 0.00966
8936.71 0.22611 0.00965
8940.94 0.22563 0.00964
8944.7 0.22521 0.00963
8948.46 0.22479 0.00963
8952.22 0.22436 0.00962
8955.98 0.22393 0.00961
8960.21 0.22344 0.00961
8963.97 0.22301 0.0096
8967.73 0.22258 0.0096
8971.49 0.2221 0.00959
8975.25 0.22163 0.00959
8979.48 0.2211 0.00959
8983.24 0.22063 0.00958
8987.0 0.22016 0.00958
8990.76 0.21969 0.00958
8994.52 0.21921 0.00958
8998.75 0.21868 0.00958
9002.51 0.21821 0.00958
9006.27 0.21774 0.00958
9010.03 0.21727 0.00958
9013.79 0.2168 0.00958
9017.55 0.21632 0.00959
9021.78 0.21579 0.00959
9025.54 0.21532 0.00959
9029.3 0.21485 0.0096
9033.06 0.21438 0.0096
9036.82 0.2139 0.00961
9041.05 0.21337 0.00962
9044.81 0.2129 0.00962
9048.57 0.21243 0.00963
9052.33 0.21196 0.00964
9056.09 0.21149 0.00965
9060.32 0.21096 0.00966
9064.08 0.21048 0.00967
9067.84 0.21001 0.00968
9071.6 0.20954 0.00969
9075.36 0.20907 0.0097
9079.12 0.2086 0.00971
9083.35 0.20807 0.00973
9087.11 0.20759 0.00974
9090.87 0.20712 0.00976
9094.63 0.20665 0.00977
9098.39 0.20618 0.00979
9102.62 0.20561 0.0098
9106.38 0.2051 0.00982
9110.14 0.20455 0.00983
9113.9 0.20399 0.00984
9117.66 0.20344 0.00985
9121.89 0.20282 0.00986
9125.65 0.20227 0.00987
9129.41 0.20172 0.00989
9133.17 0.20116 0.0099
9136.93 0.20061 0.00991
9140.69 0.20006 0.00993
9144.92 0.19944 0.00994
9148.68 0.19889 0.00996
9152.44 0.19834 0.00997
9156.2 0.19778 0.00999
9159.96 0.19723 0.01
9164.19 0.19661 0.01002
9167.95 0.19606 0.01004
9171.71 0.19551 0.01006
9175.47 0.19495 0.01007
9179.23 0.1944 0.01009
9183.46 0.19378 0.01011
9187.22 0.19323 0.01013
9190.98 0.19268 0.01015
9194.74 0.19213 0.01017
9198.5 0.19157 0.01019
9202.26 0.19102 0.01021
9206.49 0.1904 0.01023
9210.25 0.18985 0.01025
9214.01 0.1893 0.01027
9217.77 0.18875 0.0103
9221.53 0.18819 0.01032
9225.76 0.18757 0.01034
9229.52 0.18702 0.01037
9233.28 0.18647 0.01039
9237.04 0.18592 0.01041
9240.8 0.18536 0.01044
9245.03 0.18474 0.01046
9248.79 0.18419 0.01049
9252.55 0.18364 0.01051
9256.31 0.18309 0.01054
9260.07 0.18254 0.01056
9263.83 0.18198 0.01059
9268.06 0.18136 0.01062
9271.82 0.18081 0.01065
9275.58 0.18022 0.01066
9279.34 0.17962 0.01068
9283.1 0.17903 0.0107
9287.33 0.17835 0.01072
9291.09 0.17775 0.01074
9294.85 0.17715 0.01075
9298.61 0.17655 0.01077
9302.37 0.17594 0.01078
9306.6 0.17526 0.0108
9310.36 0.17465 0.01082
9314.12 0.17404 0.01083
9317.88 0.17343 0.01084
9321.64 0.17281 0.01086
9325.4 0.1722 0.01087
9329.63 0.1715 0.01088
9333.39 0.17088 0.01089
9337.15 0.17026 0.01091
9340.91 0.16964 0.01092
9344.67 0.16902 0.01093
9348.9 0.16831 0.01094
9352.66 0.16768 0.01095
9356.42 0.16706 0.01095
9360.18 0.16642 0.01096
9363.94 0.16579 0.01097
9368.17 0.16508 0.01097
9371.93 0.16444 0.01098
9375.69 0.16381 0.01098
9379.45 0.16317 0.01099
9383.21 0.16253 0.01099
9386.97 0.16188 0.01099
9391.2 0.16116 0.01099
9394.96 0.16051 0.011
9398.72 0.15987 0.01099
9402.48 0.15922 0.01099
9406.24 0.15857 0.01099
9410.47 0.15784 0.01099
9414.23 0.15718 0.01098
9417.99 0.15653 0.01098
9421.75 0.15587 0.01097
9425.51 0.15522 0.01097
9429.74 0.15447 0.01096
9433.5 0.15381 0.01095
9437.26 0.15315 0.01094
9441.02 0.15249 0.01093
9444.78 0.15182 0.01092
9449.01 0.15107 0.0109
9452.77 0.15041 0.01089
9456.53 0.14974 0.01087
9460.29 0.14907 0.01086
9464.05 0.1484 0.01084
9467.81 0.14772 0.01082
9472.04 0.14696 0.0108
9475.8 0.14629 0.01078
9479.56 0.14561 0.01075
9483.32 0.14493 0.01073
9487.08 0.14425 0.01071
9491.31 0.14348 0.01068
9495.07 0.1428 0.01065
9498.83 0.14212 0.01062
9502.59 0.14143 0.01059
9506.35 0.14074 0.01056
9510.58 0.13997 0.01052
9514.34 0.13928 0.01049
9518.1 0.13859 0.01046
9521.86 0.1379 0.01042
9525.62 0.1372 0.01038
9529.38 0.13651 0.01035
9533.61 0.13573 0.0103
9537.37 0.13503 0.01026
9541.13 0.13433 0.01022
9544.89 0.13363 0.01017
9548.65 0.13293 0.01013
9552.88 0.13214 0.01007
9556.64 0.13144 0.01003
9560.4 0.13073 0.00998
9564.16 0.13003 0.00993
9567.92 0.12932 0.00987
9572.15 0.12852 0.00981
9575.91 0.12781 0.00976
9579.67 0.1271 0.0097
9583.43 0.12639 0.00965
9587.19 0.12568 0.00959
9590.95 0.12497 0.00953
9595.18 0.12416 0.00946
9598.94 0.12345 0.0094
9602.7 0.12273 0.00933
9606.46 0.12201 0.00927
9610.22 0.12129 0.0092
9614.45 0.12048 0.00912
9618.21 0.11976 0.00905
9621.97 0.11904 0.00898
9625.73 0.11831 0.00891
9629.49 0.11759 0.00884
9633.72 0.11677 0.00876
9637.48 0.11604 0.00868
9641.24 0.11532 0.00861
9645.0 0.11459 0.00853
9648.76 0.11386 0.00845
9652.52 0.11313 0.00838
9656.75 0.11231 0.00829
9660.51 0.11157 0.00821
9664.27 0.11084 0.00813
9668.03 0.1101 0.00804
9671.79 0.10937 0.00796
9676.02 0.10854 0.00787
9679.78 0.1078 0.00779
9683.54 0.10706 0.0077
9687.3 0.10632 0.00762
9691.06 0.10558 0.00754
9695.29 0.10475 0.00744
9699.05 0.10401 0.00736
9702.81 0.10327 0.00728
9706.57 0.10252 0.0072
9710.33 0.10178 0.00712
9714.09 0.10103 0.00704
9718.32 0.10019 0.00695
9722.08 0.09945 0.00687
9725.84 0.0987 0.00679
9729.6 0.09795 0.00672
9733.36 0.0972 0.00665
9737.59 0.09635 0.00657
9741.35 0.0956 0.0065
9745.11 0.09485 0.00644
9748.87 0.0941 0.00637
9752.63 0.09334 0.00632
9756.86 0.0925 0.00625
9760.62 0.09174 0.0062
9764.38 0.09098 0.00616
9768.14 0.09023 0.00612
9771.9 0.08947 0.00608
9775.66 0.08871 0.00605
9779.89 0.08786 0.00603
9783.65 0.0871 0.00601
9787.41 0.08634 0.006
9791.17 0.08558 0.00599
9794.93 0.08482 0.006
9799.16 0.08396 0.00601
9802.92 0.0832 0.00603
9806.68 0.08243 0.00606
9810.44 0.08167 0.00609
9814.2 0.0809 0.00614
9818.43 0.08004 0.0062
9822.19 0.07928 0.00626
9825.95 0.07851 0.00633
9829.71 0.07774 0.00642
9833.47 0.07697 0.0065
9837.23 0.07621 0.0066
9841.46 0.07534 0.00672
9845.22 0.07457 0.00684
9848.98 0.0738 0.00697
9852.74 0.07303 0.0071
9856.5 0.07226 0.00724
9860.73 0.07139 0.00741
9864.49 0.07062 0.00757
9868.25 0.06984 0.00774
9872.01 0.06907 0.00792
9875.77 0.0683 0.0081
9880.0 0.06743 0.00831
9883.76 0.06665 0.00851
9887.52 0.06587 0.00872
9891.28 0.0651 0.00893
9895.04 0.06432 0.00915
9898.8 0.06355 0.00937
9903.03 0.06267 0.00964
9906.79 0.06189 0.00988
9910.55 0.06112 0.01012
9914.31 0.06034 0.01037
9918.07 0.05956 0.01063
9922.3 0.05868 0.01093
