calculator/instruments/deimos/original_plaintext_files/OG550_830G.txt
# %ECSV 1.0
# ---
# datatype:
# - {name: WAV, unit: Angstrom, datatype: float32}
# - {name: EFF, unit: electron / ph, datatype: float64}
# - {name: EFF_UNC, datatype: float64}
# meta: !!omap
# - {CWAV: '8000'}
# - {FILTER: OG550}
# - {GRATING: 830G}
# - {GRISM: none}
# - {MODE: spectroscopic}
# - {DICHROIC: none}
# schema: astropy-2.0
WAV EFF EFF_UNC
6070.65 0.12839 0.0057
6074.41 0.12883 0.00575
6078.17 0.12927 0.00581
6082.4 0.12976 0.00588
6086.16 0.1302 0.00593
6089.92 0.13064 0.00599
6093.68 0.13107 0.00605
6097.44 0.13151 0.0061
6101.67 0.132 0.00616
6105.43 0.13243 0.00622
6109.19 0.13287 0.00627
6112.95 0.1333 0.00633
6116.71 0.13373 0.00638
6120.47 0.13417 0.00644
6124.7 0.13465 0.0065
6128.46 0.13508 0.00655
6132.22 0.13551 0.00661
6135.98 0.13594 0.00666
6139.74 0.13637 0.00671
6143.97 0.13686 0.00677
6147.73 0.13728 0.00682
6151.49 0.13771 0.00687
6155.25 0.13814 0.00693
6159.01 0.13857 0.00698
6163.24 0.13905 0.00703
6167.0 0.13947 0.00709
6170.76 0.1399 0.00714
6174.52 0.14032 0.00719
6178.28 0.14075 0.00723
6182.04 0.14117 0.00728
6186.27 0.14164 0.00734
6190.03 0.14207 0.00739
6193.79 0.14249 0.00744
6197.55 0.14291 0.00748
6201.31 0.14333 0.00753
6205.54 0.1438 0.00759
6209.3 0.14422 0.00763
6213.06 0.14464 0.00768
6216.82 0.14506 0.00773
6220.58 0.14548 0.00777
6224.81 0.14595 0.00782
6228.57 0.14636 0.00787
6232.33 0.14678 0.00791
6236.09 0.14719 0.00796
6239.85 0.14761 0.008
6243.61 0.14802 0.00805
6247.84 0.14849 0.0081
6251.6 0.1489 0.00814
6255.36 0.14931 0.00818
6259.12 0.14973 0.00823
6262.88 0.15014 0.00827
6267.11 0.1506 0.00832
6270.87 0.15101 0.00836
6274.63 0.15142 0.0084
6278.39 0.15183 0.00844
6282.15 0.15223 0.00848
6286.38 0.15269 0.00852
6290.14 0.15309 0.00856
6293.9 0.15349 0.0086
6297.66 0.1539 0.00864
6301.42 0.1543 0.00867
6305.18 0.15471 0.00871
6309.41 0.15516 0.00876
6313.17 0.15556 0.00879
6316.93 0.15597 0.00883
6320.69 0.15637 0.00887
6324.45 0.15678 0.00891
6328.68 0.15723 0.00895
6332.44 0.15763 0.00899
6336.2 0.15804 0.00903
6339.96 0.15844 0.00907
6343.72 0.15885 0.00911
6347.95 0.15929 0.00915
6351.71 0.15969 0.00918
6355.47 0.16009 0.00922
6359.23 0.16049 0.00925
6362.99 0.16088 0.00929
6366.75 0.16128 0.00932
6370.98 0.16172 0.00936
6374.74 0.16212 0.00939
6378.5 0.16251 0.00943
6382.26 0.1629 0.00946
6386.02 0.1633 0.00949
6390.25 0.16374 0.00953
6394.01 0.16413 0.00956
6397.77 0.16452 0.00959
6401.53 0.16491 0.00962
6405.29 0.1653 0.00965
6409.52 0.16574 0.00969
6413.28 0.16612 0.00972
6417.04 0.16651 0.00975
6420.8 0.1669 0.00978
6424.56 0.16729 0.00981
6428.32 0.16767 0.00984
6432.55 0.16811 0.00987
6436.31 0.16849 0.0099
6440.07 0.16887 0.00993
6443.83 0.16926 0.00996
6447.59 0.16964 0.00999
6451.82 0.17007 0.01002
6455.58 0.17045 0.01004
6459.34 0.17083 0.01007
6463.1 0.17121 0.0101
6466.86 0.17159 0.01013
6471.09 0.17202 0.01016
6474.85 0.1724 0.01018
6478.61 0.17278 0.01021
6482.37 0.17315 0.01023
6486.13 0.17353 0.01026
6489.89 0.17391 0.01028
6494.12 0.17433 0.01031
6497.88 0.17471 0.01034
6501.64 0.17508 0.01036
6505.4 0.17545 0.01039
6509.16 0.17583 0.01041
6513.39 0.17625 0.01044
6517.15 0.17662 0.01046
6520.91 0.17699 0.01048
6524.67 0.17736 0.01051
6528.43 0.17773 0.01053
6532.66 0.17814 0.01055
6536.42 0.17851 0.01057
6540.18 0.17888 0.01059
6543.94 0.17924 0.01061
6547.7 0.1796 0.01063
6551.46 0.17996 0.01065
6555.69 0.18037 0.01068
6559.45 0.18073 0.0107
6563.21 0.18109 0.01072
6566.97 0.18146 0.01073
6570.73 0.18182 0.01075
6574.96 0.18223 0.01078
6578.72 0.18259 0.0108
6582.48 0.18295 0.01082
6586.24 0.18331 0.01084
6590.0 0.18367 0.01086
6594.23 0.18408 0.01088
6597.99 0.18444 0.0109
6601.75 0.18481 0.01092
6605.51 0.18517 0.01094
6609.27 0.18553 0.01096
6613.5 0.18594 0.01098
6617.26 0.18629 0.011
6621.02 0.18665 0.01101
6624.78 0.187 0.01103
6628.54 0.18736 0.01105
6632.3 0.18771 0.01106
6636.53 0.18811 0.01108
6640.29 0.18846 0.0111
6644.05 0.18881 0.01111
6647.81 0.18916 0.01113
6651.57 0.18951 0.01114
6655.8 0.1899 0.01116
6659.56 0.19025 0.01118
6663.32 0.1906 0.01119
6667.08 0.19094 0.01121
6670.84 0.19129 0.01122
6675.07 0.19168 0.01124
6678.83 0.19203 0.01125
6682.59 0.19237 0.01126
6686.35 0.19271 0.01128
6690.11 0.19306 0.01129
6693.87 0.1934 0.01131
6698.1 0.19379 0.01132
6701.86 0.19413 0.01133
6705.62 0.19447 0.01135
6709.38 0.19481 0.01136
6713.14 0.19515 0.01137
6717.37 0.19553 0.01138
6721.13 0.19587 0.0114
6724.89 0.1962 0.01141
6728.65 0.19654 0.01142
6732.41 0.19688 0.01143
6736.64 0.19725 0.01144
6740.4 0.19759 0.01146
6744.16 0.19792 0.01147
6747.92 0.19826 0.01148
6751.68 0.19859 0.01149
6755.44 0.19892 0.0115
6759.67 0.1993 0.01151
6763.43 0.19963 0.01152
6767.19 0.19996 0.01153
6770.95 0.20029 0.01154
6774.71 0.20062 0.01155
6778.94 0.20098 0.01156
6782.7 0.20131 0.01157
6786.46 0.20164 0.01158
6790.22 0.20197 0.01159
6793.98 0.20229 0.0116
6798.21 0.20266 0.01161
6801.97 0.20298 0.01162
6805.73 0.2033 0.01163
6809.49 0.20363 0.01163
6813.25 0.20395 0.01164
6817.01 0.20427 0.01165
6821.24 0.20463 0.01166
6825.0 0.20495 0.01167
6828.76 0.20527 0.01168
6832.52 0.20559 0.01168
6836.28 0.20591 0.01169
6840.51 0.20625 0.0117
6844.27 0.20655 0.0117
6848.03 0.20685 0.01171
6851.79 0.20715 0.01171
6855.55 0.20745 0.01171
6859.78 0.20779 0.01172
6863.54 0.20809 0.01172
6867.3 0.20839 0.01173
6871.06 0.20869 0.01173
6874.82 0.20899 0.01174
6878.58 0.20929 0.01174
6882.81 0.20963 0.01175
6886.57 0.20993 0.01175
6890.33 0.21023 0.01176
6894.09 0.21053 0.01176
6897.85 0.21083 0.01177
6902.08 0.21117 0.01177
6905.84 0.21147 0.01178
6909.6 0.21177 0.01178
6913.36 0.21207 0.01179
6917.12 0.21237 0.01179
6921.35 0.21271 0.0118
6925.11 0.21301 0.0118
6928.87 0.21331 0.01181
6932.63 0.21361 0.01181
6936.39 0.21391 0.01182
6940.15 0.21422 0.01182
6944.38 0.21455 0.01183
6948.14 0.21485 0.01183
6951.9 0.21515 0.01184
6955.66 0.21546 0.01184
6959.42 0.21576 0.01185
6963.65 0.21609 0.01185
6967.41 0.21639 0.01186
6971.17 0.2167 0.01186
6974.93 0.217 0.01187
6978.69 0.2173 0.01187
6982.92 0.21764 0.01188
6986.68 0.21794 0.01188
6990.44 0.21824 0.01189
6994.2 0.21854 0.01189
6997.96 0.21884 0.0119
7001.72 0.21914 0.0119
7005.95 0.21948 0.01191
7009.71 0.21978 0.01191
7013.47 0.22008 0.01192
7017.23 0.22038 0.01192
7020.99 0.22068 0.01193
7025.22 0.22102 0.01193
7028.98 0.22132 0.01194
7032.74 0.22162 0.01194
7036.5 0.2219 0.01194
7040.26 0.22218 0.01195
7044.49 0.2225 0.01195
7048.25 0.22278 0.01195
7052.01 0.22306 0.01195
7055.77 0.22334 0.01196
7059.53 0.22362 0.01196
7063.76 0.22393 0.01196
7067.52 0.22421 0.01196
7071.28 0.22448 0.01197
7075.04 0.22476 0.01197
7078.8 0.22503 0.01197
7082.56 0.22531 0.01197
7086.79 0.22561 0.01198
7090.55 0.22589 0.01198
7094.31 0.22616 0.01198
7098.07 0.22643 0.01198
7101.83 0.2267 0.01198
7106.06 0.227 0.01199
7109.82 0.22727 0.01199
7113.58 0.22754 0.01199
7117.34 0.22781 0.01199
7121.1 0.22807 0.01199
7125.33 0.22837 0.012
7129.09 0.22864 0.012
7132.85 0.2289 0.012
7136.61 0.22917 0.012
7140.37 0.22943 0.012
7144.13 0.22969 0.012
7148.36 0.22996 0.012
7152.12 0.23019 0.012
7155.88 0.23043 0.012
7159.64 0.23066 0.012
7163.4 0.2309 0.012
7167.63 0.23116 0.012
7171.39 0.23139 0.012
7175.15 0.23163 0.012
7178.91 0.23186 0.012
7182.67 0.2321 0.012
7186.9 0.23236 0.012
7190.66 0.2326 0.012
7194.42 0.23283 0.012
7198.18 0.23307 0.01201
7201.94 0.2333 0.01201
7205.7 0.23354 0.01201
7209.93 0.2338 0.01201
7213.69 0.23404 0.01201
7217.45 0.23427 0.01201
7221.21 0.23451 0.01201
7224.97 0.23474 0.01201
7229.2 0.235 0.01201
7232.96 0.23524 0.01201
7236.72 0.23547 0.01201
7240.48 0.23571 0.01201
7244.24 0.23594 0.01201
7248.47 0.23621 0.01201
7252.23 0.23644 0.01201
7255.99 0.23668 0.01201
7259.75 0.23691 0.01201
7263.51 0.23715 0.01201
7267.27 0.23738 0.01201
7271.5 0.23765 0.01201
7275.26 0.23788 0.01201
7279.02 0.23812 0.01201
7282.78 0.23835 0.01201
7286.54 0.23859 0.01201
7290.77 0.23885 0.01201
7294.53 0.23908 0.01201
7298.29 0.23932 0.01201
7302.05 0.23955 0.01201
7305.81 0.23979 0.01201
7310.04 0.24005 0.01201
7313.8 0.24029 0.01202
7317.56 0.24052 0.01202
7321.32 0.24076 0.01202
7325.08 0.24099 0.01202
7328.84 0.24123 0.01202
7333.07 0.24149 0.01202
7336.83 0.24173 0.01202
7340.59 0.24196 0.01202
7344.35 0.2422 0.01202
7348.11 0.24243 0.01202
7352.34 0.24269 0.01202
7356.1 0.24293 0.01202
7359.86 0.24316 0.01202
7363.62 0.2434 0.01202
7367.38 0.24363 0.01202
7371.61 0.2439 0.01203
7375.37 0.24413 0.01203
7379.13 0.24437 0.01203
7382.89 0.2446 0.01203
7386.65 0.24484 0.01203
7390.41 0.24507 0.01203
7394.64 0.24534 0.01203
7398.4 0.24557 0.01203
7402.16 0.24581 0.01203
7405.92 0.24601 0.01203
7409.68 0.24622 0.01203
7413.91 0.24645 0.01203
7417.67 0.24665 0.01203
7421.43 0.24685 0.01203
7425.19 0.24705 0.01203
7428.95 0.24725 0.01203
7433.18 0.24748 0.01203
7436.94 0.24768 0.01202
7440.7 0.24787 0.01202
7444.46 0.24807 0.01202
7448.22 0.24827 0.01202
7451.98 0.24846 0.01202
7456.21 0.24868 0.01202
7459.97 0.24887 0.01202
7463.73 0.24906 0.01202
7467.49 0.24926 0.01202
7471.25 0.24945 0.01202
7475.48 0.24966 0.01201
7479.24 0.24985 0.01201
7483.0 0.25004 0.01201
7486.76 0.25022 0.01201
7490.52 0.25041 0.01201
7494.75 0.25062 0.01201
7498.51 0.2508 0.01201
7502.27 0.25098 0.01201
7506.03 0.25116 0.012
7509.79 0.25134 0.012
7514.02 0.25155 0.012
7517.78 0.25173 0.012
7521.54 0.2519 0.012
7525.3 0.25208 0.012
7529.06 0.25226 0.012
7532.82 0.25243 0.01199
7537.05 0.25263 0.01199
7540.81 0.2528 0.01199
7544.57 0.25297 0.01199
7548.33 0.25314 0.01199
7552.09 0.25332 0.01199
7556.32 0.25351 0.01198
7560.08 0.25365 0.01198
7563.84 0.25379 0.01198
7567.6 0.25394 0.01198
7571.36 0.25408 0.01197
7575.59 0.25425 0.01197
7579.35 0.25439 0.01197
7583.11 0.25454 0.01197
7586.87 0.25468 0.01196
7590.63 0.25483 0.01196
7594.39 0.25497 0.01196
7598.62 0.25513 0.01196
7602.38 0.25528 0.01195
7606.14 0.25542 0.01195
7609.9 0.25557 0.01195
7613.66 0.25571 0.01195
7617.89 0.25587 0.01194
7621.65 0.25602 0.01194
7625.41 0.25616 0.01194
7629.17 0.25631 0.01194
7632.93 0.25645 0.01193
7637.16 0.25661 0.01193
7640.92 0.25676 0.01193
7644.68 0.2569 0.01192
7648.44 0.25705 0.01192
7652.2 0.25719 0.01192
7655.96 0.25734 0.01192
7660.19 0.2575 0.01191
7663.95 0.25764 0.01191
7667.71 0.25779 0.01191
7671.47 0.25793 0.01191
7675.23 0.25808 0.01191
7679.46 0.25824 0.0119
7683.22 0.25839 0.0119
7686.98 0.25853 0.0119
7690.74 0.25867 0.0119
7694.5 0.25882 0.01189
7698.73 0.25898 0.01189
7702.49 0.25913 0.01189
7706.25 0.25927 0.01189
7710.01 0.25942 0.01188
7713.77 0.25956 0.01188
7717.53 0.2597 0.01188
7721.76 0.25987 0.01188
7725.52 0.26001 0.01187
7729.28 0.26016 0.01187
7733.04 0.2603 0.01187
7736.8 0.26045 0.01187
7741.03 0.26061 0.01186
7744.79 0.26073 0.01186
7748.55 0.26085 0.01186
7752.31 0.26096 0.01185
7756.07 0.26108 0.01185
7760.3 0.26121 0.01185
7764.06 0.26132 0.01184
7767.82 0.26143 0.01184
7771.58 0.26155 0.01184
7775.34 0.26166 0.01183
7779.1 0.26177 0.01183
7783.33 0.26189 0.01183
7787.09 0.26199 0.01182
7790.85 0.2621 0.01182
7794.61 0.26221 0.01182
7798.37 0.26231 0.01181
7802.6 0.26243 0.01181
7806.36 0.26253 0.0118
7810.12 0.26263 0.0118
7813.88 0.26273 0.0118
7817.64 0.26283 0.01179
7821.87 0.26293 0.01179
7825.63 0.26303 0.01178
7829.39 0.26313 0.01178
7833.15 0.26322 0.01178
7836.91 0.26331 0.01177
7840.67 0.2634 0.01177
7844.9 0.26351 0.01176
7848.66 0.2636 0.01176
7852.42 0.26368 0.01176
7856.18 0.26377 0.01175
7859.94 0.26386 0.01175
7864.17 0.26395 0.01174
7867.93 0.26404 0.01174
7871.69 0.26412 0.01174
7875.45 0.2642 0.01173
7879.21 0.26428 0.01173
7883.44 0.26437 0.01172
7887.2 0.26445 0.01172
7890.96 0.26452 0.01172
7894.72 0.2646 0.01171
7898.48 0.26467 0.01171
7902.24 0.26475 0.0117
7906.47 0.26483 0.0117
7910.23 0.2649 0.01169
7913.99 0.26497 0.01169
7917.75 0.26504 0.01169
7921.51 0.26511 0.01168
7925.74 0.26518 0.01168
7929.5 0.26525 0.01167
7933.26 0.26531 0.01167
7937.02 0.26537 0.01166
7940.78 0.26544 0.01166
7945.01 0.2655 0.01165
7948.77 0.26556 0.01165
7952.53 0.26562 0.01165
7956.29 0.26568 0.01164
7960.05 0.26573 0.01164
7963.81 0.26579 0.01163
7968.04 0.26585 0.01163
7971.8 0.2659 0.01162
7975.56 0.26595 0.01162
7979.32 0.266 0.01161
7983.08 0.26605 0.01161
7987.31 0.2661 0.01161
7991.07 0.26615 0.0116
8005.64 0.26632 0.01159
8009.4 0.26636 0.01158
8013.16 0.2664 0.01158
8017.39 0.26644 0.01157
8021.15 0.26648 0.01157
8024.91 0.26651 0.01156
8028.67 0.26655 0.01156
8032.43 0.26658 0.01156
8036.66 0.26662 0.01155
8040.42 0.26665 0.01155
8044.18 0.26668 0.01154
8047.94 0.2667 0.01154
8051.7 0.26673 0.01153
8055.46 0.26676 0.01153
8059.69 0.26679 0.01153
8063.45 0.26681 0.01152
8067.21 0.26683 0.01152
8070.97 0.26685 0.01151
8074.73 0.26687 0.01151
8078.96 0.26689 0.01151
8082.72 0.26691 0.0115
8086.48 0.26692 0.0115
8090.24 0.26694 0.0115
8094.0 0.26695 0.01149
8098.23 0.26697 0.01149
8101.99 0.26698 0.01149
8105.75 0.26699 0.01148
8109.51 0.26699 0.01148
8113.27 0.267 0.01148
8117.03 0.26701 0.01147
8121.26 0.26701 0.01147
8125.02 0.26701 0.01147
8128.78 0.26702 0.01146
8132.54 0.26697 0.01146
8136.3 0.26692 0.01146
8140.53 0.26686 0.01145
8144.29 0.26681 0.01145
8148.05 0.26676 0.01145
8151.81 0.26672 0.01144
8155.57 0.26667 0.01144
8159.8 0.26661 0.01144
8163.56 0.26656 0.01143
8167.32 0.26651 0.01143
8171.08 0.26646 0.01143
8174.84 0.26641 0.01142
8178.6 0.26636 0.01142
8182.83 0.26631 0.01142
8186.59 0.26626 0.01142
8190.35 0.26621 0.01141
8194.11 0.26616 0.01141
8197.87 0.26611 0.01141
8202.1 0.26606 0.01141
8205.86 0.26601 0.0114
8209.62 0.26596 0.0114
8213.38 0.26591 0.0114
8217.14 0.26586 0.0114
8221.37 0.26581 0.0114
8225.13 0.26576 0.01139
8228.89 0.26571 0.01139
8232.65 0.26566 0.01139
8236.41 0.26561 0.01139
8240.17 0.26556 0.01139
8244.4 0.2655 0.01139
8248.16 0.26545 0.01139
8251.92 0.26541 0.01138
8255.68 0.26536 0.01138
8259.44 0.26531 0.01138
8263.67 0.26525 0.01138
8267.43 0.2652 0.01138
8271.19 0.26515 0.01138
8274.95 0.2651 0.01138
8278.71 0.26505 0.01138
8282.94 0.265 0.01138
8286.7 0.26495 0.01138
8290.46 0.2649 0.01138
8294.22 0.26485 0.01138
8297.98 0.2648 0.01138
8301.74 0.26475 0.01138
8305.97 0.2647 0.01138
8309.73 0.26465 0.01138
8313.49 0.2646 0.01138
8317.25 0.26455 0.01138
8321.01 0.2645 0.01138
8325.24 0.26445 0.01138
8329.0 0.2644 0.01138
8332.76 0.26435 0.01138
8336.52 0.2643 0.01138
8340.28 0.26425 0.01138
8344.51 0.26419 0.01138
8348.27 0.26414 0.01138
8352.03 0.2641 0.01139
8355.79 0.26405 0.01139
8359.55 0.264 0.01139
8363.31 0.26395 0.01139
8367.54 0.26389 0.01139
8371.3 0.26384 0.01139
8375.06 0.26379 0.01139
8378.82 0.26374 0.0114
8382.58 0.2637 0.0114
8386.81 0.26364 0.0114
8390.57 0.26359 0.0114
8394.33 0.26348 0.0114
8398.09 0.26338 0.0114
8401.85 0.26327 0.0114
8406.08 0.26314 0.0114
8409.84 0.26303 0.0114
8413.6 0.26291 0.0114
8417.36 0.26279 0.0114
8421.12 0.26267 0.0114
8424.88 0.26255 0.01139
8429.11 0.26241 0.01139
8432.87 0.26229 0.01139
8436.63 0.26216 0.01139
8440.39 0.26203 0.01139
8444.15 0.2619 0.01139
8448.38 0.26175 0.01139
8452.14 0.26162 0.01138
8455.9 0.26148 0.01138
8459.66 0.26134 0.01138
8463.42 0.2612 0.01138
8467.65 0.26104 0.01137
8471.41 0.26089 0.01137
8475.17 0.26075 0.01137
8478.93 0.2606 0.01136
8482.69 0.26045 0.01136
8486.92 0.26028 0.01136
8490.68 0.26012 0.01135
8494.44 0.25996 0.01135
8498.2 0.2598 0.01135
8501.96 0.25964 0.01134
8505.72 0.25948 0.01134
8509.95 0.2593 0.01133
8513.71 0.25913 0.01133
8517.47 0.25896 0.01132
8521.23 0.25879 0.01132
8524.99 0.25861 0.01131
8529.22 0.25842 0.01131
8532.98 0.25824 0.0113
8536.74 0.25806 0.01129
8540.5 0.25788 0.01129
8544.26 0.25769 0.01128
8548.49 0.25748 0.01127
8552.25 0.25729 0.01126
8556.01 0.2571 0.01126
8559.77 0.25691 0.01125
8563.53 0.25672 0.01124
8567.29 0.25652 0.01123
8571.52 0.2563 0.01122
8575.28 0.25609 0.01121
8579.04 0.25589 0.01121
8582.8 0.25568 0.0112
8586.56 0.25548 0.01119
8590.79 0.25524 0.01118
8594.55 0.25503 0.01117
8598.31 0.25481 0.01115
8602.07 0.25459 0.01114
8605.83 0.25438 0.01113
8610.06 0.25413 0.01112
8613.82 0.2539 0.01111
8617.58 0.25368 0.0111
8621.34 0.25345 0.01108
8625.1 0.25322 0.01107
8628.86 0.25298 0.01106
8633.09 0.25272 0.01104
8636.85 0.25248 0.01103
8640.61 0.25224 0.01102
8644.37 0.252 0.011
8648.13 0.25175 0.01099
8652.36 0.25148 0.01097
8656.12 0.25123 0.01096
8659.88 0.25097 0.01094
8663.64 0.25072 0.01092
8667.4 0.25046 0.01091
8671.63 0.25017 0.01089
8675.39 0.24991 0.01087
8679.15 0.24965 0.01086
8682.91 0.24938 0.01084
8686.67 0.24911 0.01082
