calculator/instruments/deimos/original_plaintext_files/OG550_600ZD.txt
# %ECSV 1.0
# ---
# datatype:
# - {name: WAV, unit: Angstrom, datatype: float32}
# - {name: EFF, unit: electron / ph, datatype: float64}
# - {name: EFF_UNC, datatype: float64}
# meta: !!omap
# - {CWAV: '7500'}
# - {FILTER: OG550}
# - {GRATING: 600ZD}
# - {GRISM: none}
# - {MODE: spectroscopic}
# schema: astropy-2.0
WAV EFF EFF_UNC
[from data line 680]
8651.36 0.18262 0.00251
8656.48 0.18231 0.00252
8660.96 0.18203 0.00252
8665.44 0.18176 0.00253
8669.92 0.18148 0.00254
8674.4 0.1812 0.00254
8679.52 0.18088 0.00255
8684.0 0.1806 0.00256
8688.48 0.18032 0.00257
8692.96 0.18004 0.00257
8698.08 0.17972 0.00258
8702.56 0.17944 0.00259
8707.04 0.17915 0.0026
8711.52 0.17886 0.0026
8716.0 0.17858 0.00261
8721.12 0.17825 0.00262
8725.6 0.17796 0.00263
8730.08 0.17767 0.00264
8734.56 0.17738 0.00264
8739.04 0.17709 0.00265
8744.16 0.17675 0.00266
8748.64 0.17646 0.00267
8753.12 0.17616 0.00268
8757.6 0.17587 0.00269
8762.08 0.17557 0.00269
8767.2 0.17523 0.0027
8771.68 0.17493 0.00271
8776.16 0.17463 0.00272
8780.64 0.17433 0.00273
8785.12 0.17403 0.00274
8790.24 0.17368 0.00275
8794.72 0.17337 0.00276
8799.2 0.17307 0.00277
8803.68 0.17276 0.00278
8808.8 0.17241 0.00279
8813.28 0.1721 0.00279
8817.76 0.17179 0.0028
8822.24 0.17148 0.00281
8826.72 0.17117 0.00282
8831.84 0.17081 0.00283
8836.32 0.17049 0.00284
8840.8 0.17018 0.00285
8845.28 0.16986 0.00286
8849.76 0.16954 0.00287
8854.88 0.16918 0.00288
8859.36 0.16886 0.00289
8863.84 0.16853 0.0029
8868.32 0.16821 0.00291
8872.8 0.16789 0.00292
8877.92 0.16752 0.00293
8882.4 0.16719 0.00294
8886.88 0.16686 0.00295
8891.36 0.16653 0.00296
8895.84 0.1662 0.00297
8900.96 0.16583 0.00298
8905.44 0.16549 0.00299
8909.92 0.16516 0.003
8914.4 0.16482 0.00301
8919.52 0.16444 0.00302
8924.0 0.1641 0.00303
8928.48 0.16376 0.00304
8932.96 0.16342 0.00304
8937.44 0.16308 0.00305
8942.56 0.16269 0.00306
8947.04 0.16235 0.00307
8951.52 0.162 0.00308
8956.0 0.16166 0.00309
8960.48 0.16131 0.0031
8965.6 0.16091 0.00311
8970.08 0.16054 0.00312
8974.56 0.16018 0.00313
8979.04 0.15981 0.00314
8983.52 0.15944 0.00314
8988.64 0.15902 0.00315
8993.12 0.15865 0.00316
8997.6 0.15828 0.00317
9002.08 0.15791 0.00318
9006.56 0.15755 0.00319
9011.68 0.15713 0.0032
9016.16 0.15676 0.0032
9020.64 0.15639 0.00321
9025.12 0.15602 0.00322
9029.6 0.15565 0.00323
9034.72 0.15523 0.00324
9039.2 0.15486 0.00325
9043.68 0.15449 0.00326
9048.16 0.15413 0.00327
9053.28 0.15371 0.00328
9057.76 0.15334 0.00328
9062.24 0.15297 0.00329
9066.72 0.1526 0.0033
9071.2 0.15223 0.00331
9076.32 0.15181 0.00332
9080.8 0.15144 0.00333
9085.28 0.15108 0.00334
9089.76 0.15071 0.00335
9094.24 0.15034 0.00336
9099.36 0.14992 0.00337
9103.84 0.14953 0.00338
9108.32 0.14914 0.00339
9112.8 0.14872 0.00339
9117.28 0.1483 0.0034
9122.4 0.14783 0.0034
9126.88 0.14741 0.00341
9131.36 0.14699 0.00341
9135.84 0.14658 0.00342
9140.32 0.14616 0.00342
9145.44 0.14568 0.00343
9149.92 0.14527 0.00343
9154.4 0.14485 0.00344
9158.88 0.14443 0.00344
9164.0 0.14395 0.00345
9168.48 0.14354 0.00346
9172.96 0.14312 0.00346
9177.44 0.1427 0.00347
9181.92 0.14229 0.00347
9187.04 0.14181 0.00348
9191.52 0.14139 0.00349
9196.0 0.14098 0.00349
9200.48 0.14056 0.0035
9204.96 0.14014 0.0035
9210.08 0.13966 0.00351
9214.56 0.13925 0.00352
9219.04 0.13883 0.00352
9223.52 0.13841 0.00353
9228.0 0.138 0.00353
9233.12 0.13752 0.00354
9237.6 0.1371 0.00355
9242.08 0.13669 0.00355
9246.56 0.13627 0.00356
9251.04 0.13585 0.00357
9256.16 0.13537 0.00357
9260.64 0.13496 0.00358
9265.12 0.13454 0.00359
9269.6 0.13412 0.00359
9274.72 0.13365 0.0036
9279.2 0.1332 0.0036
9283.68 0.13275 0.00361
9288.16 0.13231 0.00361
9292.64 0.13186 0.00361
9297.76 0.13134 0.00362
9302.24 0.13089 0.00362
9306.72 0.13043 0.00362
9311.2 0.12997 0.00363
9315.68 0.12952 0.00363
9320.8 0.12899 0.00363
9325.28 0.12853 0.00363
9329.76 0.12807 0.00364
9334.24 0.1276 0.00364
9338.72 0.12714 0.00364
9343.84 0.1266 0.00364
9348.32 0.12613 0.00364
9352.8 0.12566 0.00365
9357.28 0.12519 0.00365
9361.76 0.12471 0.00365
9366.88 0.12417 0.00365
9371.36 0.12369 0.00365
9375.84 0.12321 0.00365
9380.32 0.12273 0.00365
9385.44 0.12218 0.00365
9389.92 0.1217 0.00365
9394.4 0.12121 0.00365
9398.88 0.12072 0.00365
9403.36 0.12023 0.00365
9408.48 0.11967 0.00365
9412.96 0.11918 0.00365
9417.44 0.11868 0.00365
9421.92 0.11819 0.00365
9426.4 0.11769 0.00365
9431.52 0.11712 0.00365
9436.0 0.11662 0.00365
9440.48 0.11611 0.00365
9444.96 0.11561 0.00364
9449.44 0.1151 0.00364
9454.56 0.11452 0.00364
9459.04 0.11401 0.00364
9463.52 0.1135 0.00364
9468.0 0.11298 0.00363
9472.48 0.11247 0.00363
9477.6 0.11188 0.00363
9482.08 0.11136 0.00362
9486.56 0.11084 0.00362
9491.04 0.11031 0.00362
9496.16 0.10972 0.00361
9500.64 0.10919 0.00361
9505.12 0.10866 0.00361
9509.6 0.10813 0.0036
9514.08 0.1076 0.0036
9519.2 0.10699 0.00359
9523.68 0.10645 0.00359
9528.16 0.10592 0.00358
9532.64 0.10538 0.00358
9537.12 0.10484 0.00357
9542.24 0.10422 0.00357
9546.72 0.10367 0.00356
9551.2 0.10313 0.00356
9555.68 0.10258 0.00355
9560.16 0.10203 0.00355
9565.28 0.1014 0.00354
9569.76 0.10084 0.00353
9574.24 0.10029 0.00353
9578.72 0.09973 0.00352
9583.2 0.09917 0.00351
9588.32 0.09853 0.00351
9592.8 0.09797 0.0035
9597.28 0.0974 0.00349
9601.76 0.09683 0.00348
9606.24 0.09627 0.00348
9611.36 0.09561 0.00347
9615.84 0.09504 0.00346
9620.32 0.09447 0.00345
9624.8 0.09389 0.00344
9629.92 0.09323 0.00343
9634.4 0.09265 0.00343
9638.88 0.09207 0.00342
9643.36 0.09148 0.00341
9647.84 0.0909 0.0034
9652.96 0.09022 0.00339
9657.44 0.08963 0.00338
9661.92 0.08904 0.00337
9666.4 0.08845 0.00336
9670.88 0.08785 0.00335
9676.0 0.08717 0.00334
9680.48 0.08657 0.00333
9684.96 0.08597 0.00332
9689.44 0.08536 0.00331
9693.92 0.08476 0.0033
9699.04 0.08406 0.00329
9703.52 0.08345 0.00327
9708.0 0.08284 0.00326
9712.48 0.08223 0.00325
9716.96 0.08161 0.00324
9722.08 0.08091 0.00323
9726.56 0.08029 0.00322
9731.04 0.07966 0.0032
9735.52 0.07904 0.00319
9740.64 0.07833 0.00318
9745.12 0.0777 0.00317
9749.6 0.07707 0.00316
9754.08 0.07644 0.00314
9758.56 0.0758 0.00313
9763.68 0.07507 0.00312
9768.16 0.07444 0.0031
9772.64 0.0738 0.00309
9777.12 0.07315 0.00308
9781.6 0.07251 0.00307
9786.72 0.07177 0.00305
9791.2 0.07112 0.00304
9795.68 0.07047 0.00302
9800.16 0.06982 0.00301
9804.64 0.06916 0.003
9809.76 0.06841 0.00298
9814.24 0.06775 0.00297
9818.72 0.06709 0.00296
9823.2 0.06643 0.00294
9827.68 0.06576 0.00293
9832.8 0.065 0.00291
9837.28 0.06433 0.0029
9841.76 0.06366 0.00289
9846.24 0.06299 0.00287
9851.36 0.06221 0.00286
9855.84 0.06153 0.00284
9860.32 0.06085 0.00283
9864.8 0.06017 0.00282
9869.28 0.05949 0.0028
9874.4 0.0587 0.00279
9878.88 0.05801 0.00277
9883.36 0.05732 0.00276
9887.84 0.05663 0.00275
9892.32 0.05593 0.00273
9897.44 0.05514 0.00272
9901.92 0.05444 0.0027
9906.4 0.05373 0.00269
9910.88 0.05303 0.00268
9915.36 0.05232 0.00267
9920.48 0.05151 0.00265
9924.96 0.0508 0.00264
9929.44 0.05009 0.00263
9933.92 0.04937 0.00262
9938.4 0.04866 0.0026
9943.52 0.04783 0.00259
9948.0 0.04711 0.00258
9952.48 0.04639 0.00257
9956.96 0.04566 0.00256
9962.08 0.04483 0.00255
9966.56 0.0441 0.00254
9971.04 0.04336 0.00253
9975.52 0.04263 0.00252
9980.0 0.04189 0.00251
9985.12 0.04104 0.0025
9989.6 0.0403 0.00249
9994.08 0.03955 0.00248
9998.56 0.03881 0.00247
10003.0 0.03807 0.00247
10008.2 0.03719 0.00246
10012.6 0.03645 0.00245
10017.1 0.03569 0.00245
10021.6 0.03493 0.00244
10026.1 0.03417 0.00244
10031.2 0.0333 0.00244
10035.7 0.03253 0.00243
10040.2 0.03176 0.00243
10044.6 0.031 0.00243
10049.1 0.03023 0.00243
10054.2 0.02934 0.00243
10058.7 0.02856 0.00243
10063.2 0.02778 0.00243
10067.7 0.02699 0.00243
10072.8 0.0261 0.00243
10077.3 0.02531 0.00244
10081.8 0.02452 0.00244
10086.2 0.02374 0.00244
10090.7 0.02294 0.00245
10095.8 0.02204 0.00246
10100.3 0.02124 0.00246
10104.8 0.02043 0.00247
10109.3 0.01962 0.00248
10113.8 0.01881 0.00249
10118.9 0.01789 0.0025
