calculator/instruments/deimos/original_plaintext_files/OG550_1200G.txt
# %ECSV 1.0
# ---
# datatype:
# - {name: WAV, unit: Angstrom, datatype: float32}
# - {name: EFF, unit: electron / ph, datatype: float64}
# - {name: EFF_UNC, datatype: float64}
# meta: !!omap
# - {CWAV: '8000'}
# - {FILTER: OG550}
# - {GRATING: 1200G}
# - {GRISM: none}
# - {MODE: spectroscopic}
# schema: astropy-2.0
WAV EFF EFF_UNC
[from data line 676]
8479.49 0.18278 0.00226
8482.13 0.18264 0.00227
8484.77 0.18251 0.00227
8487.74 0.18235 0.00227
8490.38 0.18222 0.00227
8493.02 0.18208 0.00228
8495.66 0.18195 0.00228
8498.3 0.18181 0.00228
8501.27 0.18166 0.00228
8503.91 0.18152 0.00229
8506.55 0.18139 0.00229
8509.19 0.18125 0.00229
8511.83 0.18111 0.00229
8514.8 0.18096 0.0023
8517.44 0.18082 0.0023
8520.08 0.18068 0.0023
8522.72 0.18055 0.00231
8525.36 0.18041 0.00231
8528.0 0.18027 0.00231
8530.97 0.18012 0.00231
8533.61 0.17998 0.00232
8536.25 0.17984 0.00232
8538.89 0.1797 0.00232
8541.53 0.17957 0.00233
8544.5 0.17941 0.00233
8547.14 0.17927 0.00233
8549.78 0.17913 0.00233
8552.42 0.17899 0.00234
8555.06 0.17886 0.00234
8558.03 0.1787 0.00234
8560.67 0.17856 0.00235
8563.31 0.17842 0.00235
8565.95 0.17828 0.00235
8568.59 0.17814 0.00236
8571.23 0.178 0.00236
8574.2 0.17785 0.00236
8576.84 0.17771 0.00236
8579.48 0.17757 0.00237
8582.12 0.17743 0.00237
8584.76 0.17729 0.00237
8587.73 0.17713 0.00238
8590.37 0.17699 0.00238
8593.01 0.17685 0.00238
8595.65 0.17671 0.00239
8598.29 0.17657 0.00239
8601.26 0.17641 0.00239
8603.9 0.17627 0.0024
8606.54 0.17613 0.0024
8609.18 0.17599 0.0024
8611.82 0.17585 0.0024
8614.46 0.17571 0.00241
8617.43 0.17555 0.00241
8620.07 0.17541 0.00241
8622.71 0.17526 0.00242
8625.35 0.17512 0.00242
8627.99 0.17498 0.00242
8630.96 0.17482 0.00243
8633.6 0.17468 0.00243
8636.24 0.17454 0.00243
8638.88 0.1744 0.00244
8641.52 0.17426 0.00244
8644.49 0.1741 0.00244
8647.13 0.17395 0.00245
8649.77 0.17381 0.00245
8652.41 0.17367 0.00245
8655.05 0.17353 0.00246
8657.69 0.17338 0.00246
8660.66 0.17322 0.00246
8663.3 0.17308 0.00247
8665.94 0.17294 0.00247
8668.58 0.1728 0.00247
8671.22 0.17265 0.00247
8674.19 0.17249 0.00248
8676.83 0.17235 0.00248
8679.47 0.17221 0.00248
8682.11 0.17206 0.00249
8684.75 0.17192 0.00249
8687.72 0.17176 0.00249
8690.36 0.17162 0.0025
8693.0 0.17147 0.0025
8695.64 0.17133 0.0025
8698.28 0.17119 0.00251
8701.25 0.17103 0.00251
8703.89 0.17088 0.00252
8706.53 0.17074 0.00252
8709.17 0.17059 0.00252
8711.81 0.17045 0.00252
8714.45 0.17031 0.00253
8717.42 0.17015 0.00253
8720.06 0.17 0.00254
8722.7 0.16986 0.00254
8725.34 0.16971 0.00254
8727.98 0.16957 0.00255
8730.95 0.16941 0.00255
8733.59 0.16926 0.00255
8736.23 0.16912 0.00256
8738.87 0.16898 0.00256
8741.51 0.16883 0.00256
8744.48 0.16867 0.00257
8747.12 0.16852 0.00257
8749.76 0.16838 0.00257
8752.4 0.16824 0.00258
8755.04 0.16809 0.00258
8757.68 0.16795 0.00258
8760.65 0.16778 0.00259
8763.29 0.16764 0.00259
8765.93 0.1675 0.0026
8768.57 0.16735 0.0026
8771.21 0.16721 0.0026
8774.18 0.16704 0.00261
8776.82 0.1669 0.00261
8779.46 0.16675 0.00261
8782.1 0.16661 0.00262
8784.74 0.16647 0.00262
8787.71 0.1663 0.00263
8790.35 0.16616 0.00263
8792.99 0.16601 0.00263
8795.63 0.16587 0.00264
8798.27 0.16572 0.00264
8800.91 0.16558 0.00264
8803.88 0.16542 0.00265
8806.52 0.16527 0.00265
8809.16 0.16513 0.00266
8811.8 0.16498 0.00266
8814.44 0.16484 0.00266
8817.41 0.16467 0.00267
8820.05 0.16453 0.00267
8822.69 0.16438 0.00268
8825.33 0.16424 0.00268
8827.97 0.16409 0.00268
8830.94 0.16393 0.00269
8833.58 0.16379 0.00269
8836.22 0.16364 0.0027
8838.86 0.1635 0.0027
8841.5 0.16335 0.0027
8844.14 0.16321 0.00271
8847.11 0.16304 0.00271
8849.75 0.1629 0.00272
8852.39 0.16275 0.00272
8855.03 0.16261 0.00272
8857.67 0.16246 0.00273
8860.64 0.1623 0.00273
8863.28 0.16216 0.00274
8865.92 0.16201 0.00274
8868.56 0.16187 0.00275
8871.2 0.16172 0.00275
8874.17 0.16156 0.00276
8876.81 0.16141 0.00276
8879.45 0.16127 0.00276
8882.09 0.16112 0.00277
8884.73 0.16098 0.00277
8887.37 0.16083 0.00278
8890.34 0.16067 0.00278
8892.98 0.16053 0.00279
8895.62 0.16038 0.00279
8898.26 0.16024 0.0028
8900.9 0.16009 0.0028
8903.87 0.15993 0.00281
8906.51 0.15979 0.00281
8909.15 0.15964 0.00282
8911.79 0.1595 0.00282
8914.43 0.15935 0.00283
8917.4 0.15919 0.00283
8920.04 0.15905 0.00284
8922.68 0.1589 0.00284
8925.32 0.15876 0.00285
8927.96 0.15861 0.00285
8930.6 0.15847 0.00286
8933.57 0.15831 0.00286
8936.21 0.15816 0.00287
8938.85 0.15802 0.00287
8941.49 0.15787 0.00288
8944.13 0.15773 0.00288
8947.1 0.15757 0.00289
8949.74 0.15742 0.0029
8952.38 0.15728 0.0029
8955.02 0.15714 0.00291
8957.66 0.15699 0.00291
8960.63 0.15683 0.00292
8963.27 0.15669 0.00292
8965.91 0.15654 0.00293
8968.55 0.1564 0.00294
8971.19 0.15626 0.00294
8973.83 0.15611 0.00295
8976.8 0.15596 0.00296
8979.44 0.15581 0.00296
8982.08 0.15567 0.00297
8984.72 0.15553 0.00298
8987.36 0.15539 0.00298
8990.33 0.15523 0.00299
8992.97 0.15509 0.003
8995.61 0.15494 0.003
8998.25 0.1548 0.00301
9000.89 0.15466 0.00302
9003.86 0.1545 0.00302
9006.5 0.15436 0.00303
9009.14 0.15422 0.00304
9011.78 0.15407 0.00305
9014.42 0.15393 0.00305
9017.39 0.15377 0.00306
9020.03 0.15363 0.00307
9022.67 0.15349 0.00307
9025.31 0.15335 0.00308
9027.95 0.1532 0.00309
9030.59 0.15306 0.0031
9033.56 0.1529 0.0031
9036.2 0.15276 0.00311
9038.84 0.15262 0.00312
9041.48 0.15248 0.00313
9044.12 0.15234 0.00313
9047.09 0.15218 0.00314
9049.73 0.15203 0.00315
9052.37 0.15189 0.00316
9055.01 0.15175 0.00317
9057.65 0.15161 0.00317
9060.62 0.15145 0.00318
9063.26 0.15131 0.00319
9065.9 0.15116 0.0032
9068.54 0.15102 0.00321
9071.18 0.15088 0.00322
9073.82 0.15074 0.00322
9076.79 0.15058 0.00323
9079.43 0.15044 0.00324
9082.07 0.15029 0.00325
9084.71 0.15015 0.00326
9087.35 0.15001 0.00326
9090.32 0.14985 0.00327
9092.96 0.14971 0.00328
9095.6 0.14957 0.00329
9098.24 0.14943 0.0033
9100.88 0.14929 0.00331
9103.85 0.14913 0.00332
9106.49 0.14899 0.00333
9109.13 0.14885 0.00334
9111.77 0.14872 0.00335
9114.41 0.14858 0.00336
9117.05 0.14845 0.00337
9120.02 0.14829 0.00339
9122.66 0.14816 0.0034
9125.3 0.14802 0.00341
9127.94 0.14789 0.00342
9130.58 0.14775 0.00343
9133.55 0.1476 0.00344
9136.19 0.14746 0.00346
9138.83 0.14733 0.00347
9141.47 0.14719 0.00348
9144.11 0.14706 0.00349
9147.08 0.14691 0.0035
9149.72 0.14677 0.00352
9152.36 0.14664 0.00353
9155.0 0.1465 0.00354
9157.64 0.14636 0.00355
9160.28 0.14623 0.00357
9163.25 0.14608 0.00358
9165.89 0.14594 0.00359
9168.53 0.14581 0.00361
9171.17 0.14567 0.00362
9173.81 0.14554 0.00363
9176.78 0.14538 0.00364
9179.42 0.14525 0.00366
9182.06 0.14511 0.00367
9184.7 0.14498 0.00368
9187.34 0.14484 0.0037
9190.31 0.14469 0.00371
9192.95 0.14455 0.00372
9195.59 0.14442 0.00374
9198.23 0.14428 0.00375
9200.87 0.14415 0.00376
9203.51 0.14401 0.00378
9206.48 0.14386 0.00379
9209.12 0.14373 0.00381
9211.76 0.14359 0.00382
9214.4 0.14345 0.00383
9217.04 0.14332 0.00385
9220.01 0.14317 0.00386
9222.65 0.14303 0.00388
9225.29 0.1429 0.00389
9227.93 0.14276 0.00391
9230.57 0.14263 0.00392
9233.54 0.14247 0.00393
9236.18 0.14234 0.00395
9238.82 0.1422 0.00396
9241.46 0.14207 0.00398
9244.1 0.14193 0.00399
9246.74 0.1418 0.00401
9249.71 0.14164 0.00402
9252.35 0.14151 0.00404
9254.99 0.14137 0.00405
9257.63 0.14124 0.00407
9260.27 0.1411 0.00408
9263.24 0.14095 0.0041
9265.88 0.14082 0.00411
9268.52 0.14068 0.00413
9271.16 0.14054 0.00414
9273.8 0.14041 0.00416
9276.77 0.14027 0.00418
9279.41 0.14014 0.00419
9282.05 0.14001 0.00421
9284.69 0.13988 0.00423
9287.33 0.13975 0.00425
9289.97 0.13962 0.00426
9292.94 0.13947 0.00428
9295.58 0.13934 0.0043
9298.22 0.13921 0.00432
9300.86 0.13909 0.00434
9303.5 0.13896 0.00436
9306.47 0.13881 0.00438
9309.11 0.13869 0.0044
9311.75 0.13856 0.00442
9314.39 0.13843 0.00444
9317.03 0.1383 0.00445
9320.0 0.13816 0.00448
9322.64 0.13803 0.0045
9325.28 0.1379 0.00452
9327.92 0.13778 0.00454
9330.56 0.13765 0.00456
9333.2 0.13752 0.00458
9336.17 0.13738 0.0046
9338.81 0.13726 0.00462
9341.45 0.13713 0.00464
9344.09 0.13701 0.00466
9346.73 0.13688 0.00468
9349.7 0.13674 0.0047
