calculator/instruments/lris/plaintext_files/blue_D460_600-4000.txt
# %ECSV 1.0
# ---
# datatype:
# - {name: WAV, unit: Angstrom, datatype: float32}
# - {name: EFF, datatype: float64}
# meta: !!omap
# - {GRISM: 600/4000}
# - {DICHROIC: D460}
# schema: astropy-2.0
WAV EFF
[from data line 1209]
4409.0 0.4610579694257674
4410.0 0.46101969139119897
4411.0 0.46098141335663056
4412.0 0.46094313532206216
4413.0 0.4609058142383579
4414.0 0.46086753620378945
4415.0 0.46082925816922105
4416.0 0.46079098013465264
4417.0 0.4607536590509484
4418.0 0.46071538101638
4419.0 0.4606771029818116
4420.0 0.46063786799637896
4421.0 0.46059958996181055
4422.0 0.4605613119272421
4423.0 0.4605230338926737
4424.0 0.46048379890724106
4425.0 0.46044552087267265
4426.0 0.46040628588724
4427.0 0.46036705090180735
4428.0 0.4603278159163748
4429.0 0.4602885809309421
4430.0 0.46024838899464526
4431.0 0.46020915400921264
4432.0 0.4601689620729158
4433.0 0.46012781318575474
4434.0 0.4600876212494579
4435.0 0.46004742931316106
4436.0 0.460006280426
4437.0 0.45996513153883894
4438.0 0.4599230257008137
4439.0 0.4598818768136526
4440.0 0.4598397709756274
4441.0 0.4597976651376021
4442.0 0.4597546023487126
4443.0 0.45971153955982313
4444.0 0.4596684767709337
4445.0 0.4596254139820442
4446.0 0.45958139424229055
4447.0 0.4595373745025369
4448.0 0.45949335476278313
4449.0 0.45944837807216526
4450.0 0.4594034013815474
4451.0 0.45935746774006525
4452.0 0.45931153409858316
4453.0 0.4592656004571011
4454.0 0.459219666815619
4455.0 0.4591727762232726
4456.0 0.4591258856309263
4457.0 0.4590780380877158
4458.0 0.4590301905445053
4459.0 0.45898138605043054
4460.0 0.45893353850721996
4461.0 0.4588847340131453
4462.0 0.4588349725682063
4463.0 0.45878521112326737
4464.0 0.45873544967832847
4465.0 0.4586847312825253
4466.0 0.4586340128867221
4467.0 0.4585823375400548
4468.0 0.45853066219338734
4469.0 0.45847898684672
4470.0 0.45842635454918845
4471.0 0.45837372225165685
4472.0 0.458320133003261
4473.0 0.45826654375486525
4474.0 0.45821199755560527
4475.0 0.4581574513563453
4476.0 0.4581019482062211
4477.0 0.4580464450560969
4478.0 0.45799094190597267
4479.0 0.45793352485412003
4480.0 0.45787706475313156
4481.0 0.4578196477012789
4482.0 0.4577612736985621
4483.0 0.45770289969584527
4484.0 0.45764356874226425
4485.0 0.4575842377886832
4486.0 0.4575239498842379
4487.0 0.45746270502892844
4488.0 0.457401460173619
4489.0 0.45733925836744527
4490.0 0.4572780135121358
4491.0 0.45721485475509793
4492.0 0.4571507390471958
4493.0 0.45708758029015795
4494.0 0.4570225076313916
4495.0 0.45695743497262525
4496.0 0.45689236231385894
4497.0 0.4568263327042284
4498.0 0.45675934614373365
4499.0 0.45669235958323895
4500.0 0.45662441607188
4501.0 0.45667825219129116
4502.0 0.45673109460349637
4503.0 0.45688223954528845
4504.0 0.457111323956409
4505.0 0.45733715010661996
4506.0 0.4575353485186683
4507.0 0.45773442223940475
4508.0 0.45800353795773735
4509.0 0.4583080250421612
4510.0 0.45860557246142375
4511.0 0.45887921232382517
4512.0 0.4591517757047625
4513.0 0.45944728660894923
4514.0 0.4597491795055376
4515.0 0.46007975122117584
4516.0 0.4604669973653145
4517.0 0.46085408733922356
4518.0 0.4610896437622859
4519.0 0.46130838412222414
4520.0 0.4615941181713088
4521.0 0.4619596151909988
4522.0 0.46232504790730417
4523.0 0.46279539928028135
4524.0 0.46326458355305367
4525.0 0.46350826591752875
4526.0 0.4635809189822523
4527.0 0.46367494971687895
4528.0 0.4639123298843329
4529.0 0.46414764057241065
4530.0 0.4643643523451255
4531.0 0.4645708206812313
4532.0 0.4646393966489153
4533.0 0.4642706971083837
4534.0 0.46390210236410334
4535.0 0.46384389285863786
4536.0 0.4638634723503023
4537.0 0.46394070865770043
4538.0 0.4641240354388917
4539.0 0.46430627961266335
4540.0 0.4642984800557326
4541.0 0.46427079152756684
4542.0 0.46413731121539437
4543.0 0.4638836209180916
4544.0 0.46362683232582746
4545.0 0.4632669172484707
4546.0 0.46290808573826914
4547.0 0.4626151772774855
4548.0 0.4623707081533698
4549.0 0.4621142855642722
4550.0 0.4617901433487481
4551.0 0.4614660934761719
4552.0 0.4609544338304035
4553.0 0.4603629328809901
4554.0 0.45979155089646573
4555.0 0.4592801047353706
4556.0 0.4587678559380274
4557.0 0.4581805445508376
4558.0 0.4575757903879705
4559.0 0.45698966237649996
4560.0 0.4564341221382907
4561.0 0.45587877163698237
4562.0 0.4553531280625802
4563.0 0.4548302282730653
4564.0 0.4542535289726455
4565.0 0.45361961147806473
4566.0 0.45298500030347744
4567.0 0.4523036105533898
4568.0 0.45162342545418305
4569.0 0.45103785511310135
4570.0 0.4505169861224413
4571.0 0.4500131217085832
4572.0 0.44961017507522427
4573.0 0.4492073581079652
4574.0 0.448785585924361
4575.0 0.44835615784186134
4576.0 0.4478800168522263
4577.0 0.4472773842013768
4578.0 0.4466749655605989
4579.0 0.4462426554251077
4580.0 0.44584777381085
4581.0 0.4454555791836055
4582.0 0.4450686338183464
4583.0 0.4446808644985424
4584.0 0.44427217788710976
4585.0 0.4438612746997137
4586.0 0.4434662938601236
4587.0 0.44308688587613276
4588.0 0.4427055707631128
4589.0 0.44228681578256596
4590.0 0.4418672541118784
4591.0 0.44152290910203595
4592.0 0.4412270000778313
4593.0 0.4409243561256903
4594.0 0.4405940447338242
4595.0 0.44026383166616856
4596.0 0.4399201627112286
4597.0 0.4395722660920992
4598.0 0.43923430777507644
4599.0 0.4389226685258735
4600.0 0.4386111190082272
4601.0 0.43826385751711916
4602.0 0.4379098821360608
4603.0 0.43752892695420686
4604.0 0.4371052026610121
4605.0 0.43668161120562515
4606.0 0.43641052889710846
4607.0 0.4361484706926025
4608.0 0.4359130156722432
4609.0 0.4357040403958751
4610.0 0.4354900802619591
4611.0 0.4351973347579451
4612.0 0.4349056009773375
4613.0 0.4345209069838382
4614.0 0.43407874307808997
4615.0 0.4336506635531738
4616.0 0.43328201349130296
4617.0 0.43291347074521574
4618.0 0.43260966917185517
4619.0 0.43232707625098077
4620.0 0.43202533675264004
4621.0 0.43167528583980996
4622.0 0.43132533301917947
4623.0 0.4310007106231402
4624.0 0.4306813895395641
4625.0 0.43037783371760086
4626.0 0.4300969173795183
4627.0 0.4298169961310265
4628.0 0.4294500956692258
4629.0 0.4290815135561463
4630.0 0.4286849838353729
4631.0 0.42826444921037204
4632.0 0.4278522483137602
4633.0 0.42752405444969416
4634.0 0.4271968648998618
4635.0 0.4268148977287695
4636.0 0.42640173501976303
4637.0 0.4259880731287801
4638.0 0.4255680111358629
4639.0 0.42514806250797593
4640.0 0.42473316560740293
4641.0 0.424319720551514
4642.0 0.4239160277272382
4643.0 0.4235327800629724
4644.0 0.4231496308383192
4645.0 0.4228221676049514
4646.0 0.4225036842967853
4647.0 0.4221245904091382
4648.0 0.42166270643115034
4649.0 0.42120185013546185
4650.0 0.42081108177691
4651.0 0.4204218387446825
4652.0 0.4199819773236374
4653.0 0.419496456383566
4654.0 0.419006152612824
4655.0 0.4184572293103473
4656.0 0.41790934854034306
4657.0 0.4174191164445814
4658.0 0.4169608689292687
4659.0 0.4165030181855446
4660.0 0.4160518096587731
4661.0 0.415599812840425
4662.0 0.4150419818753179
4663.0 0.4144514494595509
4664.0 0.41386303193931806
4665.0 0.41328173734686297
4666.0 0.41270147700800297
4667.0 0.41222346930544834
4668.0 0.41175949734524714
4669.0 0.4112761342339995
4670.0 0.41076792730198763
4671.0 0.4102598400661443
4672.0 0.40963842628599006
4673.0 0.40901601634938795
4674.0 0.4082948757478236
4675.0 0.40749229430736456
4676.0 0.40671377948216647
4677.0 0.40615027394064707
4678.0 0.40558777837922216
4679.0 0.40504739834296005
4680.0 0.40451846729795193
4681.0 0.40394662620577837
4682.0 0.40322236978998544
4683.0 0.4024991564629555
4684.0 0.40179481788206944
4685.0 0.40109736111011146
4686.0 0.400398713882329
4687.0 0.3996974829224231
4688.0 0.3989964154988968
4689.0 0.39815431771523047
4690.0 0.39729497021072513
4691.0 0.3964527807704001
4692.0 0.39563151023074533
4693.0 0.3948112893418106
4694.0 0.3939527420940007
4695.0 0.3930952504603493
4696.0 0.39220996277475373
4697.0 0.3913035594024038
4698.0 0.39040289912166404
4699.0 0.38953592637671747
4700.0 0.3886691594133288
4701.0 0.38772623394253614
4702.0 0.3867467651263773
4703.0 0.38579793868698337
4704.0 0.38495394228160673
4705.0 0.3841101461403716
4706.0 0.383174440011792
4707.0 0.38221447542290266
4708.0 0.3812322539020335
4709.0 0.38020905933471477
4710.0 0.3791861104397826
4711.0 0.3782304771328312
4712.0 0.37728261885389225
4713.0 0.3762949298410242
4714.0 0.37526045921140816
4715.0 0.3742236772239911
4716.0 0.37306151620764616
4717.0 0.37189883246752015
4718.0 0.3707702461098649
4719.0 0.36966824543944327
4720.0 0.3685540207263373
4721.0 0.3673618310322779
4722.0 0.366169143394554
4723.0 0.36498375251503534
4724.0 0.3638006517442967
4725.0 0.3626033178978087
4726.0 0.3613602699719325
4727.0 0.36011753934426677
4728.0 0.35885102649814016
4729.0 0.3575790136855456
4730.0 0.35632446262944034
4731.0 0.35510068900423186
4732.0 0.3538772328973391
4733.0 0.352610215895279
4734.0 0.351339270314373
4735.0 0.3500261696073997
4736.0 0.3486655076662624
4737.0 0.3473082748824291
4738.0 0.3460498546244649
4739.0 0.3447925238100233
4740.0 0.3434689320671004
4741.0 0.34210196488713734
4742.0 0.34072966798458243
4743.0 0.3393326542263743
4744.0 0.33793527994173533
4745.0 0.33640310890220076
4746.0 0.3348134330907174
4747.0 0.3332457859531676
4748.0 0.3317392890047566
4749.0 0.3302339334360028
4750.0 0.3289527243274071
4751.0 0.3277245120995219
4752.0 0.3263758246217278
4753.0 0.3248191894148915
4754.0 0.3232637023017506
4755.0 0.321753329834752
4756.0 0.3202467421091238
4757.0 0.3188133052465082
4758.0 0.31746050219092414
4759.0 0.31610191343981847
4760.0 0.31461240964407605
4761.0 0.3131240136846154
4762.0 0.31156783188128556
4763.0 0.3099670855887511
4764.0 0.30839535193067213
4765.0 0.306973966562419
4766.0 0.30555365361378817
4767.0 0.3042266801977279
4768.0 0.30293831146860783
4769.0 0.3015898029440698
4770.0 0.30007566544031866
4771.0 0.2985626133292507
4772.0 0.2970294894435158
4773.0 0.29549195145423524
4774.0 0.29407552430407563
4775.0 0.29285530137193233
4776.0 0.2916354191621979
4777.0 0.29024527110921106
4778.0 0.28884457855843865
4779.0 0.2874719330427494
4780.0 0.2861292137725262
4781.0 0.28478909654652934
4782.0 0.2835037035589585
4783.0 0.2822192848713334
4784.0 0.28090553708369925
4785.0 0.2795721617633195
4786.0 0.2782435423145361
4787.0 0.2769343480265506
4788.0 0.2756248946294805
4789.0 0.27431268040209644
4790.0 0.27299943945972416
4791.0 0.2717132055321518
4792.0 0.2704943159264666
4793.0 0.2692763349361762
4794.0 0.26822415627872326
4795.0 0.26720505457127924
4796.0 0.2661984087076634
4797.0 0.26521177811245916
4798.0 0.26422539450740223
4799.0 0.2631339396815683
4800.0 0.262037181852847
4801.0 0.2609288294798892
4802.0 0.259808796383953
4803.0 0.2587066214101897
4804.0 0.25783888793529786
4805.0 0.256971360450806
4806.0 0.2560921296634516
4807.0 0.2552054604183186
4808.0 0.2543047492974669
4809.0 0.2533399020719701
4810.0 0.2523752770830772
4811.0 0.25147120844212095
4812.0 0.25058834545697534
4813.0 0.24969610020841243
4814.0 0.248780415180505
4815.0 0.2478649333926818
4816.0 0.24691948234343625
4817.0 0.24596935960202015
4818.0 0.2450804479835638
4819.0 0.24427950825220301
4820.0 0.24347927584962734
4821.0 0.24283749609536698
4822.0 0.2422012782539505
4823.0 0.24157061248354866
4824.0 0.24094458575628908
4825.0 0.24031260955289777
4826.0 0.23961144323709455
4827.0 0.2389104142655433
4828.0 0.23830985734919657
4829.0 0.23776555204821564
4830.0 0.23722282966063377
4831.0 0.23668480588891638
4832.0 0.2361468799590799
4833.0 0.2355734123034486
4834.0 0.23498868927371994
4835.0 0.23439824206486176
4836.0 0.23379377407266488
4837.0 0.23318941167863885
4838.0 0.23261369876744967
4839.0 0.2320416804201991
4840.0 0.23141173214326755
4841.0 0.23069983853692186
4842.0 0.22998908028010687
4843.0 0.22935489478988663
4844.0 0.22872237018009983
4845.0 0.2280298057054787
4846.0 0.2272856927458172
4847.0 0.2265539735435335
4848.0 0.22594193959965353
4849.0 0.22532999507929394
4850.0 0.2248746966140546
4851.0 0.22450348829902977
4852.0 0.2240348710753498
4853.0 0.22320069577266177
4854.0 0.22236614104102048
4855.0 0.22145938105127905
4856.0 0.22052910563411093
4857.0 0.21973556031875163
4858.0 0.2192318368820057
4859.0 0.218728176253705
4860.0 0.21821471699803183
4861.0 0.21770039076116904
4862.0 0.21716794434997916
4863.0 0.21661351609793697
4864.0 0.21605963056033695
4865.0 0.2154372512458931
4866.0 0.2148147249914793
4867.0 0.21412601298424097
4868.0 0.2133831716095459
4869.0 0.2126738660540363
4870.0 0.21223149377288095
4871.0 0.2117896360459807
4872.0 0.21120512481125572
4873.0 0.21054763101255952
4874.0 0.20984765561991647
4875.0 0.20899949061216844
4876.0 0.20815094273922355
4877.0 0.20758945350509442
4878.0 0.207108824597083
4879.0 0.20665276659077833
4880.0 0.20624515788466086
4881.0 0.2058384977969673
4882.0 0.20509919710485333
4883.0 0.20431935459096565
4884.0 0.2035830793714174
4885.0 0.2028995833745329
4886.0 0.2022199295981052
4887.0 0.20182565541320283
4888.0 0.2014318598728887
4889.0 0.2009556586584756
4890.0 0.20041472587648163
4891.0 0.19984796146821138
4892.0 0.1990915056040276
4893.0 0.19833510943427354
4894.0 0.19759073632611993
4895.0 0.19685248770667216
4896.0 0.19612779793075055
4897.0 0.1954498265600994
4898.0 0.1947719086467149
4899.0 0.19404966499437126
4900.0 0.1933151359195294
4901.0 0.1926039064703598
4902.0 0.19193589447950105
4903.0 0.19126793517293705
4904.0 0.19064202208935047
4905.0 0.1900204029182151
4906.0 0.18939011307711298
4907.0 0.18874872283721475
4908.0 0.1881039481039623
4909.0 0.18729036432052915
4910.0 0.18647726535999193
4911.0 0.18569474209442316
4912.0 0.18493467647644415
4913.0 0.1841936392112076
4914.0 0.1835822943970334
4915.0 0.18297059998218543
4916.0 0.18225330663917946
4917.0 0.18148861531251959
4918.0 0.18070261138208843
4919.0 0.17985373328456625
4920.0 0.1790045438112525
4921.0 0.17818155629832683
4922.0 0.17736528553105693
4923.0 0.17654356700950527
4924.0 0.17571279501170495
4925.0 0.17488172967252716
4926.0 0.17395871165973542
4927.0 0.17302783662970084
4928.0 0.17203870679482888
4929.0 0.17098393772847378
4930.0 0.16993722766839905
4931.0 0.16915854305081335
4932.0 0.16837959357535362
4933.0 0.16753703400546274
4934.0 0.16664994767942934
4935.0 0.16574436605545506
4936.0 0.1647347304147413
4937.0 0.16372525843086963
4938.0 0.1628068791221279
4939.0 0.1619279323518867
4940.0 0.16098600679034564
4941.0 0.15986489604982557
4942.0 0.15874399170237882
4943.0 0.15767446774286464
4944.0 0.15661618780815087
4945.0 0.15560759586996256
4946.0 0.15468462839252123
4947.0 0.15376116679884394
4948.0 0.15272258205008124
4949.0 0.15167452918163438
4950.0 0.15052073175143513
4951.0 0.14925590546059506
4952.0 0.14800196952739894
4953.0 0.14700202901176557
4954.0 0.14600135862457791
4955.0 0.14495853315037924
4956.0 0.14388706464724632
4957.0 0.14279795429880468
4958.0 0.14161805975065084
4959.0 0.14043787029316185
4960.0 0.13946546620122285
4961.0 0.13857381885115122
4962.0 0.1376174081566105
4963.0 0.13648768989117058
4964.0 0.13535802535754782
4965.0 0.13417667474024203
4966.0 0.1329849455715787
4967.0 0.1317834631626642
4968.0 0.13056638804530873
4969.0 0.12934887340068082
4970.0 0.1282674027584752
4971.0 0.12719471659746218
4972.0 0.12598654058051023
4973.0 0.12464269120360615
4974.0 0.12329723933628961
4975.0 0.1219181047355746
4976.0 0.12053899386501286
4977.0 0.11930676886456652
4978.0 0.11816796287630169
4979.0 0.11700250653993284
4980.0 0.11570582931976066
4981.0 0.11440921961862308
4982.0 0.11329847899779291
4983.0 0.11225644846026384
4984.0 0.11117311349378108
4985.0 0.10998897038666391
4986.0 0.10880467121275982
4987.0 0.1076294129883813
4988.0 0.10645621316574261
4989.0 0.10523720769786074
4990.0 0.10395008047265387
4991.0 0.1026629454226941
4992.0 0.10135947401336823
4993.0 0.1000558075543155
4994.0 0.09880229112640303
4995.0 0.09759737993882889
4996.0 0.0963971113884135
4997.0 0.09525843476965017
4998.0 0.09411979656419371
4999.0 0.09287587018680947
5000.0 0.09156998739558495
5001.0 0.09022795906911728
5002.0 0.08871878069144355
5003.0 0.08721018148368234
5004.0 0.08606085656861738
5005.0 0.08503781092823282
5006.0 0.08399054050197638
5007.0 0.08288703234839878
5008.0 0.08178390572078921
5009.0 0.08059591738785715
5010.0 0.07939470640272021
5011.0 0.07819464790151691
5012.0 0.07699647905950581
