calculator/instruments/lris/plaintext_files/blue_D500_400-3400.txt
# %ECSV 1.0
# ---
# datatype:
# - {name: WAV, unit: Angstrom, datatype: float32}
# - {name: EFF, datatype: float64}
# meta: !!omap
# - {GRISM: 400/3400}
# - {DICHROIC: D500}
# schema: astropy-2.0
WAV EFF
3100.0 0.06399003845741419
3101.0 0.06452007789935445
3102.0 0.06509901396877996
3103.0 0.06571902320529309
3104.0 0.06637423801359561
3105.0 0.06706074666348871
3106.0 0.06777365949222386
3107.0 0.0685080868370525
3108.0 0.06926011696777584
3109.0 0.07002877195184419
3110.0 0.07080818419395928
3111.0 0.07159835369412114
3112.0 0.07239536872213093
3113.0 0.07319825134543895
3114.0 0.07400602363149549
3115.0 0.07481575178265146
3116.0 0.0756264578663571
3117.0 0.07643814188261247
3118.0 0.07724982589886785
3119.0 0.07806053198257351
3120.0 0.07886928220117977
3121.0 0.07967607655468661
3122.0 0.08047993711054433
3123.0 0.08128184180130264
3124.0 0.08208179062696155
3125.0 0.08287782772242164
3126.0 0.08367190895278231
3127.0 0.08446403431804357
3128.0 0.08525224795310601
3129.0 0.08603850572306905
3130.0 0.08682280762793267
3131.0 0.08760515366769688
3132.0 0.08838456590981197
3133.0 0.08916300021937737
3134.0 0.08993947866384334
3135.0 0.09071497917575962
3136.0 0.09148852382257648
3137.0 0.09226206846939335
3138.0 0.09303365725111079
3139.0 0.09380524603282824
3140.0 0.094575856881996
3141.0 0.09534646773116374
3142.0 0.09611610064778178
3143.0 0.09688573356439982
3144.0 0.09765536648101787
3145.0 0.09842499939763591
3146.0 0.09919463231425395
3147.0 0.0999632872983223
3148.0 0.10073292021494033
3149.0 0.10150157519900867
3150.0 0.10227023018307702
3151.0 0.10303888516714534
3152.0 0.10380754015121367
3153.0 0.10457521720273232
3154.0 0.10534289425425093
3155.0 0.10610959337321987
3156.0 0.10687531455963908
3157.0 0.1076400578135086
3158.0 0.10840382313482842
3159.0 0.10916661052359851
3160.0 0.10992744204726922
3161.0 0.11068729563839019
3162.0 0.11144421543186209
3163.0 0.11220015729278425
3164.0 0.11295316535605729
3165.0 0.11370323962168123
3166.0 0.11445038008965605
3167.0 0.11519556469253146
3168.0 0.11593683756520806
3169.0 0.11667419870768582
3170.0 0.11740764811996476
3171.0 0.1181381637345946
3172.0 0.11886378968647592
3173.0 0.11958452597560869
3174.0 0.12030135053454265
3175.0 0.12101328543072809
3176.0 0.12171935273161527
3177.0 0.12242053036975394
3178.0 0.1231158404125944
3179.0 0.12380528286013659
3180.0 0.12448885771238058
3181.0 0.12516656496932632
3182.0 0.12583840463097384
3183.0 0.12650339876477343
3184.0 0.12716154737072508
3185.0 0.12781285044882879
3186.0 0.12845730799908453
3187.0 0.12909492002149237
3188.0 0.12972568651605226
3189.0 0.13034960748276422
3190.0 0.13096570498907856
3191.0 0.1315739790349952
3192.0 0.13217540755306395
3193.0 0.13276901261073504
3194.0 0.1333557721405582
3195.0 0.1339347082099837
3196.0 0.13450582081901158
3197.0 0.1350700879001915
3198.0 0.13562653152097384
3199.0 0.1361751516813585
3200.0 0.1367169263138952
3201.0 0.13725185541858398
3202.0 0.1377779831303254
3203.0 0.1382982432467686
3204.0 0.13881067990281418
3205.0 0.1393162710310118
3206.0 0.13981501663136148
3207.0 0.1403069167038632
3208.0 0.14079294918106672
3209.0 0.14127115819787261
3210.0 0.14174447755192993
3211.0 0.14221095137813936
3212.0 0.14267057967650082
3213.0 0.1431253183121138
3214.0 0.1435741893524285
3215.0 0.1440181707299947
3216.0 0.14445628451226264
3217.0 0.1448895086317821
3218.0 0.1453188210211027
3219.0 0.14574226581512506
3220.0 0.14616179887894865
3221.0 0.14657742021257336
3222.0 0.14698912981599926
3223.0 0.14739790562177607
3224.0 0.14780276969735406
3225.0 0.14820372204273322
3226.0 0.14860271852301296
3227.0 0.14899878120564358
3228.0 0.14939288802317482
3229.0 0.14978406104305692
3230.0 0.15017425613038932
3231.0 0.15056151742007262
3232.0 0.15094877870975587
3233.0 0.15133408413433977
3234.0 0.15171938955892364
3235.0 0.15210371705095782
3236.0 0.15248804454299197
3237.0 0.1528713941024764
3238.0 0.1532557215945106
3239.0 0.15364004908654477
3240.0 0.15402535451112864
3241.0 0.15441163786826223
3242.0 0.1547988991579455
3243.0 0.1551881163127282
3244.0 0.15557831140006062
3245.0 0.1559704623524924
3246.0 0.15636456917002364
3247.0 0.15676160978520398
3248.0 0.1571606062654837
3249.0 0.1575625365434126
3250.0 0.15796740061899056
3251.0 0.15837519849221768
3252.0 0.15878690809564355
3253.0 0.1592015514967186
3254.0 0.15962010662799245
3255.0 0.16004257348946513
3256.0 0.16046895208113662
3257.0 0.16089924240300696
3258.0 0.1613344223876258
3259.0 0.16177351410244342
3260.0 0.16221749548000963
3261.0 0.16266636652032437
3262.0 0.1631201272233876
3263.0 0.16357877758919936
3264.0 0.16404231761775967
3265.0 0.16451074730906848
3266.0 0.16498504459567553
3267.0 0.1654652094775808
3268.0 0.16595026402223464
3269.0 0.16644020822963695
3270.0 0.16693699796488723
3271.0 0.16743867736288603
3272.0 0.16794622435618306
3273.0 0.16845963894477833
3274.0 0.16897892112867183
3275.0 0.16950407090786357
3276.0 0.1700350882823535
3277.0 0.17057197325214168
3278.0 0.1711147258172281
3279.0 0.17166334597761276
3280.0 0.17221881166584538
3281.0 0.17277916701682647
3282.0 0.17334538996310583
3283.0 0.1739174805046834
3284.0 0.17449641657410891
3285.0 0.17508024230628297
3286.0 0.17566993563375521
3287.0 0.17626549655652574
3288.0 0.17686692507459448
3289.0 0.17747324325541175
3290.0 0.17808542903152721
3291.0 0.17870348240294096
3292.0 0.17932642543710323
3293.0 0.17995523606656372
3294.0 0.1805889363587727
3295.0 0.18122850424627995
3296.0 0.18187296179653573
3297.0 0.18252230900954
3298.0 0.18317654588529284
3299.0 0.1838356724237942
3300.0 0.18449871069249435
3301.0 0.18516761655649275
3302.0 0.18584043415069
3303.0 0.186517163475086
3304.0 0.1871987824622306
3305.0 0.18788431317957396
3306.0 0.1885747335596659
3307.0 0.18926808773740691
3308.0 0.18996535364534678
3309.0 0.19066653128348546
3310.0 0.19137162065182295
3311.0 0.19207964381780956
3312.0 0.19279060078144528
3313.0 0.1935054694752798
3314.0 0.19422327196676348
3315.0 0.19494303032334656
3316.0 0.19566670041012846
3317.0 0.19639232636200976
3318.0 0.1971208861115402
3319.0 0.19785140172617
3320.0 0.19858485113844895
3321.0 0.1993192784832776
3322.0 0.20005663962575537
3323.0 0.20079497870078286
3324.0 0.20153625157345945
3325.0 0.20227850237868575
3326.0 0.20302173111646174
3327.0 0.20376691571933714
3328.0 0.20451307825476228
3329.0 0.2052602187227371
3330.0 0.2060083371232616
3331.0 0.20675645552378613
3332.0 0.20750652978941006
3333.0 0.2082556261224843
3334.0 0.20900570038810823
3335.0 0.20975577465373219
3336.0 0.21050584891935611
3337.0 0.21125494525243033
3338.0 0.21200501951805428
3339.0 0.21275411585112852
3340.0 0.21350223425165302
3341.0 0.21424937471962788
3342.0 0.21499651518760268
3343.0 0.2157416997904781
3344.0 0.2164868843933535
3345.0 0.2172301131311295
3346.0 0.2179713860038061
3347.0 0.21871168094393298
3348.0 0.21945099795151016
3349.0 0.2201873811614382
3350.0 0.22092278643881658
3351.0 0.22165525791854582
3352.0 0.22238675146572534
3353.0 0.22311531121525577
3354.0 0.2238419150996868
3355.0 0.2245665631190184
3356.0 0.22528827734070087
3357.0 0.22600705776473426
3358.0 0.22672290439111847
3359.0 0.22743679515240334
3360.0 0.22814775211603908
3361.0 0.2288557752820257
3362.0 0.22956086465036318
3363.0 0.23026204228850183
3364.0 0.2309612640615411
3365.0 0.23165657410438156
3366.0 0.23234895034957287
3367.0 0.2330374148645654
3368.0 0.23372392351445845
3369.0 0.23440554250160303
3370.0 0.2350842276910985
3371.0 0.23575997908294483
3372.0 0.23643181874459235
3373.0 0.23709974667604103
3374.0 0.23776376287729092
3375.0 0.23842484528089167
3376.0 0.2390820159542936
3377.0 0.23973527489749671
3378.0 0.24038462211050102
3379.0 0.24103005759330648
3380.0 0.24167255927846287
3381.0 0.24231017130087068
3382.0 0.24294484952562942
3383.0 0.2435756160201893
3384.0 0.24420149285200066
3385.0 0.2448244358861629
3386.0 0.24544346719012633
3387.0 0.24605858676389092
3388.0 0.24666979460745675
3389.0 0.2472770907208237
3390.0 0.24788047510399183
3391.0 0.2484799477569612
3392.0 0.24907550867973166
3393.0 0.24966813580485306
3394.0 0.2502558732672259
3395.0 0.25084067693194967
3396.0 0.25142156886647465
3397.0 0.25199952700335043
3398.0 0.2525735734100274
3399.0 0.25314370808650555
3400.0 0.25371090896533466
3401.0 0.2542741981139649
3402.0 0.254834553464946
3403.0 0.25539197501827804
3404.0 0.25594548484141116
3405.0 0.25649606086689525
3406.0 0.2570437030947302
3407.0 0.257588411524916
3408.0 0.2581301861574527
3409.0 0.25866902699234035
3410.0 0.25920493402957884
3411.0 0.2597379072691682
3412.0 0.2602679467111084
3413.0 0.2607960302879493
3414.0 0.261321180067141
3415.0 0.2618433960486836
3416.0 0.26236365616512686
3417.0 0.2628819604164706
3418.0 0.26339733087016526
3419.0 0.26391074545876053
3420.0 0.26442220418225637
3421.0 0.2649307291081031
3422.0 0.26543827610140014
3423.0 0.26594288929704807
3424.0 0.2664465245601463
3425.0 0.2669472260255954
3426.0 0.2674469495584948
3427.0 0.2679447172262947
3428.0 0.26844052902899534
3429.0 0.2689353628991462
3430.0 0.2694282409041976
3431.0 0.26992014097669936
3432.0 0.2704100851841017
3433.0 0.2708990514589543
3434.0 0.27138606186870756
3435.0 0.2718720943459111
3436.0 0.27235812682311455
3437.0 0.27284122550266904
3438.0 0.2733243241822234
3439.0 0.27380644492922807
3440.0 0.2742866098111334
3441.0 0.2747667746930387
3442.0 0.27524596164239423
3443.0 0.2757241706592001
3444.0 0.2762014017434563
3445.0 0.2766776548951627
3446.0 0.2771529301143195
3447.0 0.27762820533347626
3448.0 0.27810250262008335
3449.0 0.2785767999066903
3450.0 0.27905011926074774
3451.0 0.27952246068225534
3452.0 0.2799938241712133
3453.0 0.280466165592721
3454.0 0.28093655114912913
3455.0 0.2814069367055374
3456.0 0.2818773222619456
3457.0 0.2823467298858041
3458.0 0.28281613750966267
3459.0 0.2832855451335212
3460.0 0.28375397482483
3461.0 0.28422240451613884
3462.0 0.2846908342074477
3463.0 0.2851582859662068
3464.0 0.2856257377249659
3465.0 0.28609318948372503
3466.0 0.28655966330993443
3467.0 0.28702711506869355
3468.0 0.28749358889490295
3469.0 0.28796006272111235
3470.0 0.28842555861477204
3471.0 0.28889203244098144
3472.0 0.2893575283346412
3473.0 0.28982302422830086
3474.0 0.2902885201219606
3475.0 0.2907530380830706
3476.0 0.29121755604418065
3477.0 0.29168207400529056
3478.0 0.2921465919664006
3479.0 0.2926101319949609
3480.0 0.2930736720235212
3481.0 0.2935372120520815
3482.0 0.2939997741480921
3483.0 0.2944623362441027
3484.0 0.29492489834011326
3485.0 0.29538648250357413
3486.0 0.29584806666703506
3487.0 0.2963086728979462
3488.0 0.29676927912885737
3489.0 0.29722890742721886
3490.0 0.2976875577930306
3491.0 0.29814620815884235
3492.0 0.29860388059210446
3493.0 0.2990615530253665
3494.0 0.29951726959352915
3495.0 0.2999729861616918
3496.0 0.3004277247973048
3497.0 0.300881485500368
3498.0 0.3013352462034312
3499.0 0.3017870510413951
3500.0 0.30223787794680923
3501.0 0.30268772691967366
3502.0 0.3031365979599883
3503.0 0.30358449106775337
3504.0 0.30403140624296865
3505.0 0.30447636555308455
3506.0 0.30492034693065073
3507.0 0.3053633503756672
3508.0 0.3058043979555843
3509.0 0.3062444676029517
3510.0 0.30668258138521964
3511.0 0.3071187393023882
3512.0 0.30755391928700704
3513.0 0.30798714340652644
3514.0 0.30841841166094647
3515.0 0.3088487019828168
3516.0 0.309276058507038
3517.0 0.3097024370987095
3518.0 0.3101258818927319
3519.0 0.31054834875420456
3520.0 0.3109678818180281
3521.0 0.31138643694930196
3522.0 0.31180108035037696
3523.0 0.3122147458189023
3524.0 0.31262547748977854
3525.0 0.3130342532955553
3526.0 0.313440095303683
3527.0 0.3138439814467113
3528.0 0.31424493379209045
3529.0 0.31464393027237014
3530.0 0.31503999295500085
3531.0 0.3154331218399823
3532.0 0.31582331692731475
3533.0 0.31621057821699805
3534.0 0.31659490570903215
3535.0 0.3169772773359669
3536.0 0.3173557372327029
3537.0 0.3177312633317897
3538.0 0.3181038556332274
3539.0 0.3184744920695657
3540.0 0.3188402388431555
3541.0 0.3192040297516458
3542.0 0.31956390892993736
3543.0 0.31992085431057976
3544.0 0.32027388796102335
3545.0 0.32062398781381785
3546.0 0.32097115386896324
3547.0 0.3213144081939098
3548.0 0.3216537507886575
3549.0 0.3219901595857561
3550.0 0.3223226566526559
3551.0 0.32265221992190657
3552.0 0.3229778714609584
3553.0 0.3232996112698115
3554.0 0.32361841728101537
3555.0 0.3239333115620205
3556.0 0.32424429411282674
3557.0 0.32455136493343417
3558.0 0.32485452402384285
3559.0 0.3251547493166024
3560.0 0.32545106287916303
3561.0 0.32574346471152493
3562.0 0.32603195481368796
3563.0 0.3263165331856522
3564.0 0.32659719982741764
3565.0 0.32687493267153395
3566.0 0.32714777585290167
3567.0 0.3274176852366203
3568.0 0.32768368289014016
3569.0 0.32794576881346116
3570.0 0.3282039430065834
3571.0 0.3284582054695067
3572.0 0.3287085562022313
3573.0 0.3289559731373067
3574.0 0.3291985004096336
3575.0 0.3294380938843114
3576.0 0.32967377562879036
3577.0 0.3299055456430705
3578.0 0.33013438185970156
3579.0 0.33035832841358403
3580.0 0.3305793411698174
3581.0 0.33079742012840174
3582.0 0.33101060942423743
3583.0 0.3312208649224241
3584.0 0.33142818662296164
3585.0 0.3316315965933003
3586.0 0.33183109483344014
3587.0 0.33202668134338126
3588.0 0.3322203119882229
3589.0 0.332409052970316
3590.0 0.33259486015476
3591.0 0.3327777335415549
3592.0 0.3329576731307007
3593.0 0.33313370098964756
3594.0 0.3333058171183957
3595.0 0.33347597738204443
3596.0 0.3336422259154943
3597.0 0.3338065185838448
3598.0 0.3339668995219965
3599.0 0.334124346662499
3600.0 0.33427886000535245
3601.0 0.33443141748310645
3602.0 0.33458006323066164
3603.0 0.33472675311311745
3604.0 0.3348705091979241
3605.0 0.3350113314850817
3606.0 0.33515019790713985
3607.0 0.3352861305315489
3608.0 0.3354191293583088
3609.0 0.335551150252519
3610.0 0.3356802373490801
3611.0 0.3358073685805418
3612.0 0.3359315660143543
3613.0 0.3360547855156172
3614.0 0.33617507121923096
3615.0 0.33629437899029496
3616.0 0.33641075296370987
3617.0 0.3365261490045751
3618.0 0.3366405671128907
3619.0 0.33675302935610674
3620.0 0.33686353573422345
3621.0 0.33697306417979045
3622.0 0.33708063676025807
3623.0 0.33718820934072563
3624.0 0.3372938260560938
3625.0 0.3373984648389122
3626.0 0.3375031036217307
3627.0 0.3376057865394497
3628.0 0.3377084694571688
3629.0 0.33781017444233813
3630.0 0.3379118794275075
3631.0 0.33801260648012715
3632.0 0.3381133335327468
3633.0 0.3382140605853664
3634.0 0.33831380970543634
3635.0 0.338414536758056
3636.0 0.33851428587812593
3637.0 0.3386150129307456
3638.0 0.3387157399833652
3639.0 0.33881646703598484
3640.0 0.3389181720211542
3641.0 0.3390208549388733
3642.0 0.33912353785659227
3643.0 0.3392281766394108
3644.0 0.33933281542222926
3645.0 0.33943843213759745
3646.0 0.3395450267855153
3647.0 0.33965357729853257
3648.0 0.33976212781154985
3649.0 0.33987361212221623
3650.0 0.33998509643288266
3651.0 0.3400995145411982
3652.0 0.3402149105820634
3653.0 0.340332262488028
3654.0 0.34045157025909206
3655.0 0.34057283389525556
3656.0 0.34069605339651843
3657.0 0.3408222066954304
3658.0 0.34095031585944174
3659.0 0.3410803808885526
3660.0 0.34121240178276274
3661.0 0.34134833440717177
3662.0 0.34148622289668024
3663.0 0.3416270451838378
3664.0 0.34177080126864445
3665.0 0.34191749115110026
3666.0 0.34206711483120517
3667.0 0.34221967230895917
3668.0 0.3423751635843623
3669.0 0.3425345665899643
3670.0 0.34269788132576506
3671.0 0.34286412985921494
3672.0 0.3430333121903139
3673.0 0.34320738418416147
3674.0 0.3433843899756581
3675.0 0.3435662854299033
3676.0 0.3437511146817976
3677.0 0.34393985566389074
3678.0 0.3441334863087324
3679.0 0.34433102868377286
3680.0 0.3445324827890121
3681.0 0.34473882655699994
3682.0 0.3449490820551866
3683.0 0.3451642272161217
3684.0 0.3453832841072557
3685.0 0.3456072306611382
3686.0 0.34583606687776924
3687.0 0.34606979275714883
3688.0 0.3463084082992769
3689.0 0.34655191350415354
3690.0 0.3468003083717786
3691.0 0.3470535929021523
3692.0 0.3473117670952745
3693.0 0.3475758088836949
3694.0 0.34784474033486384
3695.0 0.34811856144878134
3696.0 0.3483982501579971
3697.0 0.34868380646251096
3698.0 0.3489742524297735
3699.0 0.3492695880597844
3700.0 0.34957079128509366
