calculator/instruments/lris/plaintext_files/blue_MIRROR_400-3400.txt
# %ECSV 1.0
# ---
# datatype:
# - {name: WAV, unit: Angstrom, datatype: float32}
# - {name: EFF, datatype: float64}
# meta: !!omap
# - {GRISM: 400/3400}
# - {DICHROIC: MIRROR}
# schema: astropy-2.0
WAV EFF
[from data line 1007]
4107.0 0.492774
4108.0 0.492732
4109.0 0.492691
4110.0 0.492651
4111.0 0.49261
4112.0 0.49257
4113.0 0.49253
4114.0 0.49249
4115.0 0.49245
4116.0 0.49241
4117.0 0.49237
4118.0 0.492331
4119.0 0.492292
4120.0 0.492252
4121.0 0.492213
4122.0 0.492174
4123.0 0.492135
4124.0 0.492096
4125.0 0.492057
4126.0 0.492018
4127.0 0.491979
4128.0 0.49194
4129.0 0.491901
4130.0 0.491862
4131.0 0.491822
4132.0 0.491783
4133.0 0.491744
4134.0 0.491704
4135.0 0.491664
4136.0 0.491624
4137.0 0.491584
4138.0 0.491544
4139.0 0.491504
4140.0 0.491463
4141.0 0.491423
4142.0 0.491381
4143.0 0.49134
4144.0 0.491298
4145.0 0.491257
4146.0 0.491215
4147.0 0.491172
4148.0 0.491129
4149.0 0.491086
4150.0 0.491043
4151.0 0.490999
4152.0 0.490954
4153.0 0.49091
4154.0 0.490865
4155.0 0.490819
4156.0 0.490773
4157.0 0.490726
4158.0 0.49068
4159.0 0.490632
4160.0 0.490584
4161.0 0.490535
4162.0 0.490486
4163.0 0.490436
4164.0 0.490385
4165.0 0.490334
4166.0 0.490282
4167.0 0.49023
4168.0 0.490177
4169.0 0.490124
4170.0 0.490069
4171.0 0.490014
4172.0 0.489958
4173.0 0.489901
4174.0 0.489844
4175.0 0.489786
4176.0 0.489727
4177.0 0.489667
4178.0 0.489607
4179.0 0.489545
4180.0 0.489483
4181.0 0.48942
4182.0 0.489357
4183.0 0.489292
4184.0 0.489226
4185.0 0.48916
4186.0 0.489093
4187.0 0.489024
4188.0 0.488955
4189.0 0.488885
4190.0 0.488814
4191.0 0.488742
4192.0 0.488669
4193.0 0.488595
4194.0 0.48852
4195.0 0.488444
4196.0 0.488368
4197.0 0.48829
4198.0 0.488211
4199.0 0.488131
4200.0 0.48805
4201.0 0.487969
4202.0 0.487886
4203.0 0.487802
4204.0 0.487717
4205.0 0.487631
4206.0 0.487544
4207.0 0.487456
4208.0 0.487367
4209.0 0.487277
4210.0 0.487186
4211.0 0.487094
4212.0 0.487
4213.0 0.486906
4214.0 0.486811
4215.0 0.486714
4216.0 0.486617
4217.0 0.486518
4218.0 0.486418
4219.0 0.486318
4220.0 0.486216
4221.0 0.486113
4222.0 0.486009
4223.0 0.485904
4224.0 0.485797
4225.0 0.48569
4226.0 0.485582
4227.0 0.485472
4228.0 0.485362
4229.0 0.48525
4230.0 0.485137
4231.0 0.485023
4232.0 0.484909
4233.0 0.484793
4234.0 0.484675
4235.0 0.484557
4236.0 0.484438
4237.0 0.484318
4238.0 0.484197
4239.0 0.484074
4240.0 0.483951
4241.0 0.483826
4242.0 0.483701
4243.0 0.483574
4244.0 0.483446
4245.0 0.483318
4246.0 0.483188
4247.0 0.483057
4248.0 0.482926
4249.0 0.482793
4250.0 0.482659
4251.0 0.482524
4252.0 0.482388
4253.0 0.482251
4254.0 0.482114
4255.0 0.481975
4256.0 0.481835
4257.0 0.481695
4258.0 0.481553
4259.0 0.48141
4260.0 0.481267
4261.0 0.481123
4262.0 0.480977
4263.0 0.480831
4264.0 0.480684
4265.0 0.480536
4266.0 0.480387
4267.0 0.480237
4268.0 0.480086
4269.0 0.479935
4270.0 0.479782
4271.0 0.479629
4272.0 0.479475
4273.0 0.47932
4274.0 0.479165
4275.0 0.479008
4276.0 0.478851
4277.0 0.478693
4278.0 0.478534
4279.0 0.478375
4280.0 0.478215
4281.0 0.478054
4282.0 0.477892
4283.0 0.477729
4284.0 0.477567
4285.0 0.477403
4286.0 0.477238
4287.0 0.477073
4288.0 0.476907
4289.0 0.476741
4290.0 0.476574
4291.0 0.476407
4292.0 0.476238
4293.0 0.47607
4294.0 0.4759
4295.0 0.47573
4296.0 0.47556
4297.0 0.475389
4298.0 0.475217
4299.0 0.475045
4300.0 0.474873
4301.0 0.4747
4302.0 0.474526
4303.0 0.474353
4304.0 0.474178
4305.0 0.474003
4306.0 0.473828
4307.0 0.473652
4308.0 0.473477
4309.0 0.4733
4310.0 0.473123
4311.0 0.472946
4312.0 0.472768
4313.0 0.472591
4314.0 0.472413
4315.0 0.472234
4316.0 0.472055
4317.0 0.471876
4318.0 0.471697
4319.0 0.471517
4320.0 0.471337
4321.0 0.471157
4322.0 0.470977
4323.0 0.470796
4324.0 0.470615
4325.0 0.470434
4326.0 0.470253
4327.0 0.470072
4328.0 0.46989
4329.0 0.469709
4330.0 0.469527
4331.0 0.469345
4332.0 0.469163
4333.0 0.468981
4334.0 0.468799
4335.0 0.468616
4336.0 0.468434
4337.0 0.468251
4338.0 0.468069
4339.0 0.467886
4340.0 0.467704
4341.0 0.467521
4342.0 0.467338
4343.0 0.467155
4344.0 0.466973
4345.0 0.46679
4346.0 0.466608
4347.0 0.466425
4348.0 0.466243
4349.0 0.46606
4350.0 0.465878
4351.0 0.465695
4352.0 0.465513
4353.0 0.465331
4354.0 0.465149
4355.0 0.464968
4356.0 0.464786
4357.0 0.464604
4358.0 0.464423
4359.0 0.464242
4360.0 0.464061
4361.0 0.46388
4362.0 0.463699
4363.0 0.463519
4364.0 0.463338
4365.0 0.463158
4366.0 0.462978
4367.0 0.462799
4368.0 0.46262
4369.0 0.46244
4370.0 0.462262
4371.0 0.462083
4372.0 0.461904
4373.0 0.461727
4374.0 0.461549
4375.0 0.461371
4376.0 0.461194
4377.0 0.461017
4378.0 0.46084
4379.0 0.460664
4380.0 0.460488
4381.0 0.460313
4382.0 0.460137
4383.0 0.459962
4384.0 0.459788
4385.0 0.459613
4386.0 0.45944
4387.0 0.459266
4388.0 0.459093
4389.0 0.45892
4390.0 0.458747
4391.0 0.458575
4392.0 0.458404
4393.0 0.458232
4394.0 0.458061
4395.0 0.457891
4396.0 0.457721
4397.0 0.457551
4398.0 0.457382
4399.0 0.457213
4400.0 0.457044
4401.0 0.456876
4402.0 0.456708
4403.0 0.456541
4404.0 0.456374
4405.0 0.456208
4406.0 0.456042
4407.0 0.455876
4408.0 0.455711
4409.0 0.455547
4410.0 0.455383
4411.0 0.455219
4412.0 0.455056
4413.0 0.454893
4414.0 0.454731
4415.0 0.454569
4416.0 0.454408
4417.0 0.454247
4418.0 0.454087
4419.0 0.453927
4420.0 0.453767
4421.0 0.453609
4422.0 0.45345
4423.0 0.453292
4424.0 0.453135
4425.0 0.452978
4426.0 0.452821
4427.0 0.452666
4428.0 0.45251
4429.0 0.452355
4430.0 0.452201
4431.0 0.452047
4432.0 0.451894
4433.0 0.451741
4434.0 0.451589
4435.0 0.451437
4436.0 0.451285
4437.0 0.451135
4438.0 0.450985
4439.0 0.450835
4440.0 0.450686
4441.0 0.450537
4442.0 0.450388
4443.0 0.450241
4444.0 0.450094
4445.0 0.449947
4446.0 0.449801
4447.0 0.449656
4448.0 0.44951
4449.0 0.449366
4450.0 0.449222
4451.0 0.449078
4452.0 0.448935
4453.0 0.448793
4454.0 0.448651
4455.0 0.44851
4456.0 0.448369
4457.0 0.448228
4458.0 0.448088
4459.0 0.447949
4460.0 0.44781
4461.0 0.447672
4462.0 0.447534
4463.0 0.447396
4464.0 0.44726
4465.0 0.447124
4466.0 0.446988
4467.0 0.446852
4468.0 0.446717
4469.0 0.446583
4470.0 0.446449
4471.0 0.446316
4472.0 0.446183
4473.0 0.446051
4474.0 0.445919
4475.0 0.445788
4476.0 0.445657
4477.0 0.445527
4478.0 0.445397
4479.0 0.445268
4480.0 0.445139
4481.0 0.44501
4482.0 0.444883
4483.0 0.444755
4484.0 0.444628
4485.0 0.444502
4486.0 0.444376
4487.0 0.444251
4488.0 0.444126
4489.0 0.444001
4490.0 0.443877
4491.0 0.443754
4492.0 0.443631
4493.0 0.443508
4494.0 0.443386
4495.0 0.443265
4496.0 0.443144
4497.0 0.443023
4498.0 0.442903
4499.0 0.442783
4500.0 0.442663
4501.0 0.442545
4502.0 0.442426
4503.0 0.442308
4504.0 0.442191
4505.0 0.442073
4506.0 0.441957
4507.0 0.441841
4508.0 0.441725
4509.0 0.441609
4510.0 0.441495
4511.0 0.44138
4512.0 0.441266
4513.0 0.441152
4514.0 0.441039
4515.0 0.440926
4516.0 0.440813
4517.0 0.440701
4518.0 0.44059
4519.0 0.440478
4520.0 0.440367
4521.0 0.440257
4522.0 0.440147
4523.0 0.440037
4524.0 0.439927
4525.0 0.439818
4526.0 0.43971
4527.0 0.439601
4528.0 0.439493
4529.0 0.439386
4530.0 0.439279
4531.0 0.439171
4532.0 0.439065
4533.0 0.438958
4534.0 0.438853
4535.0 0.438747
4536.0 0.438641
4537.0 0.438536
4538.0 0.438432
4539.0 0.438327
4540.0 0.438223
4541.0 0.438119
4542.0 0.438016
4543.0 0.437912
4544.0 0.437809
4545.0 0.437707
4546.0 0.437604
4547.0 0.437502
4548.0 0.4374
4549.0 0.437298
4550.0 0.437197
4551.0 0.437095
4552.0 0.436994
4553.0 0.436893
4554.0 0.436793
4555.0 0.436692
4556.0 0.436592
4557.0 0.436492
4558.0 0.436392
4559.0 0.436293
4560.0 0.436193
4561.0 0.436094
4562.0 0.435995
4563.0 0.435896
4564.0 0.435797
4565.0 0.435699
4566.0 0.4356
4567.0 0.435502
4568.0 0.435404
4569.0 0.435306
4570.0 0.435208
4571.0 0.43511
4572.0 0.435012
4573.0 0.434914
4574.0 0.434817
4575.0 0.434719
4576.0 0.434622
4577.0 0.434524
4578.0 0.434427
4579.0 0.43433
4580.0 0.434233
4581.0 0.434135
4582.0 0.434038
4583.0 0.433941
4584.0 0.433844
4585.0 0.433747
4586.0 0.43365
4587.0 0.433553
4588.0 0.433456
4589.0 0.433359
4590.0 0.433262
4591.0 0.433165
4592.0 0.433068
4593.0 0.43297
4594.0 0.432873
4595.0 0.432776
4596.0 0.432678
4597.0 0.432581
4598.0 0.432483
4599.0 0.432386
4600.0 0.432288
4601.0 0.43219
4602.0 0.432092
4603.0 0.431994
4604.0 0.431896
4605.0 0.431797
4606.0 0.431699
4607.0 0.4316
4608.0 0.431501
4609.0 0.431403
4610.0 0.431303
4611.0 0.431204
4612.0 0.431105
4613.0 0.431005
4614.0 0.430905
4615.0 0.430805
4616.0 0.430705
4617.0 0.430604
4618.0 0.430504
4619.0 0.430402
4620.0 0.430301
4621.0 0.4302
4622.0 0.430098
4623.0 0.429996
4624.0 0.429894
4625.0 0.429791
4626.0 0.429689
4627.0 0.429585
4628.0 0.429482
4629.0 0.429378
4630.0 0.429274
4631.0 0.42917
4632.0 0.429065
4633.0 0.428961
4634.0 0.428855
4635.0 0.42875
4636.0 0.428644
4637.0 0.428538
4638.0 0.428431
4639.0 0.428324
4640.0 0.428216
4641.0 0.428109
4642.0 0.428
4643.0 0.427892
4644.0 0.427783
4645.0 0.427674
4646.0 0.427564
4647.0 0.427454
4648.0 0.427344
4649.0 0.427233
4650.0 0.427122
4651.0 0.42701
4652.0 0.426898
4653.0 0.426785
4654.0 0.426672
4655.0 0.426559
4656.0 0.426445
4657.0 0.426331
4658.0 0.426216
4659.0 0.426101
4660.0 0.425985
4661.0 0.425869
4662.0 0.425752
4663.0 0.425635
4664.0 0.425517
4665.0 0.4254
4666.0 0.425281
4667.0 0.425162
4668.0 0.425043
4669.0 0.424922
4670.0 0.424802
4671.0 0.424681
4672.0 0.42456
4673.0 0.424438
4674.0 0.424315
4675.0 0.424192
4676.0 0.424069
4677.0 0.423945
4678.0 0.42382
4679.0 0.423695
4680.0 0.42357
4681.0 0.423444
4682.0 0.423318
4683.0 0.423191
4684.0 0.423063
4685.0 0.422935
4686.0 0.422807
4687.0 0.422677
4688.0 0.422548
4689.0 0.422418
4690.0 0.422287
4691.0 0.422156
4692.0 0.422025
4693.0 0.421892
4694.0 0.42176
4695.0 0.421627
4696.0 0.421493
4697.0 0.421359
4698.0 0.421224
4699.0 0.421089
4700.0 0.420954
4701.0 0.420817
4702.0 0.420681
4703.0 0.420544
4704.0 0.420406
4705.0 0.420268
4706.0 0.42013
4707.0 0.419991
4708.0 0.419851
4709.0 0.419711
4710.0 0.419571
4711.0 0.41943
4712.0 0.419289
4713.0 0.419147
4714.0 0.419005
4715.0 0.418863
4716.0 0.41872
4717.0 0.418576
4718.0 0.418432
4719.0 0.418288
4720.0 0.418143
4721.0 0.417998
4722.0 0.417853
4723.0 0.417707
4724.0 0.41756
4725.0 0.417414
4726.0 0.417267
4727.0 0.417119
4728.0 0.416972
4729.0 0.416824
4730.0 0.416675
4731.0 0.416526
4732.0 0.416377
4733.0 0.416227
4734.0 0.416078
4735.0 0.415928
4736.0 0.415777
4737.0 0.415626
4738.0 0.415475
4739.0 0.415324
4740.0 0.415172
4741.0 0.415021
4742.0 0.414868
4743.0 0.414716
4744.0 0.414564
4745.0 0.414411
4746.0 0.414258
4747.0 0.414104
4748.0 0.413951
4749.0 0.413797
4750.0 0.413643
4751.0 0.413489
4752.0 0.413335
4753.0 0.413181
4754.0 0.413026
4755.0 0.412871
4756.0 0.412716
4757.0 0.412562
4758.0 0.412406
4759.0 0.412251
4760.0 0.412096
4761.0 0.411941
4762.0 0.411785
4763.0 0.41163
4764.0 0.411474
4765.0 0.411319
4766.0 0.411163
4767.0 0.411008
4768.0 0.410852
4769.0 0.410696
4770.0 0.410541
4771.0 0.410385
4772.0 0.41023
4773.0 0.410074
4774.0 0.409919
4775.0 0.409763
4776.0 0.409608
4777.0 0.409453
4778.0 0.409298
4779.0 0.409143
4780.0 0.408988
4781.0 0.408833
4782.0 0.408679
4783.0 0.408524
4784.0 0.40837
4785.0 0.408216
4786.0 0.408062
4787.0 0.407908
4788.0 0.407755
4789.0 0.407601
4790.0 0.407448
4791.0 0.407295
4792.0 0.407143
4793.0 0.40699
4794.0 0.406838
4795.0 0.406686
4796.0 0.406535
4797.0 0.406383
4798.0 0.406232
4799.0 0.406082
4800.0 0.405931
4801.0 0.405781
4802.0 0.405632
4803.0 0.405482
4804.0 0.405333
4805.0 0.405185
4806.0 0.405036
4807.0 0.404888
4808.0 0.404741
4809.0 0.404594
4810.0 0.404447
4811.0 0.404301
4812.0 0.404155
4813.0 0.404009
4814.0 0.403865
4815.0 0.40372
4816.0 0.403576
4817.0 0.403432
4818.0 0.403289
4819.0 0.403146
4820.0 0.403004
4821.0 0.402862
4822.0 0.402721
4823.0 0.40258
4824.0 0.40244
4825.0 0.4023
4826.0 0.402161
4827.0 0.402023
4828.0 0.401884
4829.0 0.401747
4830.0 0.401609
4831.0 0.401473
4832.0 0.401337
4833.0 0.401201
4834.0 0.401067
4835.0 0.400932
4836.0 0.400798
4837.0 0.400665
4838.0 0.400533
4839.0 0.4004
4840.0 0.400269
4841.0 0.400138
4842.0 0.400008
4843.0 0.399878
4844.0 0.399749
4845.0 0.39962
4846.0 0.399492
4847.0 0.399365
4848.0 0.399238
4849.0 0.399112
4850.0 0.398986
4851.0 0.398861
4852.0 0.398736
4853.0 0.398612
4854.0 0.398489
4855.0 0.398366
4856.0 0.398244
4857.0 0.398123
4858.0 0.398002
4859.0 0.397881
4860.0 0.397761
4861.0 0.397642
4862.0 0.397524
4863.0 0.397406
4864.0 0.397288
4865.0 0.397171
4866.0 0.397055
4867.0 0.396939
4868.0 0.396824
4869.0 0.396709
4870.0 0.396595
4871.0 0.396481
4872.0 0.396368
4873.0 0.396256
4874.0 0.396144
4875.0 0.396032
4876.0 0.395921
4877.0 0.395811
4878.0 0.395701
4879.0 0.395591
4880.0 0.395482
4881.0 0.395374
4882.0 0.395266
4883.0 0.395159
4884.0 0.395051
4885.0 0.394945
4886.0 0.394839
4887.0 0.394733
4888.0 0.394628
4889.0 0.394523
4890.0 0.394419
4891.0 0.394315
4892.0 0.394211
4893.0 0.394108
4894.0 0.394005
4895.0 0.393903
4896.0 0.3938
4897.0 0.393699
4898.0 0.393597
4899.0 0.393496
4900.0 0.393396
4901.0 0.393295
4902.0 0.393195
4903.0 0.393095
4904.0 0.392995
4905.0 0.392896
4906.0 0.392797
4907.0 0.392698
4908.0 0.3926
4909.0 0.392502
4910.0 0.392404
4911.0 0.392306
4912.0 0.392208
4913.0 0.39211
4914.0 0.392013
4915.0 0.391916
4916.0 0.391819
4917.0 0.391722
4918.0 0.391625
4919.0 0.391528
4920.0 0.391432
4921.0 0.391335
4922.0 0.391239
4923.0 0.391142
4924.0 0.391046
4925.0 0.39095
4926.0 0.390853
4927.0 0.390757
4928.0 0.390661
4929.0 0.390564
4930.0 0.390468
4931.0 0.390372
4932.0 0.390275
4933.0 0.390179
4934.0 0.390082
4935.0 0.389986
4936.0 0.389889
4937.0 0.389792
4938.0 0.389695
4939.0 0.389598
4940.0 0.389501
4941.0 0.389403
4942.0 0.389305
4943.0 0.389208
4944.0 0.38911
4945.0 0.389011
4946.0 0.388913
4947.0 0.388814
4948.0 0.388715
4949.0 0.388616
4950.0 0.388516
4951.0 0.388416
4952.0 0.388316
4953.0 0.388216
4954.0 0.388115
4955.0 0.388014
4956.0 0.387913
4957.0 0.387811
4958.0 0.387709
4959.0 0.387606
4960.0 0.387503
4961.0 0.3874
4962.0 0.387296
4963.0 0.387192
4964.0 0.387087
4965.0 0.386982
4966.0 0.386877
4967.0 0.386771
4968.0 0.386664
4969.0 0.386557
4970.0 0.38645
4971.0 0.386342
4972.0 0.386234
4973.0 0.386125
4974.0 0.386015
4975.0 0.385905
4976.0 0.385795
4977.0 0.385684
4978.0 0.385572
4979.0 0.38546
4980.0 0.385347
4981.0 0.385234
4982.0 0.38512
4983.0 0.385006
4984.0 0.384891
4985.0 0.384775
4986.0 0.384658
4987.0 0.384542
4988.0 0.384424
4989.0 0.384306
4990.0 0.384187
4991.0 0.384068
4992.0 0.383948
4993.0 0.383827
4994.0 0.383706
4995.0 0.383584
4996.0 0.383462
4997.0 0.383338
4998.0 0.383215
4999.0 0.38309
5000.0 0.382965
5001.0 0.382839
5002.0 0.382713
5003.0 0.382585
5004.0 0.382458
5005.0 0.382329
5006.0 0.3822
5007.0 0.38207
5008.0 0.38194
5009.0 0.381809
5010.0 0.381677
5011.0 0.381545
5012.0 0.381411
5013.0 0.381278
5014.0 0.381143
5015.0 0.381008
5016.0 0.380873
5017.0 0.380736
5018.0 0.380599
5019.0 0.380462
5020.0 0.380323
5021.0 0.380184
5022.0 0.380045
5023.0 0.379904
5024.0 0.379764
5025.0 0.379622
5026.0 0.37948
5027.0 0.379337
5028.0 0.379194
5029.0 0.37905
5030.0 0.378906
5031.0 0.378761
5032.0 0.378615
5033.0 0.378469
5034.0 0.378322
5035.0 0.378174
5036.0 0.378026
5037.0 0.377878
5038.0 0.377729
5039.0 0.377579
5040.0 0.377429
5041.0 0.377278
5042.0 0.377127
5043.0 0.376975
5044.0 0.376823
5045.0 0.37667
5046.0 0.376517
5047.0 0.376364
5048.0 0.376209
5049.0 0.376055
5050.0 0.3759
5051.0 0.375744
5052.0 0.375589
5053.0 0.375432
5054.0 0.375276
5055.0 0.375119
5056.0 0.374961
5057.0 0.374803
5058.0 0.374645
5059.0 0.374487
5060.0 0.374328
5061.0 0.374169
5062.0 0.374009
5063.0 0.373849
5064.0 0.373689
5065.0 0.373529
5066.0 0.373368
5067.0 0.373207
5068.0 0.373046
5069.0 0.372884
5070.0 0.372723
5071.0 0.372561
5072.0 0.372399
5073.0 0.372236
5074.0 0.372074
5075.0 0.371911
5076.0 0.371748
5077.0 0.371585
5078.0 0.371422
5079.0 0.371259
5080.0 0.371096
5081.0 0.370932
5082.0 0.370769
5083.0 0.370605
5084.0 0.370441
5085.0 0.370278
5086.0 0.370114
5087.0 0.36995
5088.0 0.369786
5089.0 0.369622
5090.0 0.369458
5091.0 0.369294
5092.0 0.369131
5093.0 0.368967
5094.0 0.368803
5095.0 0.368639
5096.0 0.368475
5097.0 0.368312
5098.0 0.368149
5099.0 0.367985
5100.0 0.367822
5101.0 0.367658
5102.0 0.367495
5103.0 0.367332
5104.0 0.367169
5105.0 0.367007
5106.0 0.366844
5107.0 0.366682
5108.0 0.36652
5109.0 0.366358
5110.0 0.366196
5111.0 0.366035
5112.0 0.365873
5113.0 0.365712
