calculator/instruments/lris/plaintext_files/blue_D680_400-3400.txt
# %ECSV 1.0
# ---
# datatype:
# - {name: WAV, unit: Angstrom, datatype: float32}
# - {name: EFF, datatype: float64}
# meta: !!omap
# - {GRISM: 400/3400}
# - {DICHROIC: D680}
# schema: astropy-2.0
WAV EFF
[from data line 1571]
4671.0 0.41618738
4672.0 0.41606879999999996
4673.0 0.41594924
4674.0 0.4158287
4675.0 0.41570816
4676.0 0.41558762
4677.0 0.4154661
4678.0 0.4153436
4679.0 0.41522109999999995
4680.0 0.4150986
4681.0 0.41497512
4682.0 0.41485164
4683.0 0.41472718
4684.0 0.41460174
4685.0 0.4144763
4686.0 0.41435086
4687.0 0.41422346000000004
4688.0 0.41409703999999997
4689.0 0.41396964
4690.0 0.41384126
4691.0 0.41371287999999995
4692.0 0.41358449999999997
4693.0 0.41345415999999996
4694.0 0.4133248
4695.0 0.41319446
4696.0 0.41306314
4697.0 0.41293181999999995
4698.0 0.41279952
4699.0 0.41266722
4700.0 0.41253491999999997
4701.0 0.41240066
4702.0 0.41226738
4703.0 0.41213311999999996
4704.0 0.41199788
4705.0 0.41186263999999995
4706.0 0.4117274
4707.0 0.41159118
4708.0 0.41145397999999994
4709.0 0.41131678
4710.0 0.41117958000000004
4711.0 0.4110414
4712.0 0.41090322
4713.0 0.41076406
4714.0 0.4106249
4715.0 0.41048574
4716.0 0.4103456
4717.0 0.41020448
4718.0 0.41006336000000004
4719.0 0.40992224
4720.0 0.40978013999999996
4721.0 0.40963804
4722.0 0.40949593999999995
4723.0 0.40935286
4724.0 0.4092088
4725.0 0.40906572
4726.0 0.40892165999999996
4727.0 0.40877662000000003
4728.0 0.40863256
4729.0 0.40848752
4730.0 0.4083415
4731.0 0.40819548
4732.0 0.40804946
4733.0 0.40790246
4734.0 0.40775644
4735.0 0.40760944
4736.0 0.40746146
4737.0 0.40731348
4738.0 0.40716549999999996
4739.0 0.40701752
4740.0 0.40686856
4741.0 0.40672057999999994
4742.0 0.40657064
4743.0 0.40642167999999995
4744.0 0.40627272
4745.0 0.40612277999999996
4746.0 0.40597284
4747.0 0.40582192
4748.0 0.40567198
4749.0 0.40552106000000004
4750.0 0.40537014
4751.0 0.40521922
4752.0 0.4050683
4753.0 0.40491738
4754.0 0.40476548
4755.0 0.40461358
4756.0 0.40446168000000005
4757.0 0.40431076
4758.0 0.40415787999999997
4759.0 0.40400598
4760.0 0.40385408
4761.0 0.40370218
4762.0 0.4035493
4763.0 0.40339739999999996
4764.0 0.40324452
4765.0 0.40309261999999996
4766.0 0.40293974
4767.0 0.40278783999999995
4768.0 0.40263496
4769.0 0.40248208
4770.0 0.40233018
4771.0 0.4021773
4772.0 0.4020254
4773.0 0.40187252
4774.0 0.40172062
4775.0 0.40156774
4776.0 0.40141584
4777.0 0.40126394
4778.0 0.40111204
4779.0 0.40096013999999996
4780.0 0.40080824000000004
4781.0 0.40065634
4782.0 0.40050542
4783.0 0.40035352
4784.0 0.4002026
4785.0 0.40005168
4786.0 0.39990075999999997
4787.0 0.39974983999999997
4788.0 0.39959989999999995
4789.0 0.39944898
4790.0 0.39929904
4791.0 0.39914910000000003
4792.0 0.39900013999999995
4793.0 0.3988502
4794.0 0.39870123999999996
4795.0 0.39855228
4796.0 0.3984043
4797.0 0.39825534
4798.0 0.39810735999999997
4799.0 0.39796036
4800.0 0.39781237999999997
4801.0 0.39766538
4802.0 0.39751936
4803.0 0.39737236
4804.0 0.39722634
4805.0 0.3970813
4806.0 0.39693528
4807.0 0.39679024
4808.0 0.39664618
4809.0 0.39650212
4810.0 0.39635806
4811.0 0.39621498
4812.0 0.3960719
4813.0 0.39592882
4814.0 0.39578769999999996
4815.0 0.39564560000000004
4816.0 0.39550448
4817.0 0.39536336
4818.0 0.39522322
4819.0 0.39508308
4820.0 0.39494391999999995
4821.0 0.39480476
4822.0 0.39466658
4823.0 0.3945284
4824.0 0.3943912
4825.0 0.394254
4826.0 0.39411778
4827.0 0.39398254
4828.0 0.39384632
4829.0 0.39371206000000003
4830.0 0.39357682
4831.0 0.39344354000000004
4832.0 0.39331025999999997
4833.0 0.39317697999999995
4834.0 0.39304566
4835.0 0.39291336
4836.0 0.39278204
4837.0 0.3926517
4838.0 0.39252233999999997
4839.0 0.39239199999999996
4840.0 0.39226362
4841.0 0.39213524
4842.0 0.39200783999999994
4843.0 0.39188044
4844.0 0.39175402000000004
4845.0 0.39162759999999996
4846.0 0.39150216
4847.0 0.3913777
4848.0 0.39125324
4849.0 0.39112976
4850.0 0.39100628
4851.0 0.39088378
4852.0 0.39076128
4853.0 0.39063976
4854.0 0.39051922
4855.0 0.39039868
4856.0 0.39027912
4857.0 0.39016054
4858.0 0.39004196
4859.0 0.38992338
4860.0 0.38980578
4861.0 0.38968916
4862.0 0.38957352
4863.0 0.38945788
4864.0 0.38934223999999995
4865.0 0.38922757999999996
4866.0 0.38911389999999996
4867.0 0.38900021999999995
4868.0 0.38888752
4869.0 0.38877481999999997
4870.0 0.3886631
4871.0 0.38855137999999995
4872.0 0.38844064
4873.0 0.38833088
4874.0 0.38822112
4875.0 0.38811135999999996
4876.0 0.38800258000000004
4877.0 0.38789478
4878.0 0.38778698
4879.0 0.38767918
4880.0 0.38757236
4881.0 0.38746652
4882.0 0.38736068
4883.0 0.38725582
4884.0 0.38714998
4885.0 0.3870461
4886.0 0.38694222
4887.0 0.38683834
4888.0 0.38673544
4889.0 0.38663254
4890.0 0.38653062
4891.0 0.3864287
4892.0 0.38632678
4893.0 0.38622584
4894.0 0.3861249
4895.0 0.38602494
4896.0 0.385924
4897.0 0.38582502
4898.0 0.38572505999999995
4899.0 0.38562608
4900.0 0.38552808
4901.0 0.3854291
4902.0 0.3853311
4903.0 0.3852331
4904.0 0.38513509999999995
4905.0 0.38503808
4906.0 0.38494106
4907.0 0.38484404
4908.0 0.384748
4909.0 0.38465196
4910.0 0.38455592
4911.0 0.38445988
4912.0 0.38436384
4913.0 0.3842678
4914.0 0.38417274
4915.0 0.38407768
4916.0 0.38398261999999994
4917.0 0.38388756
4918.0 0.3837925
4919.0 0.38369744
4920.0 0.38360336
4921.0 0.38350829999999997
4922.0 0.38341422
4923.0 0.38331916
4924.0 0.38322508
4925.0 0.383131
4926.0 0.38303594
4927.0 0.38294186
4928.0 0.38284777999999997
4929.0 0.38275272
4930.0 0.38265864
4931.0 0.38256456
4932.0 0.38246949999999996
4933.0 0.38237541999999997
4934.0 0.38228036
4935.0 0.38218628
4936.0 0.38209121999999995
4937.0 0.38199616000000003
4938.0 0.3819011
4939.0 0.38180604
4940.0 0.38171098
4941.0 0.38161494
4942.0 0.3815189
4943.0 0.38142384
4944.0 0.3813278
4945.0 0.38123078
4946.0 0.38113474
4947.0 0.38103771999999997
4948.0 0.38094069999999997
4949.0 0.38084368
4950.0 0.38074568
4951.0 0.38064768
4952.0 0.38054968
4953.0 0.38045168
4954.0 0.3803527
4955.0 0.38025372
4956.0 0.38015474
4957.0 0.38005478000000004
4958.0 0.37995482
4959.0 0.37985388
4960.0 0.37975294
4961.0 0.379652
4962.0 0.37955007999999996
4963.0 0.37944816
4964.0 0.37934526
4965.0 0.37924236
4966.0 0.37913946000000004
4967.0 0.37903558
4968.0 0.37893072
4969.0 0.37882585999999996
4970.0 0.37872100000000003
4971.0 0.37861516
4972.0 0.37850932000000004
4973.0 0.3784025
4974.0 0.3782947
4975.0 0.3781869
4976.0 0.3780791
4977.0 0.37797032
4978.0 0.37786056
4979.0 0.3777508
4980.0 0.37764006
4981.0 0.37752932
4982.0 0.3774176
4983.0 0.37730588
4984.0 0.37719317999999996
4985.0 0.37707949999999996
4986.0 0.37696483999999997
4987.0 0.37685115999999996
4988.0 0.37673552
4989.0 0.37661987999999996
4990.0 0.37650326
4991.0 0.37638664
4992.0 0.37626904
4993.0 0.37615045999999996
4994.0 0.37603188
4995.0 0.37591231999999997
4996.0 0.37579276
4997.0 0.37567124
4998.0 0.37555069999999996
4999.0 0.3754282
5000.0 0.3753057
5001.0 0.37518221999999996
5002.0 0.37505874
5003.0 0.3749333
5004.0 0.37480884000000003
5005.0 0.37468241999999996
5006.0 0.374556
5007.0 0.3744286
5008.0 0.3743012
5009.0 0.37417282
5010.0 0.37404346
5011.0 0.3739141
5012.0 0.37378278
5013.0 0.37365244
5014.0 0.37352014
5015.0 0.37338784
5016.0 0.37325554
5017.0 0.37312128
5018.0 0.37298702
5019.0 0.37285276
5020.0 0.37271654000000004
5021.0 0.37258032
5022.0 0.3724441
5023.0 0.37230592
5024.0 0.37216872
5025.0 0.37202956
5026.0 0.37189039999999995
5027.0 0.37175026
5028.0 0.37161012
5029.0 0.371469
5030.0 0.37132788
5031.0 0.37118578
5032.0 0.37104269999999995
5033.0 0.37089962
5034.0 0.37075556
5035.0 0.37061052
5036.0 0.37046547999999996
5037.0 0.37032044
5038.0 0.37017441999999995
5039.0 0.37002742
5040.0 0.36988042
5041.0 0.36973244
5042.0 0.36958446
5043.0 0.36943549999999997
5044.0 0.36928654
5045.0 0.3691366
5046.0 0.36898665999999997
5047.0 0.36883671999999995
5048.0 0.36868482
5049.0 0.36853389999999997
5050.0 0.368382
5051.0 0.36822912
5052.0 0.36807722
5053.0 0.36792336
5054.0 0.36777048
5055.0 0.36761661999999995
5056.0 0.36746177999999996
5057.0 0.36730693999999997
5058.0 0.3671521
5059.0 0.36699726
5060.0 0.36684143999999996
5061.0 0.36668562
5062.0 0.36652882
5063.0 0.36637201999999996
5064.0 0.36621522
5065.0 0.36605842
5066.0 0.36590064
5067.0 0.36574286
5068.0 0.36558508
5069.0 0.36542631999999997
5070.0 0.36526854000000003
5071.0 0.36510978
5072.0 0.36495101999999996
5073.0 0.36479128
5074.0 0.36463252
5075.0 0.36447278
5076.0 0.36431304000000003
5077.0 0.3641533
5078.0 0.36399356
5079.0 0.36383382
5080.0 0.36367407999999996
5081.0 0.36351335999999995
5082.0 0.36335362
5083.0 0.3631929
5084.0 0.36303218000000004
5085.0 0.36287243999999996
5086.0 0.36271172
5087.0 0.362551
5088.0 0.36239028
5089.0 0.36222956
5090.0 0.36206884
5091.0 0.36190812
5092.0 0.36174838
5093.0 0.36158766
5094.0 0.36142694
5095.0 0.36126621999999997
5096.0 0.36110549999999997
5097.0 0.36094575999999995
5098.0 0.36078602
5099.0 0.3606253
5100.0 0.36046555999999996
5101.0 0.36030483999999996
5102.0 0.3601451
5103.0 0.35998536
5104.0 0.35982562
5105.0 0.35966686000000003
5106.0 0.35950712
5107.0 0.35934836
5108.0 0.3591896
5109.0 0.35903084
5110.0 0.35887208000000004
5111.0 0.3587143
5112.0 0.35855554
5113.0 0.35839775999999995
5114.0 0.35823998
5115.0 0.35808318
5116.0 0.3579254
5117.0 0.3577686
5118.0 0.35761277999999996
5119.0 0.35745598
5120.0 0.35729918
5121.0 0.35714335999999997
5122.0 0.35698852
5123.0 0.3568327
5124.0 0.35667785999999996
5125.0 0.356524
5126.0 0.35636916
5127.0 0.3562153
5128.0 0.35606143999999995
5129.0 0.35590758
5130.0 0.3557547
5131.0 0.35560181999999996
5132.0 0.35544992000000003
5133.0 0.35529802
5134.0 0.35514612
5135.0 0.3549952
5136.0 0.35484428
5137.0 0.35469335999999996
5138.0 0.35454342
5139.0 0.35439348
5140.0 0.35424353999999997
5141.0 0.35409458
5142.0 0.35394562
5143.0 0.35379764
5144.0 0.35364966
5145.0 0.35350168
5146.0 0.35335468
5147.0 0.35320768
5148.0 0.35306166
5149.0 0.35291564
5150.0 0.35276961999999995
5151.0 0.35262458
5152.0 0.35247954000000004
5153.0 0.3523345
5154.0 0.35219044
5155.0 0.35204638
5156.0 0.3519033
5157.0 0.35176022
5158.0 0.35161812
5159.0 0.35147504
5160.0 0.35133391999999997
5161.0 0.35119182
5162.0 0.3510507
5163.0 0.35091056
5164.0 0.35077041999999997
5165.0 0.35063027999999996
5166.0 0.35049014
5167.0 0.35035098000000003
5168.0 0.35021181999999995
5169.0 0.35007363999999996
5170.0 0.34993546
5171.0 0.34979728
5172.0 0.34966008
5173.0 0.34952288
5174.0 0.34938665999999996
5175.0 0.34924946
5176.0 0.34911324
5177.0 0.348978
5178.0 0.34884276
5179.0 0.34870752
5180.0 0.34857228
5181.0 0.34843802
5182.0 0.34830376
5183.0 0.34817047999999995
5184.0 0.34803621999999995
5185.0 0.34790294
5186.0 0.34777064
5187.0 0.34763736
5188.0 0.34750506
5189.0 0.34737374
5190.0 0.34724143999999996
5191.0 0.34711012
5192.0 0.3469788
5193.0 0.34684748
5194.0 0.34671714000000003
5195.0 0.3465868
5196.0 0.34645645999999997
5197.0 0.34632611999999996
5198.0 0.34619578
5199.0 0.34606642000000004
5200.0 0.34593706
5201.0 0.3458077
5202.0 0.34567932
5203.0 0.34555094
5204.0 0.34542256
5205.0 0.34529418
5206.0 0.3451658
5207.0 0.34503742
5208.0 0.34491002
5209.0 0.34478262
5210.0 0.34465522
5211.0 0.34452782
5212.0 0.3444014
5213.0 0.34427399999999997
5214.0 0.34414758
5215.0 0.34402116
5216.0 0.34389474
5217.0 0.34376831999999996
5218.0 0.34364288000000004
5219.0 0.34351645999999997
5220.0 0.34339102
5221.0 0.34326460000000003
5222.0 0.34313916
5223.0 0.34301371999999997
5224.0 0.34288926
5225.0 0.34276382
5226.0 0.34263838
5227.0 0.34251391999999997
5228.0 0.34238848
5229.0 0.34226401999999995
5230.0 0.34213956
5231.0 0.3420151
5232.0 0.34189064
5233.0 0.34176618000000003
5234.0 0.34164172
5235.0 0.34151824000000003
5236.0 0.34139378
5237.0 0.3412703
5238.0 0.34114584
5239.0 0.34102236
5240.0 0.34089888
5241.0 0.34077539999999995
5242.0 0.34065192
5243.0 0.34052844
5244.0 0.34040496
5245.0 0.34028147999999997
5246.0 0.340158
5247.0 0.3400355
5248.0 0.33991202000000004
5249.0 0.33978951999999996
5250.0 0.33966702
5251.0 0.33954452
5252.0 0.33942202
5253.0 0.33929951999999997
5254.0 0.33917702
5255.0 0.33905451999999997
5256.0 0.33893202
5257.0 0.3388105
5258.0 0.338688
5259.0 0.33856648
5260.0 0.33844495999999996
5261.0 0.33832344
5262.0 0.33820192
5263.0 0.3380804
5264.0 0.33795888
5265.0 0.33783736
5266.0 0.33771682
5267.0 0.33759628
5268.0 0.33747476
5269.0 0.33735422000000004
5270.0 0.33723466
5271.0 0.33711412
5272.0 0.33699357999999996
5273.0 0.33687402
5274.0 0.33675446000000003
5275.0 0.3366349
5276.0 0.33651534
5277.0 0.33639578
5278.0 0.3362772
5279.0 0.33615764
5280.0 0.33603906
5281.0 0.33592048
5282.0 0.33580288
5283.0 0.3356843
5284.0 0.3355667
5285.0 0.3354491
5286.0 0.3353315
5287.0 0.33521488
5288.0 0.33509826
5289.0 0.33498164
5290.0 0.33486501999999996
5291.0 0.3347484
5292.0 0.33463276
5293.0 0.33451712
5294.0 0.33440246
5295.0 0.3342878
5296.0 0.33417216
5297.0 0.33405848
5298.0 0.33394381999999995
5299.0 0.33383013999999994
5300.0 0.33371744
5301.0 0.33360375999999997
5302.0 0.33349106
5303.0 0.33337836
5304.0 0.33326664
5305.0 0.33315491999999997
5306.0 0.3330432
5307.0 0.33293246
5308.0 0.33282172000000004
5309.0 0.33271098
5310.0 0.33260122
5311.0 0.33249146
5312.0 0.3323817
5313.0 0.33227292
5314.0 0.33216512000000004
5315.0 0.33205634
5316.0 0.33194952
5317.0 0.33184172
5318.0 0.3317349
5319.0 0.33162808
5320.0 0.33152223999999997
5321.0 0.3314164
5322.0 0.33131154
5323.0 0.33120668
5324.0 0.33110182
5325.0 0.33099794000000005
5326.0 0.33089406
5327.0 0.33079116000000003
5328.0 0.33068825999999996
5329.0 0.33058634
5330.0 0.33048442
5331.0 0.33038347999999995
5332.0 0.33028254
5333.0 0.33018159999999996
5334.0 0.33008164
5335.0 0.32998168
5336.0 0.32988172000000004
5337.0 0.32978371999999995
5338.0 0.32968474000000003
5339.0 0.32958674
5340.0 0.32948874
5341.0 0.32939172
5342.0 0.3292947
5343.0 0.32919866000000003
5344.0 0.32910261999999996
5345.0 0.32900756000000003
5346.0 0.32891151999999996
5347.0 0.32881743999999996
5348.0 0.32872238
5349.0 0.3286283
5350.0 0.32853519999999997
5351.0 0.32844112
5352.0 0.328349
5353.0 0.3282559
5354.0 0.32816378
5355.0 0.32807166
5356.0 0.32798052
5357.0 0.32788938
5358.0 0.32779824
5359.0 0.3277071
5360.0 0.32761694
5361.0 0.32752677999999996
5362.0 0.32743759999999994
5363.0 0.32734744
5364.0 0.32725825999999997
5365.0 0.32716907999999995
5366.0 0.32708088
5367.0 0.3269917
5368.0 0.3269035
5369.0 0.3268153
5370.0 0.3267271
5371.0 0.32663988
5372.0 0.32655168
5373.0 0.32646446
5374.0 0.32637724
5375.0 0.32629002
5376.0 0.32620279999999996
5377.0 0.32611557999999996
5378.0 0.32602835999999996
5379.0 0.32594114
5380.0 0.3258549
5381.0 0.32576768
5382.0 0.32568144
5383.0 0.32559422
5384.0 0.325507
5385.0 0.32541978
5386.0 0.32533354000000003
5387.0 0.32524632000000003
5388.0 0.3251591
5389.0 0.32507188
5390.0 0.32498466
5391.0 0.32489744
5392.0 0.32481022
5393.0 0.32472202
5394.0 0.32463382
5395.0 0.32454562
5396.0 0.32445742
5397.0 0.32436921999999996
5398.0 0.32428004
5399.0 0.32419086
5400.0 0.32410168
5401.0 0.32401151999999994
5402.0 0.32392234000000003
5403.0 0.32383217999999997
5404.0 0.32374104
5405.0 0.3236499
5406.0 0.32355876
5407.0 0.32346762
5408.0 0.32337550000000004
5409.0 0.3232824
5410.0 0.3231893
5411.0 0.3230962
5412.0 0.32300212
5413.0 0.32290804
5414.0 0.32281297999999997
5415.0 0.32271792
5416.0 0.32262187999999997
5417.0 0.32252485999999997
5418.0 0.32242784
5419.0 0.32233082
5420.0 0.32223184
5421.0 0.32213384
5422.0 0.32203388
5423.0 0.32193392
5424.0 0.32183396000000003
5425.0 0.32173302
5426.0 0.3216311
5427.0 0.3215282
5428.0 0.3214253
5429.0 0.32132141999999997
5430.0 0.32121656
5431.0 0.3211117
5432.0 0.32100586
5433.0 0.32089904
5434.0 0.32079221999999996
5435.0 0.32068441999999997
5436.0 0.32057564
5437.0 0.32046588000000004
5438.0 0.32035612
5439.0 0.32024537999999997
5440.0 0.32013366
5441.0 0.32002096
5442.0 0.31990825999999994
5443.0 0.31979458
5444.0 0.31967992
5445.0 0.31956526
5446.0 0.31944863999999995
5447.0 0.31933202
5448.0 0.31921540000000004
5449.0 0.31909682
5450.0 0.31897823999999997
5451.0 0.31885868
5452.0 0.31873814
5453.0 0.3186176
5454.0 0.31849608
5455.0 0.31837358
5456.0 0.3182501
5457.0 0.31812661999999997
5458.0 0.31800216
5459.0 0.3178777
5460.0 0.31775226
5461.0 0.31762584
