calculator/instruments/lris/plaintext_files/blue_D680_300-5000.txt
# %ECSV 1.0
# ---
# datatype:
# - {name: WAV, unit: Angstrom, datatype: float32}
# - {name: EFF, datatype: float64}
# meta: !!omap
# - {GRISM: 300/5000}
# - {DICHROIC: D680}
# schema: astropy-2.0
WAV EFF
[from data line 2974]
6474.0 0.5719435405334319
6475.0 0.5718422551270773
6476.0 0.5717381275097447
6477.0 0.5716588090369963
6478.0 0.5715928826859311
6479.0 0.5715263867744711
6480.0 0.5714636441483495
6481.0 0.5713981038083407
6482.0 0.571293640164451
6483.0 0.5711717749888476
6484.0 0.5710471629421279
6485.0 0.570916721161183
6486.0 0.570784364297704
6487.0 0.5706542423900984
6488.0 0.5705213906522331
6489.0 0.5703929068908632
6490.0 0.5702710428278022
6491.0 0.5701463986347284
6492.0 0.5700308244860077
6493.0 0.5699140432740227
6494.0 0.569783561342632
6495.0 0.569639804492733
6496.0 0.569494159286198
6497.0 0.5693701088389137
6498.0 0.5692433088283485
6499.0 0.5691163856324273
6500.0 0.5689897602827086
6501.0 0.5688538448984862
6502.0 0.5686902666498416
6503.0 0.5685221750328384
6504.0 0.5683835889919514
6505.0 0.5682521001059516
6506.0 0.5680948557336841
6507.0 0.5678840792548547
6508.0 0.5676705707832631
6509.0 0.5674534963277839
6510.0 0.5672326668694269
6511.0 0.5670481864634412
6512.0 0.5669150729689401
6513.0 0.5667792685880562
6514.0 0.5666144833928197
6515.0 0.5664470756532859
6516.0 0.5662814837663754
6517.0 0.5661198744319661
6518.0 0.5659489706314321
6519.0 0.5656993086880365
6520.0 0.5654469608445513
6521.0 0.5652295232275898
6522.0 0.5650296813160127
6523.0 0.5648239537155689
6524.0 0.5645980899031648
6525.0 0.5643686866702036
6526.0 0.5641181081776611
6527.0 0.5638584080477351
6528.0 0.5636174966830282
6529.0 0.5634253672372097
6530.0 0.563228845197466
6531.0 0.5630160198665924
6532.0 0.5627983860668413
6533.0 0.5625799137540402
6534.0 0.5623592072884493
6535.0 0.5621358747426709
6536.0 0.5619026356023566
6537.0 0.5616666095779468
6538.0 0.5614038357026211
6539.0 0.5611178929369263
6540.0 0.5608273678459273
6541.0 0.5605046001431103
6542.0 0.5601809742877969
6543.0 0.5599139183976112
6544.0 0.5596774635018276
6545.0 0.5594406258812855
6546.0 0.5592095192290825
6547.0 0.5589766913874
6548.0 0.558693899783496
6549.0 0.5583932931272281
6550.0 0.5580849166737021
6551.0 0.5577637991806388
6552.0 0.5574401151210112
6553.0 0.5571025104865239
6554.0 0.556761547286452
6555.0 0.5564224670605714
6556.0 0.5560873480228662
6557.0 0.5557505452518665
6558.0 0.5554309166721114
6559.0 0.5551098063846232
6560.0 0.5547880936310828
6561.0 0.5544655850423885
6562.0 0.5541372600604915
6563.0 0.5537815899191715
6564.0 0.5534233958435452
6565.0 0.5530511906753909
6566.0 0.5526718302816118
6567.0 0.5522919072678543
6568.0 0.5519172407473643
6569.0 0.5515417883640319
6570.0 0.5511858533284408
6571.0 0.5508342403793128
6572.0 0.5504973022158448
6573.0 0.5501953030527714
6574.0 0.5498907928948175
6575.0 0.5494820560702884
6576.0 0.5490589166633124
6577.0 0.5486166559755881
6578.0 0.548150348628287
6579.0 0.5476836869128168
6580.0 0.5473392167767257
6581.0 0.5469931184209118
6582.0 0.546615467162115
6583.0 0.54621287335404
6584.0 0.5458051124217251
6585.0 0.5453704833676981
6586.0 0.5449351149914281
6587.0 0.5445228631877205
6588.0 0.5441214918927054
6589.0 0.5437031478655526
6590.0 0.5432297489920745
6591.0 0.5427556316416915
6592.0 0.5422924434617096
6593.0 0.5418316314911239
6594.0 0.5413689460933598
6595.0 0.5409025538188863
6596.0 0.5404362942858864
6597.0 0.5399342757630781
6598.0 0.5394285104523175
6599.0 0.5389633331906729
6600.0 0.5385477350562655
6601.0 0.5381302867191793
6602.0 0.5376570255040767
6603.0 0.537183904150786
6604.0 0.5366628518661053
6605.0 0.5361077639167895
6606.0 0.5355528894589524
6607.0 0.53500324311907
6608.0 0.5344537689048993
6609.0 0.5339183646717259
6610.0 0.5333885334696815
6611.0 0.5328639800064
6612.0 0.5323549234021051
6613.0 0.5318451899747367
6614.0 0.5313001303379947
6615.0 0.530746374070648
6616.0 0.530186047452321
6617.0 0.5296130762880487
6618.0 0.5290402903650843
6619.0 0.5284517102927451
6620.0 0.5278610297210652
6621.0 0.5272668240449478
6622.0 0.5266686209823358
6623.0 0.5260716234970219
6624.0 0.5255082968434212
6625.0 0.5249443253267285
6626.0 0.5244018298829517
6627.0 0.5238751270512121
6628.0 0.5233326335881433
6629.0 0.5226999063535854
6630.0 0.522067387603238
6631.0 0.5213880602510585
6632.0 0.5206896338018588
6633.0 0.5200198389469114
6634.0 0.5194310768874745
6635.0 0.518842505202381
6636.0 0.5182233432389332
6637.0 0.5175982637042914
6638.0 0.5169409334374052
6639.0 0.5162307743834681
6640.0 0.5155216635952591
6641.0 0.514834665274908
6642.0 0.5141495382184148
6643.0 0.5134663184994178
6644.0 0.5127866929277086
6645.0 0.5121046665349219
6646.0 0.5113810136028221
6647.0 0.5106567881899531
6648.0 0.509972816034839
6649.0 0.5093138561962832
6650.0 0.5086450300750495
6651.0 0.5079150830481757
6652.0 0.507185369521395
6653.0 0.5063827207681905
6654.0 0.5055523692745677
6655.0 0.5047423639986378
6656.0 0.5039868977711334
6657.0 0.5032332639500218
6658.0 0.502473480516397
6659.0 0.5017126272737524
6660.0 0.500951551425226
6661.0 0.5001895431804135
6662.0 0.49942777001602223
6663.0 0.4985763686296711
6664.0 0.4977194461138008
6665.0 0.4968692331510313
6666.0 0.49602493701968886
6667.0 0.4951850503642574
6668.0 0.49438504086910345
6669.0 0.49358605702658664
6670.0 0.4927264676507307
6671.0 0.4918277423957479
6672.0 0.49092764477099654
6673.0 0.49002057001659555
6674.0 0.48911454417621353
6675.0 0.488225917771882
6676.0 0.4873446639995499
6677.0 0.48643510962863623
6678.0 0.4854593471225599
6679.0 0.48448310307693365
6680.0 0.4835272055737223
6681.0 0.4825760298657467
6682.0 0.4816435316544808
6683.0 0.48073890052957385
6684.0 0.47983453263486536
6685.0 0.47882541668822387
6686.0 0.47781298237492537
6687.0 0.47678844547215204
6688.0 0.4757522979405526
6689.0 0.47471413522147415
6690.0 0.47364623978156595
6691.0 0.47257865429646345
6692.0 0.4715334491894938
6693.0 0.47050269962795094
6694.0 0.46945998999518146
6695.0 0.4683610004413083
6696.0 0.4672623340586277
6697.0 0.46614790113451593
6698.0 0.46502713941050805
6699.0 0.4639060632701662
6700.0 0.4627838134722486
6701.0 0.4616611588617536
6702.0 0.46051615532231355
6703.0 0.4593669462431977
6704.0 0.458202443716108
6705.0 0.4570175750130673
6706.0 0.4558323338274148
6707.0 0.45455174734071624
6708.0 0.45326861651216577
6709.0 0.4520208706046718
6710.0 0.45080445535249486
6711.0 0.449584487824575
6712.0 0.44831898307025553
6713.0 0.44705387738859337
6714.0 0.44579389645432416
6715.0 0.444536664583229
6716.0 0.443260644682737
6717.0 0.44191041118045904
6718.0 0.4405599170016379
6719.0 0.43917961097239183
6720.0 0.4377885163903457
6721.0 0.4364050912006543
6722.0 0.4350374541795807
6723.0 0.43366889931428326
6724.0 0.43218220935370155
6725.0 0.4306784285296681
6726.0 0.4291923559847408
6727.0 0.4277316322738039
6728.0 0.42627075970271716
6729.0 0.4248019040195649
6730.0 0.4233320957047237
6731.0 0.4218083127810957
6732.0 0.42023857227725075
6733.0 0.41866922209259744
6734.0 0.4171159781166231
6735.0 0.41556202124286357
6736.0 0.4140457648933252
6737.0 0.4125501407016903
6738.0 0.41101148939371324
6739.0 0.4093154666720111
6740.0 0.4076195199655703
6741.0 0.4059351194404737
6742.0 0.4042539776624161
6743.0 0.4025551112564692
6744.0 0.4008192202591156
6745.0 0.39908220480104595
6746.0 0.39735952778482425
6747.0 0.3956370502527149
6748.0 0.3938790636285944
6749.0 0.3920746055408752
6750.0 0.39026916053770105
6751.0 0.38850081055554514
6752.0 0.38673149670823553
6753.0 0.38493148562781015
6754.0 0.38310572353610384
6755.0 0.3812810240870267
6756.0 0.3794716854655887
6757.0 0.37766151583752694
6758.0 0.37579108869009825
6759.0 0.37389124690148345
6760.0 0.3719839830848388
6761.0 0.370054973499061
6762.0 0.36812473198001744
6763.0 0.36608449191328307
6764.0 0.3640134899241415
6765.0 0.3619174223919289
6766.0 0.3597749195064854
6767.0 0.35763148015460317
6768.0 0.35554728947469644
6769.0 0.3534701236835079
6770.0 0.3514248768382517
6771.0 0.34941870159074745
6772.0 0.3474106683906679
6773.0 0.34530532499684835
6774.0 0.3431986897214108
6775.0 0.3410184250969496
6776.0 0.3387822671846138
6777.0 0.3365541943760015
6778.0 0.3343887651772483
6779.0 0.33222391024620074
6780.0 0.32997323522728705
6781.0 0.32768258259437155
6782.0 0.32541278132365936
6783.0 0.3232101768231413
6784.0 0.3210077957649095
6785.0 0.31874636172851745
6786.0 0.3164696514332068
6787.0 0.3142114558283691
6788.0 0.3119868011573911
6789.0 0.309762556419631
6790.0 0.30740907510216275
6791.0 0.3050428713517743
6792.0 0.30269073870073354
6793.0 0.3003545321554135
6794.0 0.29801943062581604
6795.0 0.2957053449234082
6796.0 0.29339199325475673
6797.0 0.29098284089071264
6798.0 0.28850552051280987
6799.0 0.2860217115815471
6800.0 0.2834991930988295
6801.0 0.28097780447715776
6802.0 0.2785116961254605
6803.0 0.27607057412999436
6804.0 0.2736295420590915
6805.0 0.27118470162496056
6806.0 0.2687410916197167
6807.0 0.26635209663082193
6808.0 0.26397673623088874
6809.0 0.26156908072662666
6810.0 0.2591031469448167
6811.0 0.2566386379167415
6812.0 0.2541704343576967
6813.0 0.25170369886607846
6814.0 0.24923509416411202
6815.0 0.24676351573775143
6816.0 0.24429259472739187
6817.0 0.24178038968419913
6818.0 0.23926949523367713
6819.0 0.23674355318890972
6820.0 0.2342078608877902
6821.0 0.2316813100145562
6822.0 0.2291957749600598
6823.0 0.22671284109120896
6824.0 0.22429710186811772
6825.0 0.22191058455919627
6826.0 0.21949261079701013
6827.0 0.21698123654413817
6828.0 0.21447260159745937
6829.0 0.21197094834270935
6830.0 0.2094735009399348
6831.0 0.20701532229851585
6832.0 0.2046208708672846
6833.0 0.20222875594634712
6834.0 0.19975829042392004
6835.0 0.19728454385629993
6836.0 0.19481057145243827
6837.0 0.19233626637742265
6838.0 0.18986746031113214
6839.0 0.18745150278416148
6840.0 0.18503867513003294
6841.0 0.18262784539229912
6842.0 0.18021960515277988
6843.0 0.1778270059202933
6844.0 0.17550252453261214
6845.0 0.17318138241324177
6846.0 0.17084815035002562
6847.0 0.16851209900544198
6848.0 0.16617143685370328
6849.0 0.16381412086903235
6850.0 0.1614601848880991
6851.0 0.1592406505558602
6852.0 0.15705090804076524
6853.0 0.1548738724917884
6854.0 0.15271422771142823
6855.0 0.15055767181575727
6856.0 0.14833691096662546
6857.0 0.14611604053464006
6858.0 0.1439524596253845
6859.0 0.14184604643119375
6860.0 0.13974089362488165
6861.0 0.13761195606683174
6862.0 0.13548624631234582
6863.0 0.1333378013987984
6864.0 0.13117705891557468
6865.0 0.12905691172713915
6866.0 0.1271233539719071
6867.0 0.1251926883330126
6868.0 0.12324956455058668
6869.0 0.12130335577293444
6870.0 0.1193269704683073
6871.0 0.11727232839957122
6872.0 0.11522064559691303
6873.0 0.11334878835577243
6874.0 0.1115109708643645
6875.0 0.10972468722630267
6876.0 0.10801397830641235
6877.0 0.10630606434245661
6878.0 0.10458613300182468
6879.0 0.10286816653289532
6880.0 0.10108275602305969
6881.0 0.09923521564473686
6882.0 0.0973895872392746
6883.0 0.0955345292965683
6884.0 0.09368240005106925
6885.0 0.09204007340739925
6886.0 0.09052184530757211
6887.0 0.08902610446798284
6888.0 0.08761948461944379
6889.0 0.08621497250747567
6890.0 0.08467278784447078
6891.0 0.0830835268240391
6892.0 0.08156164753637249
6893.0 0.080193654418507
6894.0 0.0788274491752958
6895.0 0.07749741541165713
6896.0 0.0761747450771588
6897.0 0.07480189182950378
6898.0 0.07335936722920897
6899.0 0.07191869560144801
6900.0 0.07064970405462616
6901.0 0.06938771461110846
6902.0 0.06813495999029559
6903.0 0.06689077425759622
6904.0 0.06565009349827643
6905.0 0.06442985822990456
6906.0 0.06321107249612301
6907.0 0.06212581407139585
6908.0 0.06111610502191062
6909.0 0.060123853462560765
6910.0 0.059197445782073484
6911.0 0.05827233676564107
6912.0 0.05726792304165151
6913.0 0.056239441525314564
6914.0 0.055214050279987034
6915.0 0.05419435963149612
6916.0 0.0531758052567562
6917.0 0.05222426343187017
6918.0 0.05128350186124041
6919.0 0.05033166259509207
6920.0 0.04936458899855006
6921.0 0.04839858008367445
6922.0 0.04767877879038576
6923.0 0.046962251251924235
6924.0 0.04630487106185486
6925.0 0.04569793139869285
6926.0 0.045074047050098494
6927.0 0.04429296969218308
6928.0 0.04351255007643865
6929.0 0.042746735951860286
6930.0 0.0419887659406118
6931.0 0.041227999938858374
6932.0 0.040455202400002076
6933.0 0.03968289872576268
6934.0 0.03916447783140758
6935.0 0.038722143013681105
6936.0 0.03827752586416126
6937.0 0.03782770222949344
6938.0 0.037378274625106046
6939.0 0.03695544150917977
6940.0 0.036536487688037265
6941.0 0.03608925265618073
6942.0 0.035605780726214974
6943.0 0.035122667365873654
6944.0 0.03459638864486169
6945.0 0.0340703358064359
6946.0 0.033607848977799025
6947.0 0.03319529506353724
6948.0 0.0328047576384421
6949.0 0.03259060385374653
6950.0 0.032376653370917226
6951.0 0.03205708502372151
6952.0 0.03168563865920437
6953.0 0.03133514169295713
6954.0 0.031054163712582367
6955.0 0.030773324306677508
6956.0 0.0305111604248091
6957.0 0.030254286921313905
6958.0 0.030029475442827795
6959.0 0.029866721606445986
6960.0 0.029704032363151972
6961.0 0.029515677769614748
6962.0 0.02932447061226318
6963.0 0.02913511282823879
6964.0 0.028947885125111053
6965.0 0.028760441389539926
6966.0 0.028545484601502056
6967.0 0.028330640257271552
6968.0 0.028222018783164146
6969.0 0.028193513579046262
6970.0 0.028163507449312324
6971.0 0.028122069392293943
6972.0 0.028080633637895057
6973.0 0.027958619780907606
6974.0 0.027798619084211273
6975.0 0.02763925628438827
6976.0 0.027482045726282968
6977.0 0.027324701063379565
6978.0 0.02721347836731992
6979.0 0.027113707833328327
6980.0 0.027075674085356497
6981.0 0.02715235699037608
6982.0 0.027228935127190115
6983.0 0.027216533681336436
6984.0 0.027195204619959074
6985.0 0.027192036805605894
6986.0 0.02720930839973682
6987.0 0.027225558711298243
6988.0 0.02720127063140502
6989.0 0.02717679369312271
6990.0 0.027172533610659667
6991.0 0.027182903993422054
6992.0 0.027196781720551594
6993.0 0.027233206918351967
6994.0 0.02726942910896413
6995.0 0.027283734351813423
6996.0 0.027288157383801005
6997.0 0.02732115293068364
6998.0 0.02744033169959421
6999.0 0.02755927537403531
7000.0 0.027606818307801734
7001.0 0.027637468464844366
7002.0 0.027653689331823137
7003.0 0.027645483674778912
7004.0 0.02763708269593259
7005.0 0.02774877866284288
7006.0 0.02787064149430991
7007.0 0.02799792758183598
7008.0 0.028131106711655293
7009.0 0.028258328711183958
7010.0 0.02824993798314186
7011.0 0.02824124618094566
7012.0 0.02822112695174355
7013.0 0.028192863703959875
7014.0 0.02818107530438045
7015.0 0.028263435840172067
7016.0 0.028345385565044214
7017.0 0.02851885057513266
7018.0 0.02872943145860847
7019.0 0.028899954352388298
7020.0 0.028957286409752415
7021.0 0.029014258537126955
7022.0 0.029037165660281875
7023.0 0.029052432400978684
7024.0 0.029148797962128124
7025.0 0.029377622714583208
7026.0 0.02960603843922121
7027.0 0.029721117436746474
7028.0 0.02982861928124038
7029.0 0.029830060687029293
7030.0 0.029721267667059185
7031.0 0.029624261113843
7032.0 0.029754369490293357
7033.0 0.02988418274192947
7034.0 0.030021826957751536
7035.0 0.030164337538914506
7036.0 0.030285231104225995
7037.0 0.03029371430603805
7038.0 0.030302010500502595
7039.0 0.030345976750724916
7040.0 0.030403634787621505
7041.0 0.030456932139382678
7042.0 0.030499511802726247
7043.0 0.030541920401959497
7044.0 0.030530551187786293
7045.0 0.030508203167355773
7046.0 0.030482356256768286
7047.0 0.030451156752839544
7048.0 0.030419973192047988
7049.0 0.03053981313156986
7050.0 0.03066745076841304
7051.0 0.030827176585237103
7052.0 0.031017731200618164
7053.0 0.031198046443891424
7054.0 0.031220400656842597
7055.0 0.031242883417712
7056.0 0.031174108276756637
7057.0 0.031049497290752473
7058.0 0.03096493183696166
7059.0 0.031061288978248364
7060.0 0.03115775733051275
7061.0 0.031270974654992144
7062.0 0.03139046192655233
7063.0 0.031482074774955945
7064.0 0.03150542463658521
7065.0 0.03152896770789489
7066.0 0.031533472964397874
7067.0 0.03153491359819367
7068.0 0.03160045511552095
7069.0 0.031761828125842724
7070.0 0.0319233990114634
7071.0 0.03196870581903764
7072.0 0.03200952346678972
7073.0 0.031977741696760605
7074.0 0.03187910975814352
