calculator/instruments/lris/plaintext_files/blue_D560_600-4000.txt
# %ECSV 1.0
# ---
# datatype:
# - {name: WAV, unit: Angstrom, datatype: float32}
# - {name: EFF, datatype: float64}
# meta: !!omap
# - {GRISM: 600/4000}
# - {DICHROIC: D560}
# schema: astropy-2.0
WAV EFF
3200.0 0.06286326461211322
3201.0 0.06340550377176164
3202.0 0.06389844846235111
3203.0 0.06434998579893107
3204.0 0.06476405933902624
3205.0 0.06514757030830484
3206.0 0.06550249048552927
3207.0 0.06583572109636776
3208.0 0.06614923391958266
3209.0 0.06644598662331752
3210.0 0.06673090865447823
3211.0 0.0670040000130648
3212.0 0.06726821836722076
3213.0 0.06752652138508965
3214.0 0.06777989495605265
3215.0 0.06803031085887208
3216.0 0.068277769093548
3217.0 0.06852522732822391
3218.0 0.06877169967351865
3219.0 0.06902014379757575
3220.0 0.06926957381101403
3221.0 0.06952097560321466
3222.0 0.06977434917417764
3223.0 0.07003166630266536
3224.0 0.0702909552099154
3225.0 0.07055517356407137
3226.0 0.07082234958637086
3227.0 0.07109346916619508
3228.0 0.07136951819292518
3229.0 0.07164852488779883
3230.0 0.07193246102957836
3231.0 0.07222034072888261
3232.0 0.07251314987509276
3233.0 0.07280990257882762
3234.0 0.07311059884008721
3235.0 0.07341622454825268
3236.0 0.07372579381394287
3237.0 0.07403930663715777
3238.0 0.07435774890727857
3239.0 0.07468112062430526
3240.0 0.07500843589885667
3241.0 0.0753396947309328
3242.0 0.07567588300991482
3243.0 0.07601700073580275
3244.0 0.07636107612983419
3245.0 0.07671106686015272
3246.0 0.07706500114799596
3247.0 0.07742386488274511
3248.0 0.07778765806440013
3249.0 0.07815539480357987
3250.0 0.07852806098966553
3251.0 0.07890565662265706
3252.0 0.07928916759193566
3253.0 0.079676622118739
3254.0 0.08006900609244821
3255.0 0.08046730540244451
3256.0 0.0808705341593467
3257.0 0.08127869236315478
3258.0 0.08169276590324995
3259.0 0.08211275477963217
3260.0 0.0825376731029203
3261.0 0.08296752087311432
3262.0 0.0834042698689766
3263.0 0.08384594831174476
3264.0 0.08429452798018118
3265.0 0.08474803709552349
3266.0 0.08520844743653408
3267.0 0.08567378722445054
3268.0 0.08614602823803524
3269.0 0.08662418458790704
3270.0 0.0871082562740659
3271.0 0.08759922918589301
3272.0 0.08809513154462603
3273.0 0.08859892101840847
3274.0 0.08910763993909682
3275.0 0.08962326008545339
3276.0 0.09014479556809706
3277.0 0.0906722463870278
3278.0 0.09120659843162678
3279.0 0.09174686581251285
3280.0 0.09229403441906717
3281.0 0.09284613247252736
3282.0 0.09340513175165584
3283.0 0.09396906047769019
3284.0 0.09453989042939281
3285.0 0.09511663571738248
3286.0 0.09569831045227807
3287.0 0.0962868864128419
3288.0 0.09688039182031162
3289.0 0.09747981256406843
3290.0 0.09808416275473111
3291.0 0.09869442828168089
3292.0 0.09930863736615538
3293.0 0.09992974767629811
3294.0 0.10055480154396557
3295.0 0.1011847848585389
3296.0 0.10181969762001815
3297.0 0.10245855393902212
3298.0 0.10310233970493196
3299.0 0.10375006902836653
3300.0 0.104402727798707
3301.0 0.105058344237191
3302.0 0.10571889012258089
3303.0 0.10638239367611432
3304.0 0.10704984078717247
3305.0 0.10772024556637415
3306.0 0.10839360801371938
3307.0 0.10906992812920813
3308.0 0.10974920591284043
3309.0 0.11043144136461626
3310.0 0.11111564859515445
3311.0 0.11180182760445499
3312.0 0.1124899783925179
3313.0 0.11318010095934317
3314.0 0.11387219530493078
3315.0 0.11456527553989959
3316.0 0.11526032755363075
3317.0 0.11595636545674308
3318.0 0.1166533892492366
3319.0 0.1173504130417301
3320.0 0.1180484227236048
3321.0 0.11874741829486068
3322.0 0.11944641386611655
3323.0 0.12014540943737242
3324.0 0.12084440500862831
3325.0 0.12154340057988418
3326.0 0.12224239615114005
3327.0 0.12294139172239593
3328.0 0.12363841551488942
3329.0 0.12433543930738296
3330.0 0.12503246309987645
3331.0 0.12572751511360764
3332.0 0.12642158123795763
3333.0 0.12711564736230757
3334.0 0.12780675581851403
3335.0 0.12849786427472049
3336.0 0.12918700095216457
3337.0 0.12987515174022746
3338.0 0.130561330749528
3339.0 0.1312455379800662
3340.0 0.1319287593212232
3341.0 0.13261000888361785
3342.0 0.133288300777869
3343.0 0.13396560678273892
3344.0 0.1346409410088465
3345.0 0.13531430345619172
3346.0 0.13598569412477457
3347.0 0.1366551130145951
3348.0 0.13732256012565322
3349.0 0.13798803545794902
3350.0 0.13865055312210128
3351.0 0.13931109900749114
3352.0 0.13997065900349986
3353.0 0.14062726133136505
3354.0 0.14128189188046786
3355.0 0.14193455065080834
3356.0 0.14258523764238645
3357.0 0.14323395285520218
3358.0 0.14388069628925557
3359.0 0.14452546794454663
3360.0 0.14516826782107528
3361.0 0.1458090959188416
3362.0 0.14644893812722676
3363.0 0.14708680855684952
3364.0 0.14772369309709113
3365.0 0.14835860585857036
3366.0 0.14899154684128726
3367.0 0.14962448782400414
3368.0 0.15025447113857748
3369.0 0.15088445445315085
3370.0 0.15151246598896184
3371.0 0.15214047752477283
3372.0 0.15276651728182145
3373.0 0.1533925570388701
3374.0 0.1540176109065375
3375.0 0.1546416788848238
3376.0 0.15526574686311007
3377.0 0.155887843062634
3378.0 0.15651092515153908
3379.0 0.157133021351063
3380.0 0.15775610343996807
3381.0 0.158378199639492
3382.0 0.15899930994963474
3383.0 0.15962140614915865
3384.0 0.16024448823806375
3385.0 0.16086658443758767
3386.0 0.16148966652649277
3387.0 0.16211274861539784
3388.0 0.16273681659368414
3389.0 0.16336088457197043
3390.0 0.16398593843963788
3391.0 0.1646119781966865
3392.0 0.1652390038431163
3393.0 0.16586701537892728
3394.0 0.16649601280411946
3395.0 0.1671259961186928
3396.0 0.16775696532264733
3397.0 0.16838892041598305
3398.0 0.16902284728808112
3399.0 0.16965776004956035
3400.0 0.17029464458980195
3401.0 0.17093251501942472
3402.0 0.17157235722780986
3403.0 0.17221318532557617
3404.0 0.17285598520210488
3405.0 0.1734997709680147
3406.0 0.17414454262330573
3407.0 0.17479030016797795
3408.0 0.17543704360203133
3409.0 0.17608477292546593
3410.0 0.17673348813828166
3411.0 0.1773822033510974
3412.0 0.1780319044532943
3413.0 0.17868160555549126
3414.0 0.17933229254706937
3415.0 0.17998297953864748
3416.0 0.18063366653022556
3417.0 0.1812833676324225
3418.0 0.18193306873461942
3419.0 0.18258276983681634
3420.0 0.18323148504963208
3421.0 0.18387921437306667
3422.0 0.18452595780712006
3423.0 0.18517171535179225
3424.0 0.1858164870070833
3425.0 0.18645830099423077
3426.0 0.1870991290919971
3427.0 0.18773798541100106
3428.0 0.18837486995124264
3429.0 0.1890087968233407
3430.0 0.18964075191667643
3431.0 0.19026876345248742
3432.0 0.19089381732015487
3433.0 0.1915159135196788
3434.0 0.192134066161678
3435.0 0.19274827524615246
3436.0 0.19335755488372106
3437.0 0.19396289096376493
3438.0 0.1945642834862841
3439.0 0.19515976067251617
3440.0 0.19575030841184238
3441.0 0.19633494081488148
3442.0 0.1969136578816335
3443.0 0.19748645961209849
3444.0 0.19805236011689523
3445.0 0.19861234528540483
3446.0 0.19916444333886507
3447.0 0.19970964016665702
3448.0 0.20024793576878072
3449.0 0.2007773583664738
3450.0 0.20129889384911748
3451.0 0.20181155632733053
3452.0 0.202315345801113
3453.0 0.202811248159846
3454.0 0.20329926340352958
3455.0 0.20377840564278252
3456.0 0.20425064665636725
3457.0 0.20471401466552136
3458.0 0.20516949555962605
3459.0 0.20561807522806244
3460.0 0.20605876778144944
3461.0 0.20649255910916817
3462.0 0.2069184633218375
3463.0 0.20733746630883854
3464.0 0.2077505539595525
3465.0 0.20815575449521706
3466.0 0.20855405380521336
3467.0 0.20894742366830374
3468.0 0.20933290641634472
3469.0 0.2097134597174798
3470.0 0.21008711179294662
3471.0 0.21045583442150753
3472.0 0.2108186417137814
3473.0 0.21117553366976818
3474.0 0.21152749617884906
3475.0 0.21187452924102404
3476.0 0.21221663285629314
3477.0 0.21255380702465637
3478.0 0.21288703763549482
3479.0 0.21321632468880858
3480.0 0.2135406822952165
3481.0 0.21386208223348083
3482.0 0.21417953861422043
3483.0 0.21449305143743536
3484.0 0.2148036065925067
3485.0 0.21511120407943454
3486.0 0.21541682978760002
3487.0 0.21571949782762195
3488.0 0.21601920819950035
3489.0 0.21631793268199756
3490.0 0.21661468538573242
3491.0 0.21690946631070493
3492.0 0.21720326134629628
3493.0 0.2174960704925064
3494.0 0.21778887963871654
3495.0 0.21808070289554554
3496.0 0.21837252615237449
3497.0 0.21866434940920346
3498.0 0.21895617266603246
3499.0 0.2192489818122426
3500.0 0.21954376273721507
3501.0 0.21983854366218758
3502.0 0.22013529636592247
3503.0 0.22043303495903852
3504.0 0.22073175944153572
3505.0 0.22103146981341412
3506.0 0.2213321660746737
3507.0 0.22163286233593327
3508.0 0.22193454448657404
3509.0 0.2222362266372148
3510.0 0.22253889467723673
3511.0 0.22284156271725866
3512.0 0.22314423075728063
3513.0 0.22344689879730256
3514.0 0.22374956683732447
3515.0 0.2240522348773464
3516.0 0.22435490291736834
3517.0 0.2246565850680091
3518.0 0.22495826721864987
3519.0 0.2252599493692906
3520.0 0.2255606456305502
3521.0 0.22586134189180979
3522.0 0.22616105226368818
3523.0 0.2264597767461854
3524.0 0.2267585012286826
3525.0 0.22705623982179868
3526.0 0.22735299252553354
3527.0 0.2276487593398872
3528.0 0.22794354026485972
3529.0 0.22823733530045104
3530.0 0.2285301444466612
3531.0 0.22882196770349017
3532.0 0.22911280507093792
3533.0 0.22940167065962339
3534.0 0.2296905362483088
3535.0 0.2299774300582319
3536.0 0.23026333797877377
3537.0 0.2305482600099345
3538.0 0.23083121026233286
3539.0 0.23111317462535003
3540.0 0.23139415309898603
3541.0 0.2316731597938597
3542.0 0.23195118059935216
3543.0 0.23222722962608225
3544.0 0.23250229276343118
3545.0 0.23277637001139892
3546.0 0.2330484754806043
3547.0 0.23331860917104735
3548.0 0.2335877569721092
3549.0 0.23385591888378987
3550.0 0.23412210901670816
3551.0 0.23438731326024534
3552.0 0.2346505457250201
3553.0 0.23491180641103254
3554.0 0.23517208120766375
3555.0 0.23543137011491383
3556.0 0.23568868724340153
3557.0 0.23594501848250807
3558.0 0.2361993779428522
3559.0 0.23645176562443404
3560.0 0.23670316741663466
3561.0 0.23695259743007294
3562.0 0.23720104155413005
3563.0 0.23744849978880594
3564.0 0.23769398624471952
3565.0 0.23793750092187071
3566.0 0.23818002970964072
3567.0 0.23842058671864838
3568.0 0.23866015783827488
3569.0 0.238897757179139
3570.0 0.23913437063062196
3571.0 0.23936901230334254
3572.0 0.23960266808668196
3573.0 0.239834352091259
3574.0 0.24006505020645488
3575.0 0.24029574832165077
3576.0 0.24052546054746543
3577.0 0.24075418688389896
3578.0 0.24098389910971366
3579.0 0.24121262544614716
3580.0 0.24144233767196188
3581.0 0.24167204989777655
3582.0 0.24190274801297243
3583.0 0.2421344320175495
3584.0 0.2423680878008889
3585.0 0.24260272947360947
3586.0 0.24283835703571127
3587.0 0.24307694226595655
3588.0 0.24331651338558302
3589.0 0.24356002806273425
3590.0 0.24380452862926663
3591.0 0.24405297275332372
3592.0 0.24430338865614315
3593.0 0.24455774811648734
3594.0 0.24481605113435623
3595.0 0.24507731182036865
3596.0 0.24534251606390578
3597.0 0.24561166386496763
3598.0 0.24588574111293537
3599.0 0.24616376191842784
3600.0 0.2464467121708262
3601.0 0.24673360598074928
3602.0 0.24702641512695944
3603.0 0.24732513960945665
3604.0 0.2476278076494786
3605.0 0.24793737691516876
3606.0 0.24825187562776485
3607.0 0.24857327556602918
3608.0 0.24890059084058058
3609.0 0.2492338214514191
3610.0 0.2495739532879258
3611.0 0.24992098635010082
3612.0 0.2502739347485629
3613.0 0.25063477026207437
3614.0 0.25100250700125415
3615.0 0.2513781308554833
3616.0 0.2517606559353807
3617.0 0.25215106813032756
3618.0 0.2525493674403239
3619.0 0.25295555386536966
3620.0 0.25336962740546476
3621.0 0.25379257394999055
3622.0 0.25422340760956574
3623.0 0.2546631142735715
3624.0 0.2551107080526268
3625.0 0.25556717483611263
3626.0 0.2560325146240291
3627.0 0.2565067274163762
3628.0 0.25699079910253503
3629.0 0.25748275790374336
3630.0 0.2579855614881446
3631.0 0.2584962521875953
3632.0 0.259017787670239
3633.0 0.25954721026793204
3634.0 0.2600874776488181
3635.0 0.260637603923516
3636.0 0.2611975890920256
3637.0 0.26176644726496584
3638.0 0.2623461502210991
3639.0 0.2629347261816629
3640.0 0.2635341469254197
3641.0 0.26414244067360715
3642.0 0.26476059331560636
3643.0 0.2653876189620361
3644.0 0.26602450350227774
3645.0 0.2666702610469499
3646.0 0.26732587748543396
3647.0 0.26798938103896736
3648.0 0.2686627434863126
3649.0 0.26934497893808845
3650.0 0.27003510150491367
3651.0 0.27073508296555077
3652.0 0.271441965651856
3653.0 0.272157721342592
3654.0 0.27288235003775846
3655.0 0.27361387995859326
3656.0 0.27435428288385866
3657.0 0.2751015870347923
3658.0 0.27585677830077543
3659.0 0.2766198566818079
3660.0 0.27738983628850866
3661.0 0.27816671712087765
3662.0 0.27894951328953377
3663.0 0.27974019657323923
3664.0 0.280537781082613
3665.0 0.2813402950388927
3666.0 0.2821497102208406
3667.0 0.28296504073907564
3668.0 0.2837853007042165
3669.0 0.28461147600564446
3670.0 0.28544356664335946
3671.0 0.2862805867279804
3672.0 0.28712155037012604
3673.0 0.28796842934855876
3674.0 0.2888192518845162
3675.0 0.28967303208861717
3676.0 0.29053174173962404
3677.0 0.2913943949481556
3678.0 0.29226000582483075
3679.0 0.29312857436964934
3680.0 0.29400108647199275
3681.0 0.2948755703530984
3682.0 0.2957530119023477
3683.0 0.2966314393409782
3684.0 0.2975128244477522
3685.0 0.2983961813332885
3686.0 0.299280524108206
3687.0 0.3001658527725047
3688.0 0.30105118143680343
3689.0 0.30193848187986444
3690.0 0.30282578232292545
3691.0 0.3037120968766054
3692.0 0.3045993973196664
3693.0 0.30548571187334633
3694.0 0.30637104053764497
3695.0 0.3072553833125625
3696.0 0.30813775430871765
3697.0 0.30901913941549164
3698.0 0.30989855274350325
3699.0 0.31077599429275254
3700.0 0.3116504781738582
3701.0 0.31252101849743924
3702.0 0.31338958704225794
3703.0 0.314255197918933
3704.0 0.3151158793487023
3705.0 0.3159726172209467
3706.0 0.31682639742504776
3707.0 0.3176752481822428
3708.0 0.31851916949253195
3709.0 0.31935914724529646
3710.0 0.32019419555115497
3711.0 0.3210253002994889
3712.0 0.3218504897115356
3713.0 0.3226717355660577
3714.0 0.3234870660842927
3715.0 0.324298453045003
3716.0 0.325102938780045
3717.0 0.3259034809575623
3718.0 0.32669810779879255
3719.0 0.3274878051931169
3720.0 0.32827158725115413
3721.0 0.3290494539729043
3722.0 0.3298223912477486
3723.0 0.33058842729692467
3724.0 0.3313485480098136
3725.0 0.3321037392757967
3726.0 0.3328520293161115
3727.0 0.33359440402013923
3728.0 0.33432987749849874
3729.0 0.33506042152995236
3730.0 0.3357840643357377
3731.0 0.3365008059158548
3732.0 0.3372116321596848
3733.0 0.3379155571778466
3734.0 0.33861258097034014
3735.0 0.33930368942654654
3736.0 0.33998789665708473
3737.0 0.34066520266195466
3738.0 0.3413356074411564
3739.0 0.34199911099468977
3740.0 0.34265571332255496
3741.0 0.3433054144247519
3742.0 0.3439492001906618
3743.0 0.344584112952141
3744.0 0.34521311037733315
3745.0 0.34583520657685707
3746.0 0.34645040155071277
3747.0 0.34705770940951897
3748.0 0.34765811604265695
3749.0 0.34825162145012667
3750.0 0.3488382256319282
3751.0 0.3494169426986802
3752.0 0.34998875853976397
3753.0 0.35055268726579836
3754.0 0.3511107006555456
3755.0 0.3516608269302435
3756.0 0.35220405197927307
3757.0 0.3527393899132532
3758.0 0.35326782662156514
3759.0 0.3537893621042088
3760.0 0.3543039963611842
3761.0 0.3548107435031102
3762.0 0.35531058941936794
3763.0 0.3558035341099574
3764.0 0.3562885916854974
3765.0 0.3567677339247504
3766.0 0.35723898904895396
3767.0 0.35770334294748923
3768.0 0.3581607956203563
3769.0 0.35861134706755504
3770.0 0.3590540113997044
3771.0 0.3594907603955667
3772.0 0.3599206081657607
3773.0 0.36034256882090526
3774.0 0.36075861413976285
3775.0 0.3611677582329521
3776.0 0.36157000110047305
3777.0 0.3619653427423258
3778.0 0.36235476904789155
3779.0 0.36273729412778893
3780.0 0.36311291798201817
3781.0 0.3634826264999602
3782.0 0.3638454337922341
3783.0 0.36420232574822087
3784.0 0.36455231647853936
3785.0 0.36489639187257084
3786.0 0.36523455193031523
3787.0 0.3655667966517725
3788.0 0.36589214014756155
3789.0 0.3662125541964447
3790.0 0.3665260670196596
3791.0 0.36683465039596863
3792.0 0.36713633254660943
3793.0 0.3674330852503443
3794.0 0.3677239226177921
3795.0 0.36800983053833397
3796.0 0.36828982312258873
3797.0 0.3685648862599377
3798.0 0.3688340340609995
