calculator/instruments/lris/plaintext_files/blue_D560_600-4000.txt
# %ECSV 1.0
# ---
# datatype:
# - {name: WAV, unit: Angstrom, datatype: float32}
# - {name: EFF, datatype: float64}
# meta: !!omap
# - {GRISM: 600/4000}
# - {DICHROIC: D560}
# schema: astropy-2.0
WAV EFF
[from data line 1207]
4407.0 0.4750784032237488
4408.0 0.47503995353788286
4409.0 0.47500051796263565
4410.0 0.47496108238738854
4411.0 0.4749216468121414
4412.0 0.4748822112368942
4413.0 0.47484376155102825
4414.0 0.47480432597578104
4415.0 0.47476489040053393
4416.0 0.4747254548252868
4417.0 0.4746870051394208
4418.0 0.47464756956417364
4419.0 0.4746081339889265
4420.0 0.47456771252429814
4421.0 0.474528276949051
4422.0 0.4744888413738038
4423.0 0.47444940579855666
4424.0 0.4744089843339283
4425.0 0.47436954875868115
4426.0 0.4743291272940528
4427.0 0.47428870582942445
4428.0 0.47424828436479616
4429.0 0.4742078629001678
4430.0 0.4741664555461583
4431.0 0.47412603408153
4432.0 0.47408462672752044
4433.0 0.47404223348412977
4434.0 0.47400082613012023
4435.0 0.4739594187761107
4436.0 0.47391702553272
4437.0 0.47387463228932936
4438.0 0.4738312531565575
4439.0 0.47378885991316677
4440.0 0.4737454807803949
4441.0 0.47370210164762305
4442.0 0.47365773662546995
4443.0 0.4736133716033169
4444.0 0.47356900658116385
4445.0 0.4735246415590108
4446.0 0.47347929064747657
4447.0 0.4734339397359424
4448.0 0.4733885888244081
4449.0 0.4733422520234927
4450.0 0.4732959152225773
4451.0 0.4732485925322807
4452.0 0.47320126984198413
4453.0 0.4731539471516875
4454.0 0.47310662446139096
4455.0 0.47305831588171315
4456.0 0.47301000730203535
4457.0 0.4729607128329764
4458.0 0.4729114183639175
4459.0 0.4728611380054774
4460.0 0.4728118435364184
4461.0 0.4727615631779783
4462.0 0.472710296930157
4463.0 0.4726590306823357
4464.0 0.4726077644345144
4465.0 0.4725555122973119
4466.0 0.47250326016010946
4467.0 0.47245002213352577
4468.0 0.4723967841069421
4469.0 0.4723435460803584
4470.0 0.47228932216439357
4471.0 0.47223509824842874
4472.0 0.4721798884430827
4473.0 0.47212467863773666
4474.0 0.4720684829430095
4475.0 0.4720122872482823
4476.0 0.4719551056641739
4477.0 0.4718979240800656
4478.0 0.4718407424959572
4479.0 0.47178158913308643
4480.0 0.47172342165959685
4481.0 0.4716642682967261
4482.0 0.47160412904447424
4483.0 0.47154398979222234
4484.0 0.4714828646505892
4485.0 0.4714217395089561
4486.0 0.4713596284779418
4487.0 0.4712965315575464
4488.0 0.47123343463715095
4489.0 0.4711693518273743
4490.0 0.4711062549069789
4491.0 0.47104118620782104
4492.0 0.470975131619282
4493.0 0.4709100629201243
4494.0 0.47084302244220405
4495.0 0.4707759819642839
4496.0 0.4707089414863637
4497.0 0.47064091511906236
4498.0 0.4705719028623798
4499.0 0.47050289060569733
4500.0 0.4704328924596336
4501.0 0.47045572579151307
4502.0 0.4704775452149946
4503.0 0.47058362545816784
4504.0 0.47075664296505665
4505.0 0.47094311025607577
4506.0 0.47123693264788236
4507.0 0.47153162853335034
4508.0 0.47183199920396907
4509.0 0.4721360760302305
4510.0 0.4724370980767711
4511.0 0.47272718744593245
4512.0 0.473016165182705
4513.0 0.47330128195490595
4514.0 0.47358522497657063
4515.0 0.4738935899870304
4516.0 0.47425039155394133
4517.0 0.47460704640462104
4518.0 0.4749912385503586
4519.0 0.47537845875530726
4520.0 0.475739002394138
4521.0 0.47606944401825124
4522.0 0.4763990746850657
4523.0 0.476761546500619
4524.0 0.4771228588717583
4525.0 0.47744971287410776
4526.0 0.4777495444767978
4527.0 0.4780442852841491
4528.0 0.47830574921866087
4529.0 0.47856507341243687
4530.0 0.47879190174426767
4531.0 0.4790019033567246
4532.0 0.47917996266148
4533.0 0.47925612796386247
4534.0 0.47933223206412046
4535.0 0.47933391506015793
4536.0 0.4793172298133021
4537.0 0.4792903830404028
4538.0 0.4792436848757083
4539.0 0.4791959589201311
4540.0 0.47915494104804746
4541.0 0.4791134580167687
4542.0 0.47900766054156924
4543.0 0.47882836839288995
4544.0 0.47864495725793055
4545.0 0.478326332867664
4546.0 0.4780088065658316
4547.0 0.4777210332578468
4548.0 0.4774555447526287
4549.0 0.47717498397819225
4550.0 0.47680770940303885
4551.0 0.47644054312571527
4552.0 0.475971511582258
4553.0 0.47545936735287164
4554.0 0.47496073035560415
4555.0 0.4745022668166479
4556.0 0.4740429457755342
4557.0 0.47354440243279505
4558.0 0.4730367895792458
4559.0 0.47257271294750863
4560.0 0.4721816150328478
4561.0 0.47179063795363957
4562.0 0.47134815608981645
4563.0 0.470901328026781
4564.0 0.4703980063407196
4565.0 0.4698345889952613
4566.0 0.46927282940724224
4567.0 0.4687205208448652
4568.0 0.46816939638357435
4569.0 0.46767189498555023
4570.0 0.46721183016883205
4571.0 0.46676945011784005
4572.0 0.4664321671819769
4573.0 0.46609498481801664
4574.0 0.4657228653348264
4575.0 0.46533655300452564
4576.0 0.4649555797360558
4577.0 0.4645888298289288
4578.0 0.46422219312127794
4579.0 0.4639184527517811
4580.0 0.4636285779038245
4581.0 0.4633148285864022
4582.0 0.46296307871398323
4583.0 0.4626104504839129
4584.0 0.46228082511740626
4585.0 0.46195171152826964
4586.0 0.4616813250338574
4587.0 0.46147099765400657
4588.0 0.461255130983068
4589.0 0.4609341682078237
4590.0 0.4606123167580764
4591.0 0.4603530612829659
4592.0 0.46013417947634633
4593.0 0.4599092446458345
4594.0 0.45966033723503663
4595.0 0.45941149320807106
4596.0 0.4591877927745989
4597.0 0.45897487674497284
4598.0 0.45876140986349323
4599.0 0.45854743006045773
4600.0 0.4583334992019467
4601.0 0.4581924883763208
4602.0 0.4580653746430584
4603.0 0.457920629606852
4604.0 0.45774776010895124
4605.0 0.457574923190316
4606.0 0.45737580857663535
4607.0 0.4571763304037219
4608.0 0.4570422831975253
4609.0 0.45697204295759714
4610.0 0.4568973736335323
4611.0 0.4567534307681531
4612.0 0.4566104871713001
4613.0 0.4564397076425879
4614.0 0.45625129041872803
4615.0 0.45607087674802355
4616.0 0.45592232625757095
4617.0 0.4557737994590995
4618.0 0.45561362987030185
4619.0 0.45544772739911854
4620.0 0.4553109000268052
4621.0 0.4552437757683399
4622.0 0.45517664614387493
4623.0 0.45505476414155577
4624.0 0.4549240411287002
4625.0 0.4546437114434166
4626.0 0.45414817684286474
4627.0 0.45365376256701584
4628.0 0.45346493058381393
4629.0 0.4532908083906786
4630.0 0.4533647581336316
4631.0 0.4536694484655256
4632.0 0.4539494765990752
4633.0 0.45393609020162246
4634.0 0.45392365855343864
4635.0 0.4537751694944119
4636.0 0.45354779869069056
4637.0 0.45334991819822984
4638.0 0.4532734103262076
4639.0 0.45319690354527037
4640.0 0.45313516623912925
4641.0 0.4530780226808963
4642.0 0.45301864280501086
4643.0 0.45295309810403245
4644.0 0.45288755195808217
4645.0 0.45276749650643533
4646.0 0.45263842586462905
4647.0 0.4525009840426194
4648.0 0.4523529539306668
4649.0 0.4522059222613826
4650.0 0.45214046372735667
4651.0 0.45207666869217866
4652.0 0.45204282944652435
4653.0 0.4520346783198732
4654.0 0.45201830489242056
4655.0 0.45190911107104426
4656.0 0.45180090442963206
4657.0 0.45172545214016313
4658.0 0.45166860522892555
4659.0 0.4515997286727065
4660.0 0.4514885951620727
4661.0 0.4513765008567918
4662.0 0.4512888725474447
4663.0 0.45120963852436713
4664.0 0.4511216484052535
4665.0 0.45101809469472887
4666.0 0.450915526398435
4667.0 0.4508489586735364
4668.0 0.45078729957612473
4669.0 0.4507121597135031
4670.0 0.45062012971104126
4671.0 0.4505281083095753
4672.0 0.4505191953159175
4673.0 0.45051110828958196
4674.0 0.4504544033695972
4675.0 0.4503571390877336
4676.0 0.4502623102580139
4677.0 0.45018931643355525
4678.0 0.45011730013427076
4679.0 0.4500674343172315
4680.0 0.45002897404665754
4681.0 0.4499763173452316
4682.0 0.44987335023565117
4683.0 0.4497713683653364
4684.0 0.44973738508750905
4685.0 0.449724965592315
4686.0 0.4496971758820508
4687.0 0.4496381991524391
4688.0 0.4495792230496367
4689.0 0.44947182339946934
4690.0 0.4493584522865148
4691.0 0.4492821835509504
4692.0 0.44925124396852395
4693.0 0.44922127161631115
4694.0 0.44913669058817357
4695.0 0.44905309015338085
4696.0 0.4489974580436125
4697.0 0.448964557384943
4698.0 0.44892881349766084
4699.0 0.448864147756149
4700.0 0.4487994840767508
4701.0 0.4487008418810982
4702.0 0.448586449068852
4703.0 0.44850706552633685
4704.0 0.4485480869984707
4705.0 0.4485890839299959
4706.0 0.4486103936597059
4707.0 0.44862645767521714
4708.0 0.4485972965531852
4709.0 0.4484832498174313
4710.0 0.4483692175793104
4711.0 0.4482751829165024
4712.0 0.4481834858675659
4713.0 0.4481310079134297
4714.0 0.4481245522850051
4715.0 0.44811574150782485
4716.0 0.4479921714400112
4717.0 0.4478676446651099
4718.0 0.44777983858922615
4719.0 0.4477206987358287
4720.0 0.4476707114100551
4721.0 0.4476884772362261
4722.0 0.4477052492319723
4723.0 0.4476621716843193
4724.0 0.4475908022529104
4725.0 0.4475166671270951
4726.0 0.4474337689907922
4727.0 0.4473508770917767
4728.0 0.4473227506300008
4729.0 0.44730854682284177
4730.0 0.4472866348892409
4731.0 0.44725103324244914
4732.0 0.44721542490023164
4733.0 0.44714350049130547
4734.0 0.447068084774569
4735.0 0.4470007958539193
4736.0 0.4469426672124891
4737.0 0.44688596754262677
4738.0 0.44687451818658547
4739.0 0.44686402898184857
4740.0 0.4468115306940023
4741.0 0.44673315326383756
4742.0 0.4466561753349667
4743.0 0.4466007109551678
4744.0 0.44654427031014343
4745.0 0.4465033713162463
4746.0 0.4464691265585392
4747.0 0.4464219249161992
4748.0 0.44633689568538637
4749.0 0.4462528468216961
4750.0 0.44617130846113157
4751.0 0.44609059100558834
4752.0 0.4460241161984682
4753.0 0.445978274373597
4754.0 0.4459334012608306
4755.0 0.4458785077241595
4756.0 0.4458228577761239
4757.0 0.44580587221198653
4758.0 0.4458327857454614
4759.0 0.44585525539415805
4760.0 0.44579508882970764
4761.0 0.44573589571639527
4762.0 0.445673769629692
4763.0 0.44561033845552694
4764.0 0.44555132570618056
4765.0 0.4455155073471283
4766.0 0.44548065545064247
4767.0 0.44543640876282964
4768.0 0.4453887208788002
4769.0 0.44533561150793083
4770.0 0.4452642453172657
4771.0 0.44519385609397333
4772.0 0.4451132484921695
4773.0 0.44502957748998623
4774.0 0.4449562628231779
4775.0 0.4448982460053151
4776.0 0.44484022735319667
4777.0 0.44486178824070827
4778.0 0.444888341621826
4779.0 0.4448890677903819
4780.0 0.4448669043353227
4781.0 0.4448403215603286
4782.0 0.4447485262022801
4783.0 0.44465771463699194
4784.0 0.44461293240701016
4785.0 0.4445959654709243
4786.0 0.44457134291430467
4787.0 0.4445056119583748
4788.0 0.44443890652805945
4789.0 0.44440131896034635
4790.0 0.4443741318766714
4791.0 0.4443574795573565
4792.0 0.44436541522462764
4793.0 0.4443743092162611
4794.0 0.44432685667487554
4795.0 0.44427081190899936
4796.0 0.44423156222675997
4797.0 0.44421993841318214
4798.0 0.4442083026694813
4799.0 0.44425735849350867
4800.0 0.4443095304645402
4801.0 0.44434648688151007
4802.0 0.4443678907559041
4803.0 0.44438458167907263
4804.0 0.44433988197555707
4805.0 0.4442951797950731
4806.0 0.44429072354240956
4807.0 0.4443103215430908
4808.0 0.44434288428631086
4809.0 0.4444355400170037
4810.0 0.4445281611553217
4811.0 0.4446040896356559
4812.0 0.44467379214322394
4813.0 0.4447137811797098
4814.0 0.4446822065353988
4815.0 0.44465062745465367
4816.0 0.44466202546540023
4817.0 0.44468180089368436
4818.0 0.44471099982849405
4819.0 0.44475376249502496
4820.0 0.44479748546727965
4821.0 0.44486453321205666
4822.0 0.44493325905219105
4823.0 0.4449973687497754
4824.0 0.4450563118926034
4825.0 0.4451140165254061
4826.0 0.44515869063300095
4827.0 0.445203346509917
4828.0 0.4452478563768377
4829.0 0.4452917242491954
4830.0 0.4453454453370821
4831.0 0.4454380178180354
4832.0 0.4455305647088464
4833.0 0.4455765599257721
4834.0 0.44560801485942525
4835.0 0.445625691117636
4836.0 0.4456105313361324
4837.0 0.4455953669962962
4838.0 0.44558063138904463
4839.0 0.44556467836741626
4840.0 0.4455308701289165
4841.0 0.44546871012764794
4842.0 0.44540852211059206
4843.0 0.44538309121241226
4844.0 0.44535836771162635
4845.0 0.44532415483677734
4846.0 0.4452810223265976
4847.0 0.4452301426693474
4848.0 0.4450919624808424
4849.0 0.4449537980315094
4850.0 0.44484331156478185
4851.0 0.4447472010469472
4852.0 0.4446401172079526
4853.0 0.44449369723370685
4854.0 0.4443463106643382
4855.0 0.44418376028867673
4856.0 0.44401483193072516
4857.0 0.44386728247059204
4858.0 0.44376403121874614
4859.0 0.44366078955998656
4860.0 0.44352726711399465
4861.0 0.4433904745888254
4862.0 0.44324049376161373
4863.0 0.4430759554390848
4864.0 0.44291241354653166
4865.0 0.4427832122995812
4866.0 0.4426553491590524
4867.0 0.4425333242102743
4868.0 0.4424160771347878
4869.0 0.44230447294798053
4870.0 0.44223052937507146
4871.0 0.44215756980002324
4872.0 0.442077497261063
4873.0 0.44199474224502683
4874.0 0.4419004327660602
4875.0 0.4417705697967697
4876.0 0.4416397392595355
4877.0 0.4415674281009154
4878.0 0.4415113477625682
4879.0 0.441448915872172
4880.0 0.44137062429488977
4881.0 0.4412942924661957
4882.0 0.44117894312358
4883.0 0.4410598769992115
4884.0 0.44097662462069936
4885.0 0.4409361613001879
4886.0 0.44089795460667164
4887.0 0.4408886438606323
4888.0 0.44088030889574253
4889.0 0.4408270198585312
4890.0 0.44073841459961516
4891.0 0.4406518380785489
4892.0 0.44058010234138534
4893.0 0.4405083709240432
4894.0 0.4404800517158874
4895.0 0.44047313572019714
4896.0 0.44045496566073855
4897.0 0.4404023901203264
4898.0 0.44034981737254386
4899.0 0.4402675105741039
4900.0 0.4401760694810705
4901.0 0.440121918537994
4902.0 0.4401370099417929
4903.0 0.4401520987407531
4904.0 0.4401447433911282
4905.0 0.4401339182570036
4906.0 0.4401070693128784
4907.0 0.44005929138100236
4908.0 0.44001101031630857
4909.0 0.4399369833014761
4910.0 0.4398639362929715
4911.0 0.43982307002361126
4912.0 0.43980621062377934
4913.0 0.43979197418998917
4914.0 0.43980181722971423
4915.0 0.4398106821669845
4916.0 0.43978613856859444
4917.0 0.4397465877007955
4918.0 0.4397081792301098
4919.0 0.4396761195346236
4920.0 0.4396430856681454
4921.0 0.43964227356647445
4922.0 0.4396497573587553
4923.0 0.4396326024184257
4924.0 0.4395733870002022
4925.0 0.4395132003435437
4926.0 0.43942649589931376
4927.0 0.43933757751521174
4928.0 0.43927805406652004
4929.0 0.43925179564375716
4930.0 0.43922393476562016
4931.0 0.43917481948461207
4932.0 0.4391247320104738
4933.0 0.43908106861736285
4934.0 0.4390408942516377
4935.0 0.4390004804523983
4936.0 0.4389622783421886
4937.0 0.4389240765834088
4938.0 0.4388860108333929
4939.0 0.43884883858509466
4940.0 0.43879768199284697
4941.0 0.4387075546764461
4942.0 0.438617436539116
4943.0 0.43856506864131434
4944.0 0.43852043971403826
4945.0 0.4384671423215302
4946.0 0.4384024058528222
4947.0 0.4383357247275291
4948.0 0.43823353321467784
4949.0 0.4381257585436959
4950.0 0.438047871290515
4951.0 0.4379981582872339
4952.0 0.4379486294937593
4953.0 0.43790256881161627
4954.0 0.43785358385551476
4955.0 0.4377951785442706
4956.0 0.4377285474801853
4957.0 0.43765594330464813
4958.0 0.4375612293924906
4959.0 0.4374645769724962
4960.0 0.4374010422832977
4961.0 0.4373497853179634
4962.0 0.43729308799405897
4963.0 0.43722861670916596
4964.0 0.43716316965516966
4965.0 0.437041235372367
4966.0 0.4369073746233442
4967.0 0.4367966860244518
4968.0 0.43672179045388904
4969.0 0.43664397285223566
4970.0 0.4365479974523521
4971.0 0.4364499571966665
4972.0 0.4363176181380011
4973.0 0.4361500264529814
4974.0 0.4359861614951214
4975.0 0.4358772783585679
4976.0 0.4357664567521818
4977.0 0.43567399805314433
4978.0 0.43559097436872696
4979.0 0.43549503443517545
4980.0 0.4353388791293061
4981.0 0.43518080410214754
4982.0 0.43505980278385015
4983.0 0.4349512829004677
4984.0 0.43485520325485283
4985.0 0.4347933529476107
4986.0 0.4347285606789048
4987.0 0.4345777375725448
4988.0 0.43440995389653
4989.0 0.4342532372739343
4990.0 0.4341164991115427
4991.0 0.4339768533691778
4992.0 0.43380638900973917
4993.0 0.43363377614066856
4994.0 0.43347002261188594
4995.0 0.4333166028690975
4996.0 0.4331636153051262
4997.0 0.43305394396032854
4998.0 0.4329413425725528
4999.0 0.4327975284366974
5000.0 0.4326330561588294
5001.0 0.4324614004250925
5002.0 0.4322584861195837
5003.0 0.43205366806515627
5004.0 0.43191016398934257
5005.0 0.4317865777215966
5006.0 0.4316300277524086
5007.0 0.4314024605472002
5008.0 0.43117300387817364
5009.0 0.4309679860360974
5010.0 0.43076631734533966
5011.0 0.4305777982494168
5012.0 0.4304113891869072
