calculator/instruments/lris/plaintext_files/blue_D680_300-5000.txt
# %ECSV 1.0
# ---
# datatype:
# - {name: WAV, unit: Angstrom, datatype: float32}
# - {name: EFF, datatype: float64}
# meta: !!omap
# - {GRISM: 300/5000}
# - {DICHROIC: D680}
# schema: astropy-2.0
WAV EFF
[from data line 1583]
5083.0 0.54264364
5084.0 0.54259954
5085.0 0.54255446
5086.0 0.5425084
5087.0 0.54246038
5088.0 0.54241236
5089.0 0.5423633600000001
5090.0 0.5423124
5091.0 0.54226046
5092.0 0.5422085200000001
5093.0 0.54215462
5094.0 0.5420997399999999
5095.0 0.54204486
5096.0 0.54198802
5097.0 0.5419301999999999
5098.0 0.5418723799999999
5099.0 0.5418126
5100.0 0.54175282
5101.0 0.54169108
5102.0 0.5416293400000001
5103.0 0.5415656400000001
5104.0 0.54150194
5105.0 0.5414372599999999
5106.0 0.5413716000000001
5107.0 0.54130496
5108.0 0.5412383199999999
5109.0 0.54116972
5110.0 0.54110112
5111.0 0.54103056
5112.0 0.54096
5113.0 0.5408894399999999
5114.0 0.5408169199999999
5115.0 0.5407444
5116.0 0.5406709
5117.0 0.5405964200000001
5118.0 0.54052096
5119.0 0.5404455
5120.0 0.5403690600000001
5121.0 0.54029164
5122.0 0.5402142200000001
5123.0 0.5401358199999999
5124.0 0.54005644
5125.0 0.5399770599999999
5126.0 0.5398967
5127.0 0.53981634
5128.0 0.539735
5129.0 0.53965268
5130.0 0.53957036
5131.0 0.53948706
5132.0 0.53940278
5133.0 0.53931948
5134.0 0.53923422
5135.0 0.53914896
5136.0 0.53906272
5137.0 0.53897746
5138.0 0.5388902400000001
5139.0 0.53880302
5140.0 0.5387158
5141.0 0.5386276
5142.0 0.5385394
5143.0 0.53845022
5144.0 0.53836104
5145.0 0.5382718599999999
5146.0 0.5381817
5147.0 0.53809154
5148.0 0.5380013800000001
5149.0 0.53791024
5150.0 0.5378191
5151.0 0.53772698
5152.0 0.53763584
5153.0 0.53754274
5154.0 0.53745062
5155.0 0.5373585
5156.0 0.5372654
5157.0 0.5371723
5158.0 0.5370792
5159.0 0.53698512
5160.0 0.53689104
5161.0 0.53679794
5162.0 0.5367038599999999
5163.0 0.5366097799999999
5164.0 0.5365147199999999
5165.0 0.53642064
5166.0 0.53632558
5167.0 0.53623052
5168.0 0.5361364399999999
5169.0 0.53604138
5170.0 0.53594632
5171.0 0.53585126
5172.0 0.5357562
5173.0 0.53566114
5174.0 0.5355650999999999
5175.0 0.5354700400000001
5176.0 0.5353749800000001
5177.0 0.53527992
5178.0 0.53518486
5179.0 0.5350898
5180.0 0.53499474
5181.0 0.53489968
5182.0 0.53480462
5183.0 0.53470956
5184.0 0.5346145
5185.0 0.53452042
5186.0 0.5344253600000001
5187.0 0.5343312800000001
5188.0 0.53423622
5189.0 0.53414214
5190.0 0.5340480599999999
5191.0 0.53395496
5192.0 0.53386088
5193.0 0.5337677799999999
5194.0 0.5336736999999999
5195.0 0.5335806
5196.0 0.5334884799999999
5197.0 0.53339538
5198.0 0.53330326
5199.0 0.53321114
5200.0 0.53311902
5201.0 0.53302788
5202.0 0.53293576
5203.0 0.5328455999999999
5204.0 0.5327544599999999
5205.0 0.5326643
5206.0 0.53257414
5207.0 0.5324849599999999
5208.0 0.5323948
5209.0 0.5323066000000001
5210.0 0.5322174199999999
5211.0 0.5321292200000001
5212.0 0.53204102
5213.0 0.5319538
5214.0 0.53186756
5215.0 0.5317803400000001
5216.0 0.5316941000000001
5217.0 0.53160884
5218.0 0.53152358
5219.0 0.53143832
5220.0 0.53135404
5221.0 0.53127074
5222.0 0.53118744
5223.0 0.53110414
5224.0 0.53102182
5225.0 0.53094048
5226.0 0.53085914
5227.0 0.5307778000000001
5228.0 0.53069744
5229.0 0.53061806
5230.0 0.53053868
5231.0 0.53046028
5232.0 0.53038286
5233.0 0.53030544
5234.0 0.5302290000000001
5235.0 0.53015256
5236.0 0.5300771
5237.0 0.5300026200000001
5238.0 0.52992814
5239.0 0.52985464
5240.0 0.52978212
5241.0 0.5297096
5242.0 0.52963806
5243.0 0.5295675000000001
5244.0 0.5294969399999999
5245.0 0.52942736
5246.0 0.52935974
5247.0 0.52929114
5248.0 0.52922352
5249.0 0.5291568799999999
5250.0 0.52909122
5251.0 0.52902654
5252.0 0.52896186
5253.0 0.5288991399999999
5254.0 0.52883642
5255.0 0.5287736999999999
5256.0 0.5287129399999999
5257.0 0.5286521799999999
5258.0 0.52859338
5259.0 0.5285345800000001
5260.0 0.52847676
5261.0 0.52841894
5262.0 0.52836308
5263.0 0.5283081999999999
5264.0 0.52825332
5265.0 0.52819942
5266.0 0.5281465
5267.0 0.52809554
5268.0 0.52804458
5269.0 0.52799362
5270.0 0.52794462
5271.0 0.5278956199999999
5272.0 0.5278476
5273.0 0.52780154
5274.0 0.5277554799999999
5275.0 0.52770942
5276.0 0.52766532
5277.0 0.52762122
5278.0 0.52757908
5279.0 0.52753694
5280.0 0.52749578
5281.0 0.52745462
5282.0 0.52741542
5283.0 0.5273762200000001
5284.0 0.527338
5285.0 0.52730076
5286.0 0.5272644999999999
5287.0 0.52722824
5288.0 0.5271929599999999
5289.0 0.52715866
5290.0 0.52712534
5291.0 0.527093
5292.0 0.52706066
5293.0 0.5270292999999999
5294.0 0.52699794
5295.0 0.5269685399999999
5296.0 0.52693914
5297.0 0.52691072
5298.0 0.5268822999999999
5299.0 0.52685584
5300.0 0.52682938
5301.0 0.52680292
5302.0 0.52677842
5303.0 0.52675392
5304.0 0.5267303999999999
5305.0 0.52670688
5306.0 0.5266843400000001
5307.0 0.52666278
5308.0 0.5266422000000001
5309.0 0.52662162
5310.0 0.52660202
5311.0 0.5265824199999999
5312.0 0.5265637999999999
5313.0 0.52654616
5314.0 0.52652852
5315.0 0.5265118599999999
5316.0 0.52649618
5317.0 0.5264804999999999
5318.0 0.5264658
5319.0 0.5264511
5320.0 0.52643738
5321.0 0.52642366
5322.0 0.52641092
5323.0 0.52639916
5324.0 0.5263874
5325.0 0.52637662
5326.0 0.52636584
5327.0 0.52635702
5328.0 0.52634722
5329.0 0.5263384
5330.0 0.52632958
5331.0 0.52632174
5332.0 0.5263148799999999
5333.0 0.52630802
5334.0 0.52630116
5335.0 0.5262952799999999
5336.0 0.5262903800000001
5337.0 0.52628548
5338.0 0.52628156
5339.0 0.52627666
5340.0 0.52627372
5341.0 0.52627078
5342.0 0.52626784
5343.0 0.52626588
5344.0 0.52626392
5345.0 0.5262619599999999
5346.0 0.5262619599999999
5347.0 0.52626098
5348.0 0.52626098
5349.0 0.52626098
5350.0 0.5262619599999999
5351.0 0.52626294
5352.0 0.52626392
5353.0 0.52626588
5354.0 0.52626784
5355.0 0.52627078
5356.0 0.5262727399999999
5357.0 0.52627666
5358.0 0.5262796000000001
5359.0 0.5262835199999999
5360.0 0.5262874399999999
5361.0 0.52629234
5362.0 0.52629724
5363.0 0.5263021400000001
5364.0 0.52630704
5365.0 0.5263129200000001
5366.0 0.5263188
5367.0 0.52632468
5368.0 0.52633154
5369.0 0.5263384
5370.0 0.5263452599999999
5371.0 0.52635212
5372.0 0.52635996
5373.0 0.5263668199999999
5374.0 0.52637466
5375.0 0.52638348
5376.0 0.52639132
5377.0 0.52640014
5378.0 0.5264089599999999
5379.0 0.52641778
5380.0 0.5264266000000001
5381.0 0.5264364
5382.0 0.52644522
5383.0 0.52645502
5384.0 0.5264648200000001
5385.0 0.52647462
5386.0 0.52648442
5387.0 0.5264952
5388.0 0.52650598
5389.0 0.52651578
5390.0 0.52652656
5391.0 0.52653734
5392.0 0.5265481200000001
5393.0 0.5265589
5394.0 0.52656968
5395.0 0.52658046
5396.0 0.52659222
5397.0 0.5266029999999999
5398.0 0.52661476
5399.0 0.52662554
5400.0 0.5266373
5401.0 0.52664906
5402.0 0.52665984
5403.0 0.5266716
5404.0 0.52668336
5405.0 0.5266951200000001
5406.0 0.52670688
5407.0 0.5267186399999999
5408.0 0.52672942
5409.0 0.52674118
5410.0 0.52675294
5411.0 0.5267647
5412.0 0.52677646
5413.0 0.52678724
5414.0 0.526799
5415.0 0.5268107599999999
5416.0 0.52682252
5417.0 0.5268333
5418.0 0.52684506
5419.0 0.52685584
5420.0 0.5268676
5421.0 0.52687838
5422.0 0.52688916
5423.0 0.52690092
5424.0 0.5269117
5425.0 0.5269215
5426.0 0.52693228
5427.0 0.52694306
5428.0 0.52695384
5429.0 0.5269636400000001
5430.0 0.52697344
5431.0 0.52698422
5432.0 0.5269940200000001
5433.0 0.52700382
5434.0 0.5270136200000001
5435.0 0.52702244
5436.0 0.52703224
5437.0 0.52704106
5438.0 0.52704988
5439.0 0.5270587
5440.0 0.52706752
5441.0 0.52707634
5442.0 0.52708418
5443.0 0.527093
5444.0 0.52709986
5445.0 0.5271077000000001
5446.0 0.52711554
5447.0 0.5271224
5448.0 0.52712926
5449.0 0.52713612
5450.0 0.5271429799999999
5451.0 0.52714886
5452.0 0.52715474
5453.0 0.5271606200000001
5454.0 0.5271665
5455.0 0.5271714
5456.0 0.52717728
5457.0 0.5271812
5458.0 0.5271861
5459.0 0.52719002
5460.0 0.52719394
5461.0 0.52719786
5462.0 0.5272008
5463.0 0.52720472
5464.0 0.52720668
5465.0 0.52720962
5466.0 0.52721158
5467.0 0.52721354
5468.0 0.5272155
5469.0 0.52721648
5470.0 0.52721746
5471.0 0.52721844
5472.0 0.52721844
5473.0 0.52721844
5474.0 0.52721844
5475.0 0.52721746
5476.0 0.52721648
5477.0 0.5272145199999999
5478.0 0.52721354
5479.0 0.52721158
5480.0 0.52720864
5481.0 0.5272057
5482.0 0.52720276
5483.0 0.5271988400000001
5484.0 0.52719492
5485.0 0.5271910000000001
5486.0 0.5271861
5487.0 0.5271812
5488.0 0.52717532
5489.0 0.52717042
5490.0 0.52716454
5491.0 0.52715768
5492.0 0.5271498400000001
5493.0 0.5271429799999999
5494.0 0.52713514
5495.0 0.5271273
5496.0 0.5271184800000001
5497.0 0.5271096599999999
5498.0 0.52709986
5499.0 0.5270900599999999
5500.0 0.52708026
5501.0 0.52706948
5502.0 0.52705772
5503.0 0.5270469400000001
5504.0 0.5270342
5505.0 0.52702244
5506.0 0.5270097
5507.0 0.5269959799999999
5508.0 0.52698226
5509.0 0.5269685399999999
5510.0 0.52695384
5511.0 0.5269381599999999
5512.0 0.5269234599999999
5513.0 0.5269077799999999
5514.0 0.52689112
5515.0 0.52687348
5516.0 0.52685682
5517.0 0.5268391800000001
5518.0 0.52682056
5519.0 0.5268019399999999
5520.0 0.5267833199999999
5521.0 0.52676372
5522.0 0.52674314
5523.0 0.52672256
5524.0 0.52670198
5525.0 0.52668042
5526.0 0.52665886
5527.0 0.5266363199999999
5528.0 0.5266128
5529.0 0.52659026
5530.0 0.52656576
5531.0 0.5265422399999999
5532.0 0.52651676
5533.0 0.52649128
5534.0 0.5264658
5535.0 0.5264393399999999
5536.0 0.52641288
5537.0 0.5263854400000001
5538.0 0.526358
5539.0 0.52632958
5540.0 0.52630116
5541.0 0.5262717600000001
5542.0 0.5262423599999999
5543.0 0.5262119799999999
5544.0 0.5261815999999999
5545.0 0.52615024
5546.0 0.52611888
5547.0 0.52608654
5548.0 0.5260542
5549.0 0.52602088
5550.0 0.52598756
5551.0 0.52595326
5552.0 0.52591896
5553.0 0.52588368
5554.0 0.5258483999999999
5555.0 0.5258111599999999
5556.0 0.5257749
5557.0 0.52573766
5558.0 0.5257004200000001
5559.0 0.5256622
5560.0 0.52562398
5561.0 0.52558478
5562.0 0.5255455800000001
5563.0 0.5255054
5564.0 0.52546424
5565.0 0.5254240600000001
5566.0 0.5253829000000001
5567.0 0.5253407600000001
5568.0 0.52529862
5569.0 0.5252555
5570.0 0.52521238
5571.0 0.5251682799999999
5572.0 0.52512418
5573.0 0.5250800800000001
5574.0 0.5250349999999999
5575.0 0.52498992
5576.0 0.52494288
5577.0 0.52489682
5578.0 0.52485076
5579.0 0.5248037200000001
5580.0 0.5247556999999999
5581.0 0.52470768
5582.0 0.52465966
5583.0 0.52461066
5584.0 0.52456166
5585.0 0.5245126600000001
5586.0 0.5244626800000001
5587.0 0.5244117199999999
5588.0 0.5243617399999999
5589.0 0.52431078
5590.0 0.5242598199999999
5591.0 0.52420788
5592.0 0.52415594
5593.0 0.52410302
5594.0 0.5240501
5595.0 0.5239971800000001
5596.0 0.52394328
5597.0 0.52389036
5598.0 0.52383646
5599.0 0.52378158
5600.0 0.5237267
5601.0 0.52367182
5602.0 0.5236169399999999
5603.0 0.52356108
5604.0 0.52350522
5605.0 0.5234493600000001
5606.0 0.52339252
5607.0 0.5233356800000001
5608.0 0.52327884
5609.0 0.52322102
5610.0 0.52316418
5611.0 0.52310636
5612.0 0.52304756
5613.0 0.52298974
5614.0 0.5229309400000001
5615.0 0.5228721399999999
5616.0 0.52281334
5617.0 0.52275356
5618.0 0.52269378
5619.0 0.52263498
5620.0 0.5225752
5621.0 0.52251444
5622.0 0.52245466
5623.0 0.5223939
5624.0 0.5223331400000001
5625.0 0.52227238
5626.0 0.52221162
5627.0 0.52214988
5628.0 0.52208912
5629.0 0.5220273799999999
5630.0 0.52196564
5631.0 0.5219039
5632.0 0.5218421599999999
5633.0 0.52177944
5634.0 0.5217177
5635.0 0.52165498
5636.0 0.52159324
5637.0 0.52153052
5638.0 0.5214677999999999
5639.0 0.52140508
5640.0 0.5213423599999999
5641.0 0.52127964
5642.0 0.52121594
5643.0 0.52115322
5644.0 0.5210905
5645.0 0.5210268
5646.0 0.5209631
5647.0 0.5208993999999999
5648.0 0.5208366799999999
5649.0 0.52077298
5650.0 0.52070928
5651.0 0.52064656
5652.0 0.52058286
5653.0 0.52051916
5654.0 0.52045546
5655.0 0.52039176
5656.0 0.52032904
5657.0 0.52026534
5658.0 0.52020164
5659.0 0.52013794
5660.0 0.52007522
5661.0 0.52001152
5662.0 0.51994782
5663.0 0.5198851
5664.0 0.5198214
5665.0 0.51975868
5666.0 0.5196959600000001
5667.0 0.51963226
5668.0 0.51956954
5669.0 0.51950682
5670.0 0.5194441
5671.0 0.51938138
5672.0 0.5193186599999999
5673.0 0.51925692
5674.0 0.5191941999999999
5675.0 0.5191324599999999
5676.0 0.51906974
5677.0 0.5190079999999999
5678.0 0.51894626
5679.0 0.51888452
5680.0 0.5188227799999999
5681.0 0.5187620199999999
5682.0 0.5187012599999999
5683.0 0.51863952
5684.0 0.5185797400000001
5685.0 0.5185189800000001
5686.0 0.5184582200000001
5687.0 0.5183984399999999
5688.0 0.51833866
5689.0 0.51827888
5690.0 0.5182191
5691.0 0.5181602999999999
5692.0 0.51810052
5693.0 0.5180427
5694.0 0.5179838999999999
5695.0 0.5179251
5696.0 0.51786728
5697.0 0.5178094599999999
5698.0 0.51775262
5699.0 0.5176947999999999
5700.0 0.51763796
5701.0 0.5175820999999999
5702.0 0.51752526
5703.0 0.5174694
5704.0 0.51741452
5705.0 0.51735866
5706.0 0.51730378
5707.0 0.5172489
5708.0 0.5171950000000001
5709.0 0.5171411
5710.0 0.51708818
5711.0 0.51703428
5712.0 0.51698234
5713.0 0.51692942
5714.0 0.5168774799999999
5715.0 0.5168255399999999
5716.0 0.51677458
5717.0 0.5167236199999999
5718.0 0.5166736399999999
5719.0 0.51662366
5720.0 0.51657368
5721.0 0.5165246800000001
5722.0 0.5164766599999999
5723.0 0.51642766
5724.0 0.5163806200000001
5725.0 0.51633358
5726.0 0.5162865400000001
5727.0 0.51624048
5728.0 0.51619442
5729.0 0.51614836
5730.0 0.51610426
5731.0 0.5160591800000001
5732.0 0.51601606
5733.0 0.51597196
5734.0 0.51592982
5735.0 0.51588768
5736.0 0.5158455399999999
5737.0 0.51580438
5738.0 0.51576322
5739.0 0.51572402
5740.0 0.51568384
5741.0 0.51564464
5742.0 0.5156064199999999
5743.0 0.51556918
5744.0 0.51553194
5745.0 0.5154947
5746.0 0.51545942
5747.0 0.51542316
5748.0 0.51538886
5749.0 0.51535456
5750.0 0.51532124
5751.0 0.5152888999999999
5752.0 0.51525656
5753.0 0.5152242199999999
5754.0 0.5151938399999999
5755.0 0.5151634599999999
5756.0 0.51513406
5757.0 0.51510466
5758.0 0.51507722
5759.0 0.5150488
5760.0 0.51502234
5761.0 0.5149958800000001
5762.0 0.5149703999999999
5763.0 0.5149459
5764.0 0.51492238
5765.0 0.51489886
5766.0 0.5148763167078605
5767.0 0.5148547503772262
5768.0 0.514833188675319
5769.0 0.5148126601956691
5770.0 0.5147931117120745
5771.0 0.5147744291221611
5772.0 0.5147566623561597
5773.0 0.5147376442623438
5774.0 0.514714601073541
5775.0 0.5146935182437175
5776.0 0.5146986541717743
5777.0 0.5147148148121845
5778.0 0.5147041070616929
5779.0 0.5146355603868513
5780.0 0.5145670163071598
5781.0 0.5134274458102375
5782.0 0.5121287159958086
5783.0 0.5110665963547821
5784.0 0.5103331339010011
5785.0 0.5095996935586514
5786.0 0.5096118986010594
5787.0 0.5096412411343411
5788.0 0.5096592784814084
5789.0 0.5096704537718197
5790.0 0.5096808051086202
5791.0 0.5096739835455663
5792.0 0.5096671620196896
5793.0 0.509671243811792
5794.0 0.5096801512755523
5795.0 0.5096906311828048
5796.0 0.5096997230910287
5797.0 0.5097097857908309
5798.0 0.5097058484144411
5799.0 0.5096984097537897
5800.0 0.5096978518354015
5801.0 0.5097108240026514
5802.0 0.5097247670447765
5803.0 0.5097384204958447
5804.0 0.5097528729545611
5805.0 0.5097632079076212
5806.0 0.5097680372495926
5807.0 0.5097738369818592
5808.0 0.5097895641847756
5809.0 0.5098073332528973
5810.0 0.5098290745599634
5811.0 0.5098542427007047
5812.0 0.5098794882721889
5813.0 0.5098975017535985
5814.0 0.509917456790319
5815.0 0.5099312961218712
5816.0 0.509942454886788
5817.0 0.5099568495662531
5818.0 0.5099792781185556
5819.0 0.5100036481049451
5820.0 0.5100406571142264
5821.0 0.5100806846568159
5822.0 0.5101169327854772
5823.0 0.5101449284329338
5824.0 0.5101738948391558
5825.0 0.5102115444685372
5826.0 0.5102511190781582
5827.0 0.5102869949114607
5828.0 0.5103159755543323
5829.0 0.510346862870888
5830.0 0.5103743439020475
5831.0 0.5104037654471194
5832.0 0.5104378570175043
5833.0 0.5104758264224586
5834.0 0.5105152604673704
5835.0 0.5105592882651024
5836.0 0.5106042873540436
5837.0 0.5106511862517268
5838.0 0.5106994936146919
5839.0 0.5107459718930493
5840.0 0.5107798229738187
5841.0 0.5108156134403412
5842.0 0.5108498037606849
5843.0 0.5108842791665087
5844.0 0.5109246953389314
5845.0 0.5109753167116343
5846.0 0.5110269085851104
5847.0 0.511088841208259
5848.0 0.5111516062596665
5849.0 0.5112138676897462
5850.0 0.5112732577443835
5851.0 0.5113345010125546
5852.0 0.511392358741219
5853.0 0.5114511868706235
