calculator/instruments/lris/plaintext_files/blue_D460_600-4000.txt
# %ECSV 1.0
# ---
# datatype:
# - {name: WAV, unit: Angstrom, datatype: float32}
# - {name: EFF, datatype: float64}
# meta: !!omap
# - {GRISM: 600/4000}
# - {DICHROIC: D460}
# schema: astropy-2.0
WAV EFF
[from data line 1814]
5014.0 0.07470443464123885
5015.0 0.07361385348363264
5016.0 0.07243449159528786
5017.0 0.0711765694762006
5018.0 0.06992134082772687
5019.0 0.06869062461878792
5020.0 0.06746040305071634
5021.0 0.06628560405680567
5022.0 0.06514214217300726
5023.0 0.06400781867536436
5024.0 0.06290772417261481
5025.0 0.06180824016358315
5026.0 0.060619758469232725
5027.0 0.05940221563814761
5028.0 0.05823032634716861
5029.0 0.057159200329456254
5030.0 0.05608872246746777
5031.0 0.055156975348683246
5032.0 0.05424662771166494
5033.0 0.05325142365978423
5034.0 0.05214381938018541
5035.0 0.05103695007200721
5036.0 0.04989731551497074
5037.0 0.04875788931045984
5038.0 0.04781050554303429
5039.0 0.04702649789532046
5040.0 0.04624598011175971
5041.0 0.045491132135343094
5042.0 0.044736862159713855
5043.0 0.04378252523228498
5044.0 0.04272081770298205
5045.0 0.04166571989980278
5046.0 0.0406326687492978
5047.0 0.03960048751031272
5048.0 0.038634846000932414
5049.0 0.03768959864956804
5050.0 0.036782853421452225
5051.0 0.03595703431368369
5052.0 0.03513191358230725
5053.0 0.034376086751621716
5054.0 0.033630314157854745
5055.0 0.03282646717069723
5056.0 0.0319486341970479
5057.0 0.031071717457199954
5058.0 0.030124426349652515
5059.0 0.029177982515273492
5060.0 0.028310262974620175
5061.0 0.027506892690598684
5062.0 0.026729181046248295
5063.0 0.026153420980289402
5064.0 0.02557815775712724
5065.0 0.024895633264389355
5066.0 0.024160608089372454
5067.0 0.023447703882650356
5068.0 0.022811145437743128
5069.0 0.022175154757030677
5070.0 0.021554075829384244
5071.0 0.020937681643546372
5072.0 0.020329471270472695
5073.0 0.019736706623435196
5074.0 0.01914452065041875
5075.0 0.018598449661364588
5076.0 0.018058537363472467
5077.0 0.01748229764336227
5078.0 0.01686154707511445
5079.0 0.01624286377568721
5080.0 0.015769324790778513
5081.0 0.015296283171965417
5082.0 0.014862418494091001
5083.0 0.01445816853109647
5084.0 0.01405070641868808
5085.0 0.013616977514350741
5086.0 0.013183669038891748
5087.0 0.012544359688461303
5088.0 0.011808565586344126
5089.0 0.011182184594893108
5090.0 0.010900391936828235
5091.0 0.010618843426505258
5092.0 0.010436195259292657
5093.0 0.010279887657896336
5094.0 0.010104158954642612
5095.0 0.009892183096787554
5096.0 0.009680407377086074
5097.0 0.00938626425782904
5098.0 0.009084256861135133
5099.0 0.008704403043615737
5100.0 0.008233252957789925
5101.0 0.007766480278740317
5102.0 0.007492723816745668
5103.0 0.007219241137751815
5104.0 0.007111081104526557
5105.0 0.007122511824188354
5106.0 0.0070931956547936
5107.0 0.006813701269797045
5108.0 0.00653448160220386
5109.0 0.006214267287010425
5110.0 0.005875838289142549
5111.0 0.0055685021260012315
5112.0 0.005353707731860804
5113.0 0.005139122198949081
5114.0 0.0049548130212959335
5115.0 0.004777720911693457
5116.0 0.004606659006132537
5117.0 0.004446172760946234
5118.0 0.004285830663528696
5119.0 0.004071720068047886
5120.0 0.0038531350972853557
5121.0 0.0037442456419460673
5122.0 0.0037540517964677698
5123.0 0.0037619890514581666
5124.0 0.0037098503696890023
5125.0 0.003657774426475575
5126.0 0.003571667182458832
5127.0 0.003461980270772178
5128.0 0.0033392734666421496
5129.0 0.0031423369328298693
5130.0 0.002945580673298348
5131.0 0.0030799871715170664
5132.0 0.0033494155426598295
5133.0 0.003542284530758752
5134.0 0.003517855108786018
5135.0 0.003493454134183947
5136.0 0.003273515004579316
5137.0 0.0030108481574741925
5138.0 0.002834767453368392
5139.0 0.002799672675991561
5140.0 0.0027646072396673616
5141.0 0.0028330614816444635
5142.0 0.0029092556227957845
5143.0 0.0028836094210664565
5144.0 0.002752116812922342
5145.0 0.0026222574295578713
5146.0 0.0025213912309894394
5147.0 0.0024206170333978495
5148.0 0.002425069402347412
5149.0 0.002499590329623193
5150.0 0.0025710306074613236
5151.0 0.0026265832296343623
5152.0 0.002682087055079187
5153.0 0.002721776839191692
5154.0 0.002755303129690573
5155.0 0.002815094863073643
5156.0 0.00294242147579997
5157.0 0.003069637146210507
5158.0 0.003081899314683822
5159.0 0.003070637935370497
5160.0 0.003028900879961427
5161.0 0.002939538868395193
5162.0 0.002850246129059917
5163.0 0.002896398230185225
5164.0 0.002949637753863139
5165.0 0.00306863210895298
5166.0 0.0032533022898629266
5167.0 0.003425005553801277
5168.0 0.0033961754072452974
5169.0 0.0033673609462268675
5170.0 0.0033574011878143026
5171.0 0.003358998337519961
5172.0 0.003361605173911002
5173.0 0.003369188845828882
5174.0 0.0033767645000107836
5175.0 0.0034374683503125337
5176.0 0.0035177557180919813
5177.0 0.0036236272218294215
5178.0 0.0037921515113714375
5179.0 0.003960532193577483
5180.0 0.0040100575577263035
5181.0 0.004038600314294706
5182.0 0.004108458766050256
5183.0 0.004240243181427891
5184.0 0.004371905639568252
5185.0 0.004387251640960412
5186.0 0.004397731833860909
5187.0 0.0043501451719730085
5188.0 0.004249025042205875
5189.0 0.004161577072422346
5190.0 0.004254541605500373
5191.0 0.004347407228638675
5192.0 0.004284497943648555
5193.0 0.004130253674543877
5194.0 0.0040397463522226324
5195.0 0.004220338965737193
5196.0 0.004400758748767543
5197.0 0.004570106825423458
5198.0 0.004735467990038834
5199.0 0.004881577524868163
5200.0 0.004982994476037077
5201.0 0.0050843239025435225
5202.0 0.005153239830154316
5203.0 0.005216845666839962
5204.0 0.0052809719779157984
5205.0 0.005345844829202537
5206.0 0.005410651836110327
5207.0 0.005319858033765516
5208.0 0.0052243561096272225
5209.0 0.005189654913394715
5210.0 0.0052088183986492426
5211.0 0.005229843755379768
5212.0 0.005269879103000819
5213.0 0.005309859136596187
5214.0 0.005213129812750414
5215.0 0.005039644747737768
5216.0 0.004924773479378346
5217.0 0.005043608061880932
5218.0 0.005162321118464622
5219.0 0.00515385628046524
5220.0 0.005105311325131339
5221.0 0.00501793230575627
5222.0 0.004844170693683253
5223.0 0.004670593531334041
5224.0 0.00473222457071005
5225.0 0.0048288952409729245
5226.0 0.004892866901508469
5227.0 0.004913580789369311
5228.0 0.004934283517254391
5229.0 0.0048842331356210335
5230.0 0.004833529031242095
5231.0 0.004813098235256245
5232.0 0.004818419536410686
5233.0 0.0048340205591746515
5234.0 0.004942024008730451
5235.0 0.005049941130399105
5236.0 0.005093527626765451
5237.0 0.005104020684281246
5238.0 0.005098710817068077
5239.0 0.0050339852054294846
5240.0 0.004969334116792515
5241.0 0.0049309440511032835
5242.0 0.004900423864663636
5243.0 0.004880374321260626
5244.0 0.004881471922485043
5245.0 0.0048825906324479855
5246.0 0.004834314300126543
5247.0 0.004779348926871021
5248.0 0.0047251675462151805
5249.0 0.004671938096421318
5250.0 0.004618780982052614
5251.0 0.004564409959149723
5252.0 0.004510099802453806
5253.0 0.004487127355129247
5254.0 0.004488760601616823
5255.0 0.0044759559174621846
5256.0 0.004346357347050645
5257.0 0.004216886169855628
5258.0 0.004244915918027656
5259.0 0.004350402529817096
5260.0 0.004451110969951538
5261.0 0.004536057292898493
5262.0 0.004620939150682081
5263.0 0.004497317339580633
5264.0 0.004315038474237953
5265.0 0.004122700138238125
5266.0 0.0039106841922122125
5267.0 0.00369886217916252
5268.0 0.0037204419790399512
5269.0 0.003767923972951538
5270.0 0.0038418535188960105
5271.0 0.003948079626536516
5272.0 0.004052658608150456
5273.0 0.0039994643656468066
5274.0 0.003946329421241051
5275.0 0.0038542779412167627
5276.0 0.003732930585102511
5277.0 0.003617724764437893
5278.0 0.0035429294435477742
5279.0 0.003468221281146918
5280.0 0.003406939327944764
5281.0 0.0033520207715181396
5282.0 0.0033241802124534875
5283.0 0.0033819279628624624
5284.0 0.003439664522364793
5285.0 0.0033028448762399396
5286.0 0.0031175099646862416
5287.0 0.0029045640894517963
5288.0 0.002640268676545744
5289.0 0.0023761411727243682
5290.0 0.002363404345485744
5291.0 0.0023755324013545924
5292.0 0.0023893335266963957
5293.0 0.0024050256419368165
5294.0 0.0024177297823872435
5295.0 0.002283554416828509
5296.0 0.0021494579180820783
5297.0 0.002095775631737454
5298.0 0.0021002961283067955
5299.0 0.0020987008448936917
5300.0 0.002059474464064844
5301.0 0.002020278778716513
5302.0 0.00202655401235365
5303.0 0.002052308665002088
5304.0 0.002066141011870397
5305.0 0.0020441867326330557
5306.0 0.0020222548142062235
5307.0 0.001927695783369887
5308.0 0.0018161340164985834
5309.0 0.001714191254554105
5310.0 0.001628581470287159
5311.0 0.0015430037773200025
5312.0 0.0013309957981034934
5313.0 0.0011080487946695681
5314.0 0.0009514037615892406
5315.0 0.0008665656383461148
5316.0 0.0007838272998079681
5317.0 0.0007510774051629181
5318.0 0.0007183374250109207
5319.0 0.000645238862528608
5320.0 0.0005441012990527698
5321.0 0.00047364674240003444
5322.0 0.0005770027233514312
5323.0 0.0006803575731346574
5324.0 0.0005892509935453225
5325.0 0.00041872218267224035
5326.0 0.00024660562959192954
5327.0 7.018306425217501e-05
5328.0 -0.0001062418628905269
5329.0 -0.00010340298935887831
5330.0 -6.121234407498432e-05
5331.0 -1.627126388196416e-05
5332.0 3.315683222379147e-05
5333.0 8.258891276940905e-05
5334.0 -6.226122091998018e-05
5335.0 -0.00021952856280841609
5336.0 -0.0003790319257774493
5337.0 -0.0005408646635326471
5338.0 -0.0006970315753704885
5339.0 -0.0007451038025045565
5340.0 -0.0007931854757613855
5341.0 -0.0008194791181979082
5342.0 -0.0008318391705031746
5343.0 -0.0008681209705718753
5344.0 -0.0010299816778547388
5345.0 -0.0011918778736433834
5346.0 -0.001250561980762749
5347.0 -0.0012691028233131952
5348.0 -0.001286815667526605
5349.0 -0.0013023789078778875
5350.0 -0.001317952636938333
5351.0 -0.0014185255537600366
5352.0 -0.0015353192012926833
5353.0 -0.0016040222005191626
5354.0 -0.001597457961309441
5355.0 -0.0015909000061505908
5356.0 -0.0015921823385401106
5357.0 -0.0015938818715268944
5358.0 -0.0016719850267958279
5359.0 -0.0018235219827411238
5360.0 -0.0019765161934032494
5361.0 -0.0021515159564036235
5362.0 -0.0023265763263295193
5363.0 -0.0023948591111357226
5364.0 -0.0023976709566599997
5365.0 -0.0023830423368176442
5366.0 -0.0022888789896951403
5367.0 -0.0021946958799040047
5368.0 -0.0021822547697292007
5369.0 -0.0022000596091317536
5370.0 -0.0022168367821058612
5371.0 -0.002231074804332805
5372.0 -0.0022453175796865823
5373.0 -0.002312405604100845
5374.0 -0.00238884223406772
5375.0 -0.002492099873722133
5376.0 -0.002633958013882134
5377.0 -0.002775872440951609
5378.0 -0.002780728136188164
5379.0 -0.002779878915037044
5380.0 -0.0027897836276971335
5381.0 -0.002809634220672985
5382.0 -0.0028331487770930524
5383.0 -0.002898826266812234
5384.0 -0.002964519160402152
5385.0 -0.00309703474828937
5386.0 -0.003268822645287317
5387.0 -0.003410723102004749
5388.0 -0.0034249821038057782
5389.0 -0.0034392370734881283
5390.0 -0.0033670645741263115
5391.0 -0.003266039845894739
5392.0 -0.0032126631052357534
5393.0 -0.003270546611510294
5394.0 -0.0033284497081454895
5395.0 -0.0034384926826516757
5396.0 -0.0035570501317203347
5397.0 -0.0036427562612652512
5398.0 -0.0036830624610417395
5399.0 -0.0037233725252042845
5400.0 -0.00373595543791328
5401.0 -0.0037479759510467537
5402.0 -0.0037879581688865637
5403.0 -0.003852758841444465
5404.0 -0.003898442035154747
5405.0 -0.003750594436524343
5406.0 -0.003602697713597131
5407.0 -0.003659898583231571
5408.0 -0.0038276000552631335
5409.0 -0.004019396387781075
5410.0 -0.0043074806385226365
5411.0 -0.004595659895148581
5412.0 -0.004650380156276505
5413.0 -0.004631363937578596
5414.0 -0.004563460483841748
5415.0 -0.0043916819949819256
5416.0 -0.0042198456428799965
5417.0 -0.00423320634063337
5418.0 -0.004274268542490977
5419.0 -0.004341086568265763
5420.0 -0.004442067403656612
5421.0 -0.004543082841249359
5422.0 -0.004590669670519248
5423.0 -0.004637732639025295
5424.0 -0.004677507597372626
5425.0 -0.0047113213824947426
5426.0 -0.004723827841380338
5427.0 -0.004544322407653093
5428.0 -0.00436476218974262
5429.0 -0.004257527377933408
5430.0 -0.004187567723024703
5431.0 -0.004151412343645546
5432.0 -0.004235235451392072
5433.0 -0.0043190913552649144
5434.0 -0.004347563732298203
5435.0 -0.004359506417787354
5436.0 -0.004423572074906224
5437.0 -0.004593525273287101
5438.0 -0.004763574415794551
5439.0 -0.004916411518966352
5440.0 -0.005067189797597051
5441.0 -0.005099667155461127
5442.0 -0.004981466497884263
5443.0 -0.004863234897477925
5444.0 -0.004887363874365244
5445.0 -0.0049115410853914415
5446.0 -0.005028318662931441
5447.0 -0.0052179372394020275
5448.0 -0.005372177192659012
5449.0 -0.005266107884917922
5450.0 -0.005160007655124623
5451.0 -0.005013015495453589
5452.0 -0.004845848099947692
5453.0 -0.004724077218449303
5454.0 -0.004754522639731812
5455.0 -0.004785009152913201
5456.0 -0.004835668947946109
5457.0 -0.004891748516914952
5458.0 -0.004941136465990822
5459.0 -0.004977471876327908
5460.0 -0.0050138673192107385
5461.0 -0.005119056515622397
5462.0 -0.005231967623520574
5463.0 -0.00529952029885056
5464.0 -0.005313757843743196
5465.0 -0.005327752961487932
5466.0 -0.005314276937774762
5467.0 -0.005300816290210014
5468.0 -0.00521688043143272
5469.0 -0.005079721765705287
5470.0 -0.00495389589235412
5471.0 -0.004904328451932236
5472.0 -0.004854744805005987
5473.0 -0.004900875398405009
5474.0 -0.004990100962640796
5475.0 -0.005069300535097468
5476.0 -0.005116532112118215
5477.0 -0.0051638148986796
5478.0 -0.0052873007415173735
5479.0 -0.005429942534534229
5480.0 -0.00556659745706858
5481.0 -0.0056924208161060665
5482.0 -0.005818399017241237
5483.0 -0.005743192082546598
5484.0 -0.00564802028750682
5485.0 -0.005535628713061157
5486.0 -0.005403783921366701
5487.0 -0.0052771084119107355
5488.0 -0.005320448238391145
5489.0 -0.005363867958980606
5490.0 -0.005292305018180561
5491.0 -0.005137339195212777
5492.0 -0.005002175333440451
5493.0 -0.004989439774113012
5494.0 -0.004976700660636737
5495.0 -0.005042996601780142
5496.0 -0.005143283871025652
5497.0 -0.005234531717136046
5498.0 -0.005299839327445933
5499.0 -0.005365227862216451
5500.0 -0.005386805071990362
5501.0 -0.005398108332635679
5502.0 -0.005368797926913566
5503.0 -0.005270188661620441
5504.0 -0.005171490604035271
5505.0 -0.0049812641700000306
5506.0 -0.004783940422631672
5507.0 -0.004728549126282178
5508.0 -0.004827189004441567
5509.0 -0.004929227806719779
5510.0 -0.005109754900818673
5511.0 -0.005290519077988836
5512.0 -0.005386845351934738
5513.0 -0.0054268248348231475
5514.0 -0.005462368703903642
5515.0 -0.005472423348750806
5516.0 -0.0054825130717915315
5517.0 -0.005368310712639228
5518.0 -0.005203185860711098
5519.0 -0.005074865915187236
5520.0 -0.005046532413073529
5521.0 -0.005018182830047655
5522.0 -0.005018022990073707
5523.0 -0.005023676353320015
5524.0 -0.005072184067688609
5525.0 -0.005190743272388759
5526.0 -0.005309469481883026
5527.0 -0.00525544417139952
5528.0 -0.0051903319684849306
5529.0 -0.005102860581221066
5530.0 -0.0049929826074947255
5531.0 -0.004886156345069979
5532.0 -0.004839549702926851
5533.0 -0.004792895465845829
5534.0 -0.004767805141621083
5535.0 -0.0047565285521145965
5536.0 -0.004740608763794527
5537.0 -0.004701989537008856
5538.0 -0.0046633535289953955
5539.0 -0.004709637736667395
5540.0 -0.0047890737826424765
5541.0 -0.004827123795354948
5542.0 -0.004758363225798021
5543.0 -0.004689526062348117
5544.0 -0.004671805879451602
5545.0 -0.004663847360712146
5546.0 -0.004658768938035762
5547.0 -0.004658033107501048
5548.0 -0.004657323794273704
5549.0 -0.004666767593234496
5550.0 -0.0046767774285168245
5551.0 -0.00460728939200598
5552.0 -0.00446123314197342
5553.0 -0.004319179930517066
5554.0 -0.004233182712928024
5555.0 -0.0041470513649714035
5556.0 -0.004136819462864733
5557.0 -0.004173200857209959
5558.0 -0.004219368667629763
5559.0 -0.004309926044344382
5560.0 -0.004400612721784642
5561.0 -0.004447349209856889
5562.0 -0.004478633797995835
5563.0 -0.004501892236152104
5564.0 -0.004505439455406448
5565.0 -0.004508965448812889
5566.0 -0.004568205066437911
5567.0 -0.004637331454972622
5568.0 -0.004591311534897642
5569.0 -0.004379268987157236
5570.0 -0.004166858101694397
5571.0 -0.004099410307724186
