calculator/instruments/lris/plaintext_files/blue_D460_600-4000.txt
# %ECSV 1.0
# ---
# datatype:
# - {name: WAV, unit: Angstrom, datatype: float32}
# - {name: EFF, datatype: float64}
# meta: !!omap
# - {GRISM: 600/4000}
# - {DICHROIC: D460}
# schema: astropy-2.0
WAV EFF
3200.0 0.06101805795465579
3201.0 0.061544380929971575
3202.0 0.06202285636207684
3203.0 0.06246113985788526
3204.0 0.06286305922085368
3205.0 0.06323531310703158
3206.0 0.06357981541814736
3207.0 0.06390326481025053
3208.0 0.06420757518506948
3209.0 0.06449561739519684
3210.0 0.06477217619495368
3211.0 0.06503725158434
3212.0 0.06529371441594842
3213.0 0.06554443554237158
3214.0 0.06579037191447369
3215.0 0.06603343743398316
3216.0 0.0662736321009
3217.0 0.06651382676781684
3218.0 0.06675306448386947
3219.0 0.06699421610165053
3220.0 0.06723632467029579
3221.0 0.06748034714066947
3222.0 0.06772628351277159
3223.0 0.06797604768833053
3224.0 0.06822772576561789
3225.0 0.06848418859722633
3226.0 0.06874352228142737
3227.0 0.06900668376908525
3228.0 0.06927463001106421
3229.0 0.06954544710563579
3230.0 0.06982104895452843
3231.0 0.07010047860687789
3232.0 0.07038469301354842
3233.0 0.07067273522367579
3234.0 0.07096460523726
3235.0 0.07126126000516526
3236.0 0.07156174257652737
3237.0 0.07186605295134632
3238.0 0.07217514808048632
3239.0 0.07248902796394736
3240.0 0.07280673565086526
3241.0 0.07312827114124
3242.0 0.07345459138593578
3243.0 0.07378569638495264
3244.0 0.0741196722365621
3245.0 0.07445938979335684
3246.0 0.07480293515360842
3247.0 0.07515126526818106
3248.0 0.07550438013707474
3249.0 0.07586132280942526
3250.0 0.07622305023609684
3251.0 0.07658956241708947
3252.0 0.07696181630326737
3253.0 0.07733789799290211
3254.0 0.07771876443685789
3255.0 0.07810537258599895
3256.0 0.07849676548946105
3257.0 0.07889294314724421
3258.0 0.07929486251021264
3259.0 0.07970252357836632
3260.0 0.08011496940084105
3261.0 0.08053219997763683
3262.0 0.08095612921048212
3263.0 0.08138484319764842
3264.0 0.0818202558408642
3265.0 0.08226045323840105
3266.0 0.08270734929198738
3267.0 0.08315903009989474
3268.0 0.08361740956385158
3269.0 0.08408153073299368
3270.0 0.08455139360732106
3271.0 0.0850279551376979
3272.0 0.0855093014223958
3273.0 0.08599830331400737
3274.0 0.08649208995994001
3275.0 0.08699257526192211
3276.0 0.08749880226908947
3277.0 0.0880107709814421
3278.0 0.08852943834984421
3279.0 0.08905384742343159
3280.0 0.08958495515306843
3281.0 0.09012084763702631
3282.0 0.09066343877703369
3283.0 0.0912108146713621
3284.0 0.09176488922174
3285.0 0.09232470547730315
3286.0 0.09288930648718736
3287.0 0.09346060615312106
3288.0 0.09403669057337578
3289.0 0.0946185166988158
3290.0 0.09520512757857684
3291.0 0.09579748016352316
3292.0 0.09639366055192632
3293.0 0.09699653959637895
3294.0 0.09760324644428843
3295.0 0.09821473804651895
3296.0 0.09883101440307052
3297.0 0.09945111856307895
3298.0 0.10007600747740843
3299.0 0.10070472419519473
3300.0 0.1013382256673021
3301.0 0.1019745979920021
3302.0 0.10261575507102315
3303.0 0.10325978300263684
3304.0 0.10390763873770736
3305.0 0.10455836532537052
3306.0 0.10521196276562632
3307.0 0.10586843105847474
3308.0 0.1065277702039158
3309.0 0.10718998020194948
3310.0 0.10785410410171158
3311.0 0.10852014190320211
3312.0 0.10918809360642105
3313.0 0.10985795921136843
3314.0 0.11052973871804421
3315.0 0.11120247517558421
3316.0 0.11187712553485263
3317.0 0.11255273284498526
3318.0 0.1132292971059821
3319.0 0.11390586136697894
3320.0 0.11458338257884
3321.0 0.11526186074156526
3322.0 0.11594033890429052
3323.0 0.1166188170670158
3324.0 0.11729729522974106
3325.0 0.11797577339246632
3326.0 0.11865425155519159
3327.0 0.11933272971791685
3328.0 0.12000929397891368
3329.0 0.12068585823991053
3330.0 0.12136242250090735
3331.0 0.12203707286017579
3332.0 0.12271076626858002
3333.0 0.1233844596769842
3334.0 0.1240552822327958
3335.0 0.12472610478860738
3336.0 0.12539501344269055
3337.0 0.12606296514590948
3338.0 0.1267290029474
3339.0 0.1273931268471621
3340.0 0.12805629379605998
3341.0 0.12871754684322947
3342.0 0.12937592903780631
3343.0 0.13003335428151896
3344.0 0.13068886562350315
3345.0 0.13134246306375896
3346.0 0.1319941466022863
3347.0 0.13264391623908528
3348.0 0.1332917719741558
3349.0 0.1339377138074979
3350.0 0.1345807847882474
3351.0 0.1352219418672684
3352.0 0.13586214199542526
3353.0 0.13649947127098946
3354.0 0.13713488664482526
3355.0 0.13776838811693265
3356.0 0.13839997568731158
3357.0 0.1390296493559621
3358.0 0.1396574091228842
3359.0 0.1402832549880779
3360.0 0.14090718695154314
3361.0 0.14152920501328
3362.0 0.14215026612415263
3363.0 0.14276941333329685
3364.0 0.14338760359157685
3365.0 0.14400387994812844
3366.0 0.1446182424029516
3367.0 0.14523260485777476
3368.0 0.1458440964600053
3369.0 0.1464555880622358
3370.0 0.1470651657627379
3371.0 0.14767474346324
3372.0 0.1482824072620137
3373.0 0.1488900710607874
3374.0 0.14949677790869684
3375.0 0.1501025278057421
3376.0 0.15070827770278736
3377.0 0.1513121136981042
3378.0 0.15191690664428528
3379.0 0.1525207426396021
3380.0 0.15312553558578315
3381.0 0.1537293715811
3382.0 0.15433225062555264
3383.0 0.15493608662086947
3384.0 0.1555408795670505
3385.0 0.1561447155623674
3386.0 0.15674950850854844
3387.0 0.15735430145472948
3388.0 0.15796005135177474
3389.0 0.15856580124882003
3390.0 0.15917250809672948
3391.0 0.15978017189550317
3392.0 0.16038879264514105
3393.0 0.16099837034564315
3394.0 0.16160890499700947
3395.0 0.16222039659924
3396.0 0.16283284515233473
3397.0 0.1634462506562937
3398.0 0.16406157006198108
3399.0 0.16467784641853261
3400.0 0.16529603667681264
3401.0 0.16591518388595686
3402.0 0.16653624499682945
3403.0 0.16715826305856632
3404.0 0.1677821950220316
3405.0 0.16840708393636106
3406.0 0.16903292980155474
3407.0 0.16965973261761264
3408.0 0.17028749238453472
3409.0 0.17091620910232108
3410.0 0.17154588277097158
3411.0 0.1721755564396221
3412.0 0.17280618705913683
3413.0 0.1734368176786516
3414.0 0.17406840524903053
3415.0 0.17469999281940948
3416.0 0.1753315803897884
3417.0 0.17596221100930318
3418.0 0.17659284162881791
3419.0 0.17722347224833263
3420.0 0.17785314591698315
3421.0 0.17848186263476948
3422.0 0.1791096224016916
3423.0 0.17973642521774946
3424.0 0.18036227108294317
3425.0 0.1809852460955442
3426.0 0.18160726415728107
3427.0 0.18222736831728947
3428.0 0.18284555857556947
3429.0 0.18346087798125685
3430.0 0.1840742834852158
3431.0 0.1846838611857179
3432.0 0.18529056803362737
3433.0 0.18589440402894422
3434.0 0.1864944122208042
3435.0 0.18709059260920735
3436.0 0.18768198824328947
3437.0 0.18826955607391474
3438.0 0.18885329610108315
3439.0 0.1894312944230663
3440.0 0.19000450799072843
3441.0 0.19057197985320526
3442.0 0.19113371001049684
3443.0 0.19168969846260314
3444.0 0.19223898825866
3445.0 0.19278253634953157
3446.0 0.1933184288334895
3447.0 0.1938476226613979
3448.0 0.19437011783325683
3449.0 0.1948840004473379
3450.0 0.19539022745450527
3451.0 0.19588784190389474
3452.0 0.19637684379550632
3453.0 0.19685819008020422
3454.0 0.19733188075798844
3455.0 0.19779695887799473
3456.0 0.19825533834195158
3457.0 0.19870510524813054
3458.0 0.1991472165473958
3459.0 0.19958262919061157
3460.0 0.2000103862269137
3461.0 0.2004314446071663
3462.0 0.2008448473805053
3463.0 0.20125155149779472
3464.0 0.20165251390989894
3465.0 0.20204582071508947
3466.0 0.20243242886423055
3467.0 0.2028142522590505
3468.0 0.20318842004695684
3469.0 0.2035578030805421
3470.0 0.2039204874580779
3471.0 0.20427838708129262
3472.0 0.2046305449993221
3473.0 0.20497696121216633
3474.0 0.20531859267068947
3475.0 0.20565543937489156
3476.0 0.20598750132477264
3477.0 0.20631477852033264
3478.0 0.20663822791243577
3479.0 0.2069578495010821
3480.0 0.20727268633540738
3481.0 0.20758465231714002
3482.0 0.20789279049541579
3483.0 0.20819710087023474
3484.0 0.20849854039246105
3485.0 0.20879710906209473
3486.0 0.20909376383
3487.0 0.20938754774531262
3488.0 0.20967846080803262
3489.0 0.20996841691988843
3490.0 0.21025645913001578
3491.0 0.21054258743841472
3492.0 0.21082775879594948
3493.0 0.21111197320262
3494.0 0.21139618760929052
3495.0 0.21167944506509687
3496.0 0.21196270252090316
3497.0 0.21224595997670948
3498.0 0.2125292174325158
3499.0 0.21281343183918633
3500.0 0.21309956014758527
3501.0 0.2133856884559842
3502.0 0.2136737306661116
3503.0 0.21396272982710318
3504.0 0.21425268593895896
3505.0 0.21454359900167896
3506.0 0.21483546901526315
3507.0 0.21512733902884737
3508.0 0.2154201659932958
3509.0 0.2157129929577442
3510.0 0.21600677687305686
3511.0 0.21630056078836948
3512.0 0.2165943447036821
3513.0 0.21688812861899476
3514.0 0.21718191253430735
3515.0 0.21747569644962
3516.0 0.21776948036493263
3517.0 0.21806230732938106
3518.0 0.21835513429382947
3519.0 0.2186479612582779
3520.0 0.2189398312718621
3521.0 0.2192317012854463
3522.0 0.2195226143481663
3523.0 0.2198125704600221
3524.0 0.22010252657187787
3525.0 0.2203915257328695
3526.0 0.22067956794299684
3527.0 0.22096665320226
3528.0 0.22125278151065894
3529.0 0.22153795286819367
3530.0 0.22182216727486423
3531.0 0.22210542473067052
3532.0 0.22238772523561262
3533.0 0.22266811183882632
3534.0 0.22294849844203998
3535.0 0.22322697114352527
3536.0 0.22350448689414631
3537.0 0.22378104569390317
3538.0 0.2240556905919316
3539.0 0.2243293785390958
3540.0 0.22460210953539578
3541.0 0.22487292662996738
3542.0 0.22514278677367475
3543.0 0.2254107330156537
3544.0 0.22567772230676844
3545.0 0.22594375464701896
3546.0 0.22620787308554108
3547.0 0.22647007762233476
3548.0 0.22673132520826422
3549.0 0.22699161584332947
3550.0 0.2272499925766663
3551.0 0.22750741235913896
3552.0 0.22776291823988315
3553.0 0.22801651021889896
3554.0 0.22826914524705053
3555.0 0.2285208233243379
3556.0 0.22877058749989684
3557.0 0.2290193947245916
3558.0 0.2292662880475579
3559.0 0.2295112674687958
3560.0 0.22975528993916947
3561.0 0.22999739850781475
3562.0 0.2302385501255958
3563.0 0.23047874479251265
3564.0 0.23071702555770107
3565.0 0.23095339242116106
3566.0 0.23118880233375685
3567.0 0.23142229834462422
3568.0 0.2316548374046274
3569.0 0.2318854625629021
3570.0 0.23211513077031262
3571.0 0.23234288507599474
3572.0 0.23256968243081264
3573.0 0.23279456588390213
3574.0 0.23301849238612737
3575.0 0.23324241888835265
3576.0 0.23346538843971368
3577.0 0.23368740104021052
3578.0 0.2339103705915716
3579.0 0.23413238319206842
3580.0 0.23435535274342947
3581.0 0.23457832229479053
3582.0 0.2348022487970158
3583.0 0.23502713225010527
3584.0 0.23525392960492317
3585.0 0.23548168391060526
3586.0 0.2357103951671516
3587.0 0.23594197727629052
3588.0 0.2361745163362937
3589.0 0.23641088319975367
3590.0 0.2366482070140779
3591.0 0.23688935863185895
3592.0 0.23713242415136843
3593.0 0.23737931747433474
3594.0 0.2376300386007579
3595.0 0.23788363057977369
3596.0 0.2381410503622463
3597.0 0.23840229794817577
3598.0 0.2386683302884263
3599.0 0.23893819043213368
3600.0 0.2392128353301621
3601.0 0.2394913080316474
3602.0 0.2397755224383179
3603.0 0.24006547855017368
3604.0 0.24035926246548633
3605.0 0.24065974503684842
3606.0 0.2409650123625316
3607.0 0.2412769783442642
3608.0 0.24159468603118212
3609.0 0.24191813542328527
3610.0 0.24224828347143787
3611.0 0.24258513017564
3612.0 0.2429277185850274
3613.0 0.24327796260132842
3614.0 0.24363490527367895
3615.0 0.24399950355294314
3616.0 0.24437080048825682
3617.0 0.2447497530304842
3618.0 0.24513636117962526
3619.0 0.24553062493568004
3620.0 0.24593254429864841
3621.0 0.24634307621939475
3622.0 0.24676126374705473
3623.0 0.24718806383249262
3624.0 0.2476225195248442
3625.0 0.24806558777497367
3626.0 0.24851726858288106
3627.0 0.24897756194856635
3628.0 0.24944742482289367
3629.0 0.24992494330413476
3630.0 0.2504129882448821
3631.0 0.25090868879254313
3632.0 0.25141491579971054
3633.0 0.25192879841379157
3634.0 0.25245320748737893
3635.0 0.2529871860696084
3636.0 0.25353073416048
3637.0 0.2540828948091295
3638.0 0.25464558191728526
3639.0 0.2552168815832189
3640.0 0.2557987077086589
3641.0 0.2563891463918769
3642.0 0.25698915458373683
3643.0 0.25759777533337475
3644.0 0.2582159655916548
3645.0 0.2588427684077126
3646.0 0.2594791407324126
3647.0 0.2601231686640263
3648.0 0.2607767661042821
3649.0 0.2614389761023158
3650.0 0.2621088417072631
3651.0 0.26278827682085265
3652.0 0.2634744105904916
3653.0 0.26416915691790843
3654.0 0.2648725158031031
3655.0 0.2655825733443474
3656.0 0.2663012434433695
3657.0 0.26702661219844104
3658.0 0.26775963656042634
3659.0 0.26850031652932527
3660.0 0.2692476951542737
3661.0 0.27000177243527157
3662.0 0.2707615914214548
3663.0 0.27152906601455157
3664.0 0.2723032392636979
3665.0 0.27308219726716526
3666.0 0.2738678539266821
3667.0 0.2746592522913842
3668.0 0.2754554354104074
3669.0 0.27625736023461583
3670.0 0.27706502676400946
3671.0 0.2778774780477242
3672.0 0.2786937571348958
3673.0 0.27951577792725263
3674.0 0.2803416265230663
3675.0 0.2811703459714726
3676.0 0.2820038501742
3677.0 0.28284118218038423
3678.0 0.28368138503916107
3679.0 0.2845244587505305
3680.0 0.28537136026535687
3681.0 0.28622017568191155
3682.0 0.28707186195105894
3683.0 0.28792450517107054
3684.0 0.28878001924367475
3685.0 0.2896374472180074
3686.0 0.29049583214320424
3687.0 0.29135517401926525
3688.0 0.2922145158953263
3689.0 0.29307577167311577
3690.0 0.2939370274509053
3691.0 0.29479732627783056
3692.0 0.29565858205562
3693.0 0.2965188808825453
3694.0 0.2973782227586063
3695.0 0.29823660768380317
3696.0 0.2990930787072716
3697.0 0.2999485927798758
3698.0 0.3008021929507516
3699.0 0.30165387921989895
3700.0 0.3025026946364537
3701.0 0.3033476822495516
3702.0 0.3041907559609211
3703.0 0.3050309588196979
3704.0 0.3058663769241537
3705.0 0.30669796722515263
3706.0 0.307526686673559
3707.0 0.30835062136764424
3708.0 0.3091697713074084
3709.0 0.3099850934437158
3710.0 0.3107956308257021
3711.0 0.3116023404042316
3712.0 0.3124033082775758
3713.0 0.3132004483474632
3714.0 0.31399184671216523
3715.0 0.3147794172734105
3716.0 0.3155602891786063
3717.0 0.31633733328034525
3718.0 0.31710863567689895
3719.0 0.3178751533191316
3720.0 0.31863592925617895
3721.0 0.319390963488041
3722.0 0.32014121296558207
3723.0 0.3208847637870737
3724.0 0.32162257290338
3725.0 0.3223555972653653
3726.0 0.32308192297130106
3727.0 0.32380250697205154
3728.0 0.3245163923167526
3729.0 0.32522549290713265
3730.0 0.3259278948414632
3731.0 0.3266235981197442
3732.0 0.32731355969284004
3733.0 0.32799682260988633
3734.0 0.32867338687088316
3735.0 0.3293442094266948
3736.0 0.33000833332645685
3737.0 0.33066575857016944
3738.0 0.33131648515783263
3739.0 0.3319605130894463
3740.0 0.3325978423650105
3741.0 0.3332284729845253
3742.0 0.3338533618988548
3743.0 0.3344696382554063
3744.0 0.33508017290677267
3745.0 0.3356840089020895
3746.0 0.33628114624135685
3747.0 0.33687062797371053
3748.0 0.33745341105001475
3749.0 0.33802949547026945
3750.0 0.33859888123447474
3751.0 0.33916061139176634
3752.0 0.33971564289300843
3753.0 0.34026301878733684
3754.0 0.34080465297648
3755.0 0.34133863155870947
3756.0 0.3418659114848895
3757.0 0.3423855358041558
3758.0 0.34289846146737263
3759.0 0.34340468847454
3760.0 0.3439042168256579
3761.0 0.3443960895698621
3762.0 0.34488126365801686
3763.0 0.34535973909012213
3764.0 0.34583055891531367
3765.0 0.34629563703531996
3766.0 0.3467530595484126
3767.0 0.3472037834054558
3768.0 0.3476478086064495
3769.0 0.3480851351513937
3770.0 0.3485148060894242
3771.0 0.3489387353222695
3772.0 0.34935596589906526
3773.0 0.34976554086894734
3774.0 0.35016937413364424
3775.0 0.3505665087422916
3776.0 0.35095694469488947
3777.0 0.35134068199143786
3778.0 0.35171867758280106
3779.0 0.35208997451811475
3780.0 0.35245457279737896
3781.0 0.3528134293714579
3782.0 0.3531655872894874
3783.0 0.3535120035023316
3784.0 0.3538517210591263
3785.0 0.35418569691073576
3786.0 0.35451393105716
3787.0 0.35483642349839895
3788.0 0.3551522172835884
3789.0 0.35546322631445687
3790.0 0.3557675366892758
3791.0 0.3560670623097737
3792.0 0.35635988927422213
3793.0 0.3566479314843495
3794.0 0.3569302319892916
3795.0 0.35720774773991265
3796.0 0.3574795217853484
3797.0 0.35774651107646316
3798.0 0.3580077586623926
3799.0 0.35826422149400106
3800.0 0.35851589957128843
3801.0 0.3587627928942548
