calculator/instruments/lris/plaintext_files/blue_D460_300-5000.txt
# %ECSV 1.0
# ---
# datatype:
# - {name: WAV, unit: Angstrom, datatype: float32}
# - {name: EFF, datatype: float64}
# meta: !!omap
# - {GRISM: 300/5000}
# - {DICHROIC: D460}
# schema: astropy-2.0
WAV EFF
[from data line 1208]
4708.0 0.4182368960165081
4709.0 0.41728417816119623
4710.0 0.4163300352234987
4711.0 0.415449045601503
4712.0 0.41457661203326296
4713.0 0.41365877055369643
4714.0 0.41268864513797016
4715.0 0.4117150984589805
4716.0 0.41060186419717876
4717.0 0.4094887651560002
4718.0 0.4084114207685284
4719.0 0.40736152371722484
4720.0 0.4062972971468082
4721.0 0.40514693902527243
4722.0 0.4039958890847859
4723.0 0.40285019545875744
4724.0 0.401706893588413
4725.0 0.400546855078397
4726.0 0.39933527112504497
4727.0 0.39812296934951164
4728.0 0.3968841601598371
4729.0 0.3956381699867714
4730.0 0.3944104069627814
4731.0 0.3932156391377834
4732.0 0.3920193937183076
4733.0 0.39077543879240073
4734.0 0.38952602481019505
4735.0 0.38822798452217633
4736.0 0.3868767900147042
4737.0 0.385528212297911
4738.0 0.3842890165217322
4739.0 0.38304909268994
4740.0 0.3817360933374835
4741.0 0.38037203777955164
4742.0 0.3790025094318563
4743.0 0.3776041783162252
4744.0 0.3762042914035076
4745.0 0.37465377631863683
4746.0 0.3730370910125465
4747.0 0.37144499773894946
4748.0 0.3699197657252037
4749.0 0.36839364851263684
4750.0 0.36711785515023365
4751.0 0.3658993649524282
4752.0 0.36454584237824905
4753.0 0.3629596162646347
4754.0 0.36137317348174935
4755.0 0.35983576880857604
4756.0 0.3583012240977419
4757.0 0.35684796554858106
4758.0 0.35548360587213484
4759.0 0.35411299641938293
4760.0 0.35259372753599627
4761.0 0.3510742471759406
4762.0 0.3494781277563743
4763.0 0.347831236599924
4764.0 0.3462154243031042
4765.0 0.3447676776793714
4766.0 0.3433190576122703
4767.0 0.3419754526542757
4768.0 0.3406740185895926
4769.0 0.339302975462821
4770.0 0.33774565005653817
4771.0 0.3361880321698722
4772.0 0.33460637161662526
4773.0 0.33301901426395314
4774.0 0.33156730677528296
4775.0 0.33033492092873
4776.0 0.3291030444595182
4777.0 0.3276770606113776
4778.0 0.32623784015647006
4779.0 0.32483094670356205
4780.0 0.3234545084791577
4781.0 0.32208168709899837
4782.0 0.32076948618344514
4783.0 0.31945706338076774
4784.0 0.31810948636914665
4785.0 0.3167403284391302
4786.0 0.3153745649466218
4787.0 0.3140294534154881
4788.0 0.31268345987082546
4789.0 0.3113335728537504
4790.0 0.3099812301086219
4791.0 0.3086581938919716
4792.0 0.3074104283797305
4793.0 0.30616241802068567
4794.0 0.30510306945452326
4795.0 0.30407957526728585
4796.0 0.3030699281236088
4797.0 0.30208200552308234
4798.0 0.30109397314259384
4799.0 0.2999845184176769
4800.0 0.29886851164109524
4801.0 0.2977381032279006
4802.0 0.2965932575902207
4803.0 0.29546826170944696
4804.0 0.2946093915447025
4805.0 0.2937504652321382
4806.0 0.29287721268247074
4807.0 0.2919951378104029
4808.0 0.29109610449183415
4809.0 0.2901220843602302
4810.0 0.2891484678065136
4811.0 0.2882426570177207
4812.0 0.28736025924408476
4813.0 0.2864661337939577
4814.0 0.28554421191195756
4815.0 0.28462269825841224
4816.0 0.2836646609237021
4817.0 0.2827002245747087
4818.0 0.28180575800225455
4819.0 0.28101213532601393
4820.0 0.2802173651961391
4821.0 0.279605309159564
4822.0 0.2789984032064018
4823.0 0.2783966482678326
4824.0 0.2778001478817232
4825.0 0.27719616137573794
4826.0 0.27651161818062037
4827.0 0.2758270586293298
4828.0 0.27525671039988875
4829.0 0.2747518175585314
4830.0 0.27424708373511375
4831.0 0.27374768843430286
4832.0 0.27324735098006797
4833.0 0.272705857638995
4834.0 0.27215067571101753
4835.0 0.27158767861882616
4836.0 0.2710078420914292
4837.0 0.27042804142359694
4838.0 0.26987968407053936
4839.0 0.26933563990530185
4840.0 0.2687230807919267
4841.0 0.2680152879745461
4842.0 0.26730692045235804
4843.0 0.2666873898929144
4844.0 0.26606966581399993
4845.0 0.26538034489004464
4846.0 0.26463081978488245
4847.0 0.2638944038387775
4848.0 0.2632966495902209
4849.0 0.2626978949458016
4850.0 0.2622816538505273
4851.0 0.26196259027893565
4852.0 0.26152995064136747
4853.0 0.2606682787081144
4854.0 0.25980640688928824
4855.0 0.2588581604281249
4856.0 0.25788257772319606
4857.0 0.25706545753236554
4858.0 0.25658618860332966
4859.0 0.2561065016732618
4860.0 0.2556142797327113
4861.0 0.2551204596094816
4862.0 0.2546049779878739
4863.0 0.25406311273911597
4864.0 0.25352078270720013
4865.0 0.25289751128596294
4866.0 0.2522729030344362
4867.0 0.25156993161772956
4868.0 0.2508031416259814
4869.0 0.2500740350113719
4870.0 0.24965871817335927
4871.0 0.24924256049149146
4872.0 0.24865849826545428
4873.0 0.2479873624699841
4874.0 0.247266084560039
4875.0 0.24636788886502947
4876.0 0.24546943384578265
4877.0 0.24490828097507886
4878.0 0.244442027199443
4879.0 0.2440037867415308
4880.0 0.24362242601585685
4881.0 0.24324117915535254
4882.0 0.24246684140526947
4883.0 0.24164286104119226
4884.0 0.24086968794924743
4885.0 0.2401592694900353
4886.0 0.23945123876245
4887.0 0.23908115480772069
4888.0 0.23871073932945458
4889.0 0.23824226010908098
4890.0 0.2376965610795231
4891.0 0.23711926162422134
4892.0 0.23631671386355058
4893.0 0.23551308332556495
4894.0 0.2347230243165439
4895.0 0.23393858954099214
4896.0 0.23317053838855234
4897.0 0.23245693738475134
4898.0 0.23174276617010647
4899.0 0.23097468883406408
4900.0 0.23019139178894332
4901.0 0.22943516558490293
4902.0 0.22872977910781053
4903.0 0.22802383359181286
4904.0 0.22736698969158597
4905.0 0.22671477061875622
4906.0 0.2260515453930776
4907.0 0.22537456313222232
4908.0 0.22469252657708405
4909.0 0.22380908309770894
4910.0 0.2229245514184854
4911.0 0.22207591410995156
4912.0 0.2212534206843915
4913.0 0.22045307858497853
4914.0 0.21980733446767406
4915.0 0.21916109314588988
4916.0 0.21838734449096184
4917.0 0.21755571181220332
4918.0 0.2166982964829663
4919.0 0.21576432512271992
4920.0 0.21482967215489457
4921.0 0.21392576775068428
4922.0 0.21302916587950163
4923.0 0.21212533861842373
4924.0 0.2112094748833409
4925.0 0.210292955759095
4926.0 0.20926512610659811
4927.0 0.20822659617947467
4928.0 0.20711752856948717
4929.0 0.20592856015353025
4930.0 0.2047487689973059
4931.0 0.2038907525058616
4932.0 0.20303214046993934
4933.0 0.20209569411490708
4934.0 0.20110480345867066
4935.0 0.20009119800406985
4936.0 0.19895159038340451
4937.0 0.19781049484338337
4938.0 0.19677942385817415
4939.0 0.1957948009688244
4940.0 0.19473359925001285
4941.0 0.19345481655226987
4942.0 0.19217486053145819
4943.0 0.19095691299831943
4944.0 0.189751634864073
4945.0 0.18860571102313492
4946.0 0.18756264084811297
4947.0 0.1865185719556072
4948.0 0.18533356523411
4949.0 0.18413661604968598
4950.0 0.1828102202980129
4951.0 0.1813486783334831
4952.0 0.1798984690006215
4953.0 0.17875629313050992
4954.0 0.17761278651463389
4955.0 0.1764166679815644
4956.0 0.17518543163781874
4957.0 0.1739317816717411
4958.0 0.17256617804548222
4959.0 0.17119980528816559
4960.0 0.17008541102125857
4961.0 0.1690689522808606
4962.0 0.16797306253331307
4963.0 0.16666434631148963
4964.0 0.16535492443216832
4965.0 0.1639816878124477
4966.0 0.16259462015889442
4967.0 0.16119446819311803
4968.0 0.15977413405366073
4969.0 0.15835278236766703
4970.0 0.15709656535761227
4971.0 0.15585034220312077
4972.0 0.15443704563807514
4973.0 0.152856571942497
4974.0 0.15127244210545962
4975.0 0.14964601553352783
4976.0 0.14801855227303062
4977.0 0.14657013447796657
4978.0 0.14523566998345777
4979.0 0.14386727967649485
4980.0 0.1423360804458361
4981.0 0.14080420567445778
4982.0 0.13949989860664058
4983.0 0.1382791462292249
4984.0 0.13700672978410908
4985.0 0.13560865595626728
4986.0 0.13420951537922712
4987.0 0.1328205880662809
4988.0 0.13143272429358813
4989.0 0.1299876302084265
4990.0 0.12845658718490646
4991.0 0.12692473314868338
4992.0 0.12537134005515765
4993.0 0.1238162964441049
4994.0 0.12232225582725452
4995.0 0.12088683511447214
4996.0 0.11945618128003455
4997.0 0.1181003639142087
4998.0 0.11674388182123607
4999.0 0.11525507254619594
5000.0 0.11368848598590697
5001.0 0.11207534292058086
5002.0 0.11025327883811999
5003.0 0.1084302767506208
5004.0 0.10705227767387479
5005.0 0.10583039105567837
5006.0 0.10457729538761013
5007.0 0.10325297136599128
5008.0 0.10192792549316013
5009.0 0.10049586353825725
5010.0 0.09904577484400026
5011.0 0.09759602241694176
5012.0 0.09614725428196712
5013.0 0.09469763506627911
5014.0 0.09337590381944905
5015.0 0.09205752205632123
5016.0 0.09062685104651655
5017.0 0.08909667803423013
5018.0 0.08756844762276218
5019.0 0.08606895365826493
5020.0 0.08456918747530351
5021.0 0.0831371842449137
5022.0 0.08174331532598927
5023.0 0.08035942928595388
5024.0 0.0790170630203622
5025.0 0.07767421188217262
5026.0 0.07621817089778117
5027.0 0.07472403268125194
5028.0 0.07328607863949325
5029.0 0.07197335057287521
5030.0 0.07066033814059192
5031.0 0.06952091474378488
5032.0 0.06840697464386392
5033.0 0.06718506497389534
5034.0 0.06582009837982755
5035.0 0.06445465461510123
5036.0 0.0630463489397312
5037.0 0.0616369499696237
5038.0 0.06046886139025458
5039.0 0.059506525626129576
5040.0 0.05854755380533015
5041.0 0.05762007762032834
5042.0 0.05669235002132232
5043.0 0.055509958743637386
5044.0 0.05419036926512249
5045.0 0.05287758911982166
5046.0 0.05159164752569124
5047.0 0.05030540127363043
5048.0 0.049102388940846044
5049.0 0.04792417132425605
5050.0 0.04679373467847432
5051.0 0.04576512641540294
5052.0 0.04473636050115717
5053.0 0.04379473044454124
5054.0 0.04286501939809846
5055.0 0.0418603119024212
5056.0 0.04076020509565984
5057.0 0.039660062450399935
5058.0 0.03846896731326301
5059.0 0.03727785646108397
5060.0 0.03618603864078313
5061.0 0.03517557824333577
5062.0 0.034196817716407084
5063.0 0.033475646976371065
5064.0 0.032754404822584245
5065.0 0.0318949498610188
5066.0 0.030967378675750088
5067.0 0.030067205189054983
5068.0 0.029264109456193642
5069.0 0.02846098334386163
5070.0 0.027676233998252888
5071.0 0.02689669024245976
5072.0 0.026126986692098342
5073.0 0.025376308682400622
5074.0 0.02462567275826038
5075.0 0.02393368203017699
5076.0 0.023248934252716912
5077.0 0.02251675420226246
5078.0 0.02172651314771133
5079.0 0.020938225474099872
5080.0 0.02033637592993312
5081.0 0.019734615263649023
5082.0 0.019182881333310385
5083.0 0.01866885906200764
5084.0 0.018150186821258754
5085.0 0.017597113049827518
5086.0 0.0170441001470114
5087.0 0.016224110047323218
5088.0 0.015278623620448366
5089.0 0.014473939253312073
5090.0 0.0141147346610274
5091.0 0.013755572460863574
5092.0 0.01352423039115265
5093.0 0.013326840240931148
5094.0 0.013104025470312619
5095.0 0.012834014857549026
5096.0 0.012564013215830573
5097.0 0.012186813876896824
5098.0 0.01179909052797765
5099.0 0.011309889708965916
5100.0 0.01070163562827948
5101.0 0.010098591167572172
5102.0 0.00974615218126423
5103.0 0.009393759283867558
5104.0 0.009256312686514915
5105.0 0.009274454011158185
5106.0 0.009239493848361995
5107.0 0.008878502094322515
5108.0 0.008517598943567248
5109.0 0.008102964334425443
5110.0 0.007664270880008701
5111.0 0.00726580771697408
5112.0 0.0069878690031405285
5113.0 0.0067100025478609
5114.0 0.006471458018882438
5115.0 0.00624218816809261
5116.0 0.0060206256457729194
5117.0 0.005812723125986236
5118.0 0.005604867502698464
5119.0 0.005326542250377072
5120.0 0.00504215339343391
5121.0 0.004901181967781844
5122.0 0.0049155197837309214
5123.0 0.004927409989573744
5124.0 0.004860588339409754
5125.0 0.0047937861198807915
5126.0 0.004682333321810382
5127.0 0.004539882200624811
5128.0 0.004380249895211447
5129.0 0.004123118754312704
5130.0 0.003866065856478672
5131.0 0.004043633180363387
5132.0 0.004398601742808052
5133.0 0.004653210316237784
5134.0 0.00462241902115392
5135.0 0.004591637230463496
5136.0 0.00430374233963268
5137.0 0.003959515830923883
5138.0 0.003728974595772594
5139.0 0.003683808401191556
5140.0 0.0036386566339789385
5141.0 0.00372976794522728
5142.0 0.003831103310068673
5143.0 0.0037983493400012775
5144.0 0.003626108953195334
5145.0 0.003455929669322074
5146.0 0.0033238749228631124
5147.0 0.0031918642279409933
5148.0 0.0031985820647446547
5149.0 0.003297732288678103
5150.0 0.003392869147343566
5151.0 0.0034670779839580165
5152.0 0.0035412676504804575
5153.0 0.0035945979288451784
5154.0 0.0036398205625519982
5155.0 0.0037197733097367874
5156.0 0.0038890224323157494
5157.0 0.004058212674894712
5158.0 0.004075477221586517
5159.0 0.004061628266993645
5160.0 0.004007451075740528
5161.0 0.0038902260815089668
5162.0 0.003773034618849173
5163.0 0.0038351253133199494
5164.0 0.003906618967427344
5165.0 0.004065277473742058
5166.0 0.004311040079118569
5167.0 0.004539753954312741
5168.0 0.004502713904925291
5169.0 0.0044656784111841066
5170.0 0.004453645760183562
5171.0 0.004456930825735948
5172.0 0.00446156892443314
5173.0 0.00447281696761474
5174.0 0.004484052532495658
5175.0 0.004565882112485306
5176.0 0.0046737863901662
5177.0 0.004815738631396364
5178.0 0.005041078665317756
5179.0 0.005266338345242597
5180.0 0.005333648161755773
5181.0 0.0053730793510062755
5182.0 0.005467528658226248
5183.0 0.005644478081830988
5184.0 0.005821364244195002
5185.0 0.005843437186275719
5186.0 0.005859044015496524
5187.0 0.005797287313106469
5188.0 0.005664137208567132
5189.0 0.005549152919076738
5190.0 0.005674752754262763
5191.0 0.005800318638446321
5192.0 0.005718052147792437
5193.0 0.005513817943608419
5194.0 0.005394580350364071
5195.0 0.005637424269208327
5196.0 0.005880193917766689
5197.0 0.006108315950504041
5198.0 0.006331257586377404
5199.0 0.006528588431653669
5200.0 0.0066662830596719265
5201.0 0.006803942221574739
5202.0 0.006898318638144851
5203.0 0.006985652710090763
5204.0 0.007073743879360434
5205.0 0.00716292233057054
5206.0 0.007252070187422752
5207.0 0.00713268313126935
5208.0 0.007006874835186369
5209.0 0.006962618552497814
5210.0 0.006990611523141901
5211.0 0.007021136068580603
5212.0 0.007077211019574285
5213.0 0.007133280134277862
5214.0 0.007005683322567581
5215.0 0.006774822801760889
5216.0 0.0066226248162589985
5217.0 0.006784737859967282
5218.0 0.006946798563304558
5219.0 0.006937789470381442
5220.0 0.006874798741971329
5221.0 0.006759482993913251
5222.0 0.00652768430740023
5223.0 0.0062959579891098145
5224.0 0.00638126996769888
5225.0 0.0065139209272073164
5226.0 0.006602541316404086
5227.0 0.006632831346483908
5228.0 0.006663124087097024
5229.0 0.006597890759852606
5230.0 0.0065317118575578806
5231.0 0.006506422581050893
5232.0 0.006515952500280396
5233.0 0.006539379859916505
5234.0 0.0066878986964365745
5235.0 0.0068363744389997845
5236.0 0.006897867908703128
5237.0 0.006914569253252188
5238.0 0.006909849610795352
5239.0 0.006824589937687493
5240.0 0.006739366119267189
5241.0 0.00668970939400309
5242.0 0.006650693909064325
5243.0 0.006625845490578941
5244.0 0.006629717323991986
5245.0 0.006633600169374297
5246.0 0.0065703610247088325
5247.0 0.006497970778712814
5248.0 0.006426575358520373
5249.0 0.006356436982924298
5250.0 0.006286327713164185
5251.0 0.006214512650800862
5252.0 0.006142714961072568
5253.0 0.0061135714053827134
5254.0 0.0061179132540850265
5255.0 0.0061025583380429505
5256.0 0.0059278927607677705
5257.0 0.0057532671676617025
5258.0 0.0057934732919922545
5259.0 0.005939441316715615
5260.0 0.006078978368965838
5261.0 0.006197028748467744
5262.0 0.006315076574316598
5263.0 0.006148127647377584
5264.0 0.005900841632791644
5265.0 0.005639617564681456
5266.0 0.005351283324289035
5267.0 0.005063025543706313
5268.0 0.005094143051039933
5269.0 0.00516073100668626
5270.0 0.005263587590877425
5271.0 0.0054107413105784685
5272.0 0.005555693225084114
5273.0 0.00548437191262574
5274.0 0.0054130629636410495
5275.0 0.005288290381741017
5276.0 0.005123220508461444
5277.0 0.004966452185733472
5278.0 0.004865095816815979
5279.0 0.0047637555760669074
5280.0 0.004680805486819927
5281.0 0.004606510133196105
5282.0 0.004569392500895244
5283.0 0.004649911168814143
5284.0 0.0047304266072821346
5285.0 0.0045433252967493915
5286.0 0.0042893595714735815
5287.0 0.003997259371681873
5288.0 0.0036343249825622963
5289.0 0.0032714452148131937
5290.0 0.0032545782748110174
5291.0 0.003271933208369252
5292.0 0.003291583155934281
5293.0 0.003313827094155754
5294.0 0.00333193606368966
5295.0 0.0031475839987703015
