calculator/instruments/lris/plaintext_files/blue_D460_300-5000.txt
# %ECSV 1.0
# ---
# datatype:
# - {name: WAV, unit: Angstrom, datatype: float32}
# - {name: EFF, datatype: float64}
# meta: !!omap
# - {GRISM: 300/5000}
# - {DICHROIC: D460}
# schema: astropy-2.0
WAV EFF
[from data line 601]
4101.0 0.33000546247386425
4102.0 0.3305222159405379
4103.0 0.3310370555054831
4104.0 0.33154998116870005
4105.0 0.3320619498810526
4106.0 0.33257104774081264
4107.0 0.3330782316988442
4108.0 0.3335835017551474
4109.0 0.3340868579097221
4110.0 0.3345892571134326
4111.0 0.3350887854645505
4112.0 0.33558639991394
4113.0 0.33608210046160103
4114.0 0.33657588710753367
4115.0 0.3370677598517379
4116.0 0.33755771869421364
4117.0 0.338045763634961
4118.0 0.33853189467398
4119.0 0.3390161118112705
4120.0 0.3394974580959684
4121.0 0.3399778474298021
4122.0 0.34045632286190736
4123.0 0.34093192744142004
4124.0 0.3414056181192042
4125.0 0.34187835184612425
4126.0 0.34234821472045157
4127.0 0.3428161636930505
4128.0 0.3432821987639211
4129.0 0.34374631993306315
4130.0 0.34420852720047684
4131.0 0.34466786361529794
4132.0 0.3451262430792547
4133.0 0.34558270864148316
4134.0 0.34603630335111896
4135.0 0.34648894110989054
4136.0 0.34693870801606946
4137.0 0.34738656102052
4138.0 0.3478325001232421
4139.0 0.3482765253242358
4140.0 0.34871863662350105
4141.0 0.3491588340210379
4142.0 0.34959616056598214
4143.0 0.35003253016006214
4144.0 0.3504660289015495
4145.0 0.3508985706921727
4146.0 0.35132824163020315
4147.0 0.3517559986665053
4148.0 0.3521827987519432
4149.0 0.3526067279847884
4150.0 0.3530287433159053
4151.0 0.3534488447452937
4152.0 0.3538670322729537
4153.0 0.3542823489480211
4154.0 0.35469670867222425
4155.0 0.355109154494699
4156.0 0.35551968641544524
4157.0 0.35592830443446316
4158.0 0.3563340516008884
4159.0 0.35673884181644944
4160.0 0.3571417181302821
4161.0 0.35754172359152214
4162.0 0.3579407721018979
4163.0 0.3583379067105453
4164.0 0.3587321704666
4165.0 0.3591254772717905
4166.0 0.35951687017525263
4167.0 0.35990634917698633
4168.0 0.3602939142769916
4169.0 0.3606795654752684
4170.0 0.3610633027718168
4171.0 0.3614451261666369
4172.0 0.3618250356597284
4173.0 0.36220303125109155
4174.0 0.36258006989159053
4175.0 0.36295423767949686
4176.0 0.3633264915656747
4177.0 0.3636977885009884
4178.0 0.36406621458370947
4179.0 0.36443368371556634
4180.0 0.3647992389456947
4181.0 0.36516192332323055
4182.0 0.3655246077007663
4183.0 0.36588346427484525
4184.0 0.36624136389806
4185.0 0.3665973496195463
4186.0 0.3669523783901685
4187.0 0.3673045363081979
4188.0 0.36765478032449894
4189.0 0.3680040673899358
4190.0 0.36835048360278
4191.0 0.36869594286476004
4192.0 0.3690394882250116
4193.0 0.36938111968353476
4194.0 0.3697208372403295
4195.0 0.3700586408953958
4196.0 0.3703945306487337
4197.0 0.3707285065003431
4198.0 0.3710615254010884
4199.0 0.3713926304001053
4200.0 0.3717218214973937
4201.0 0.37204814174208944
4202.0 0.3723744619867853
4203.0 0.3726979113788884
4204.0 0.37302040382012736
4205.0 0.3733400254087737
4206.0 0.3736586900465558
4207.0 0.37397544078260947
4208.0 0.37429027761693473
4209.0 0.37460415750039583
4210.0 0.37491612348212844
4211.0 0.37522617556213267
4212.0 0.3755343137404084
4213.0 0.37584053801695577
4214.0 0.376145805342639
4215.0 0.3764491587665937
4216.0 0.37675059828882
4217.0 0.37705108086018213
4218.0 0.37734964952981576
4219.0 0.37764630429772106
4220.0 0.37794104516389787
4221.0 0.3782348290792105
4222.0 0.37852669909279474
4223.0 0.3788166552046505
4224.0 0.37910565436564214
4225.0 0.3793927396249053
4226.0 0.3796788679333042
4227.0 0.3799630823399748
4228.0 0.3802453828449169
4229.0 0.38052672639899476
4230.0 0.3808061560513442
4231.0 0.3810836718019653
4232.0 0.3813602306017221
4233.0 0.3816358324506147
4234.0 0.38190856344691476
4235.0 0.38218129444321475
4236.0 0.3824521115377863
4237.0 0.38272101473062947
4238.0 0.3829889609726084
4239.0 0.38325499331285895
4240.0 0.38352006870224525
4241.0 0.3837832301899032
4242.0 0.38404543472669683
4243.0 0.3843066823126263
4244.0 0.3845660159968274
4245.0 0.3848234357793
4246.0 0.38508085556177263
4247.0 0.3853363614425169
4248.0 0.3855899534215326
4249.0 0.3858425884496842
4250.0 0.3860942665269716
4251.0 0.38634498765339476
4252.0 0.3865937948780895
4253.0 0.38684164515192
4254.0 0.3870875815240221
4255.0 0.38733351789612425
4256.0 0.3875775403664979
4257.0 0.38782060588600736
4258.0 0.38806175750378846
4259.0 0.38830290912156945
4260.0 0.3885421468376221
4261.0 0.38878042760281056
4262.0 0.38901775141713474
4263.0 0.38925316132973053
4264.0 0.38948857124232633
4265.0 0.3897220672531937
4266.0 0.38995460631319684
4267.0 0.3901861884223358
4268.0 0.39041777053147475
4269.0 0.3906464817880211
4270.0 0.3908751930445674
4271.0 0.3911029473502495
4272.0 0.3913297447050674
4273.0 0.39155558510902105
4274.0 0.3917795116112463
4275.0 0.3920034381134716
4276.0 0.3922254507139684
4277.0 0.3924474633144653
4278.0 0.3926685189640979
4279.0 0.3928886176628663
4280.0 0.39310775941077053
4281.0 0.39332594420781053
4282.0 0.3935431720539863
4283.0 0.3937594429492979
4284.0 0.3939747568937453
4285.0 0.39419007083819263
4286.0 0.3944034708809116
4287.0 0.3946168709236305
4288.0 0.39482931401548527
4289.0 0.3950408001564758
4290.0 0.3952513293466021
4291.0 0.3954609015858642
4292.0 0.3956704738251263
4293.0 0.3958790891135242
4294.0 0.3960877044019221
4295.0 0.3962944057885916
4296.0 0.39650110717526105
4297.0 0.39670685161106634
4298.0 0.3969125960468716
4299.0 0.3971164265809484
4300.0 0.3973202571150253
4301.0 0.39752408764910213
4302.0 0.39772696123231477
4303.0 0.39792887786466313
4304.0 0.39813079449701155
4305.0 0.39833175417849576
4306.0 0.39853271385998
4307.0 0.3987327165906
4308.0 0.3989317623703558
4309.0 0.3991308081501116
4310.0 0.39932985392986736
4311.0 0.39952794275875897
4312.0 0.3997250746367863
4313.0 0.3999222065148137
4314.0 0.4001193383928411
4315.0 0.4003155133200042
4316.0 0.4005116882471674
4317.0 0.40070690622346633
4318.0 0.4009021241997653
4319.0 0.4010973421760642
4320.0 0.4012916032014989
4321.0 0.4014858642269337
4322.0 0.4016791683015042
4323.0 0.4018734293269389
4324.0 0.4020667334015095
4325.0 0.40225908052521575
4326.0 0.40245238459978633
4327.0 0.40264473172349263
4328.0 0.402837078847199
4329.0 0.4030284690200411
4330.0 0.4032208161437474
4331.0 0.4034122063165895
4332.0 0.4036035964894316
4333.0 0.4037949866622737
4334.0 0.4039854198842516
4335.0 0.40417681005709366
4336.0 0.4043672432790716
4337.0 0.40455767650104946
4338.0 0.4047490666738916
4339.0 0.40493949989586947
4340.0 0.4051289761669832
4341.0 0.40531940938896105
4342.0 0.405509842610939
4343.0 0.40570027583291685
4344.0 0.40589070905489477
4345.0 0.4060801853260084
4346.0 0.40627061854798635
4347.0 0.4064610517699642
4348.0 0.4066505280410779
4349.0 0.4068409612630558
4350.0 0.40703139448503367
4351.0 0.4072218277070116
4352.0 0.40741226092898947
4353.0 0.4076026941509674
4354.0 0.40779312737294526
4355.0 0.4079835605949232
4356.0 0.40817399381690106
4357.0 0.40836538398974315
4358.0 0.4085558172117211
4359.0 0.40874720738456316
4360.0 0.4089385975574053
4361.0 0.4091299877302474
4362.0 0.4093213779030895
4363.0 0.4095127680759316
4364.0 0.4097051151996379
4365.0 0.40989746232334423
4366.0 0.41008980944705054
4367.0 0.41028215657075684
4368.0 0.41047450369446314
4369.0 0.4106678077690337
4370.0 0.41086111184360424
4371.0 0.4110544159181747
4372.0 0.41124867694360945
4373.0 0.41144293796904424
4374.0 0.411637198994479
4375.0 0.4118324169707779
4376.0 0.41202763494707684
4377.0 0.4122228529233758
4378.0 0.41241902785053897
4379.0 0.4126152027777021
4380.0 0.41281137770486526
4381.0 0.41300755263202843
4382.0 0.41320468451005576
4383.0 0.41340277333894737
4384.0 0.413600862167839
4385.0 0.41379895099673053
4386.0 0.41399799677648635
4387.0 0.4141970425562421
4388.0 0.4143960883359979
4389.0 0.4145960910666179
4390.0 0.4147970507481021
4391.0 0.41499801042958634
4392.0 0.41519897011107054
4393.0 0.4154008867434189
4394.0 0.4156028033757674
4395.0 0.41580567695897996
4396.0 0.4160095074930569
4397.0 0.41621333802713373
4398.0 0.4164171685612105
4399.0 0.41662195604615154
4400.0 0.41682674353109267
4401.0 0.4170324879668979
4402.0 0.41723918935356735
4403.0 0.4174458907402368
4404.0 0.4176535490777705
4405.0 0.41786120741530425
4406.0 0.41806982270370213
4407.0 0.4182784379921
4408.0 0.4184880102313621
4409.0 0.4186975824706242
4410.0 0.4189090686116147
4411.0 0.419119597801741
4412.0 0.41933204089359577
4413.0 0.4195444839854505
4414.0 0.4197569270773052
4415.0 0.4199712840708884
4416.0 0.4201846841136074
4417.0 0.4203999980580547
4418.0 0.42061531200250213
4419.0 0.4208315828978137
4420.0 0.4210478537931253
4421.0 0.42126508163930104
4422.0 0.42148326643634104
4423.0 0.42170145123338104
4424.0 0.42192059298128526
4425.0 0.4221406916800537
4426.0 0.4223607903788221
4427.0 0.4225818460284547
4428.0 0.4228038586289516
4429.0 0.4230268281803126
4430.0 0.4232497977316737
4431.0 0.42347372423389895
4432.0 0.4236976507361242
4433.0 0.4239225341892137
4434.0 0.42414837459316734
4435.0 0.4243751719479853
4436.0 0.4246019693028032
4437.0 0.42482972360848525
4438.0 0.4250584348650316
4439.0 0.4252871461215779
4440.0 0.42551681432898847
4441.0 0.4257474394872632
4442.0 0.4259790215964021
4443.0 0.42621060370554104
4444.0 0.42644314276554424
4445.0 0.4266766387764116
4446.0 0.42691013478727896
4447.0 0.42714554469987476
4448.0 0.4273809546124705
4449.0 0.42761636452506635
4450.0 0.4278536883393906
4451.0 0.42809101215371476
4452.0 0.42832929291890315
4453.0 0.4285675736840916
4454.0 0.4288077683510084
4455.0 0.42904796301792525
4456.0 0.42928815768484213
4457.0 0.4295302662534874
4458.0 0.42977237482213265
4459.0 0.4300154403416421
4460.0 0.43025946281201577
4461.0 0.43050444223325374
4462.0 0.4307494216544916
4463.0 0.4309953580265937
4464.0 0.4312412943986958
4465.0 0.43148914467252636
4466.0 0.4317369949463568
4467.0 0.4319858021710516
4468.0 0.4322346093957463
4469.0 0.4324853305221695
4470.0 0.43273605164859263
4471.0 0.4329867727750158
4472.0 0.43323845085230317
4473.0 0.43349108588045476
4474.0 0.4337446778594706
4475.0 0.43399826983848633
4476.0 0.43425281876836636
4477.0 0.4345073676982463
4478.0 0.4347628735789905
4479.0 0.43501837945973476
4480.0 0.43527484229134317
4481.0 0.4355322620738158
4482.0 0.43578968185628847
4483.0 0.43604710163876104
4484.0 0.4363054783720979
4485.0 0.43656481205629893
4486.0 0.43682414574050005
4487.0 0.43708347942470105
4488.0 0.4373437700597663
4489.0 0.4376050176456958
4490.0 0.43786530828076103
4491.0 0.43812751281755474
4492.0 0.43838876040348423
4493.0 0.4386509649402779
4494.0 0.4389131694770716
4495.0 0.43917633096472947
4496.0 0.4394394924523874
4497.0 0.43970265394004526
4498.0 0.43996677237856735
4499.0 0.4402299338662253
4500.0 0.44049405230474736
4501.0 0.44087669361873466
4502.0 0.4412585188811675
4503.0 0.4417374482522577
4504.0 0.4422921125698962
4505.0 0.4428440578965902
4506.0 0.4433715223754328
4507.0 0.44390026108137465
4508.0 0.4444982770903469
4509.0 0.44513211295965055
4510.0 0.4457597611104766
4511.0 0.44636563833812876
4512.0 0.4469719214738735
4513.0 0.44760107732243015
4514.0 0.4482370065937577
4515.0 0.4489024218898993
4516.0 0.44962472875812287
4517.0 0.450347578317894
4518.0 0.4509238786800524
4519.0 0.45148419266401435
4520.0 0.45211152102466035
4521.0 0.4528166128670048
4522.0 0.45352423689876314
4523.0 0.45433456266333944
4524.0 0.4551465052901984
4525.0 0.45573658716270543
4526.0 0.45615983080090683
4527.0 0.4566043623102664
4528.0 0.45719043496586786
4529.0 0.4577759038650844
4530.0 0.4583425377761508
4531.0 0.4589004773183909
4532.0 0.45932254706936076
4533.0 0.4593122355393997
4534.0 0.4593015965211539
4535.0 0.4595990391875103
4536.0 0.45997268459206475
4537.0 0.46040371013860276
4538.0 0.46094034282190294
4539.0 0.46147728805898114
4540.0 0.4618246434060089
4541.0 0.4621523190358875
4542.0 0.4623746987323053
4543.0 0.46247716208099326
4544.0 0.46257628359957575
4545.0 0.46257217636944764
4546.0 0.46256776248098186
4547.0 0.46262886246858015
4548.0 0.46273715406970645
4549.0 0.46283421755839754
4550.0 0.46286217570852306
4551.0 0.46288987156538175
4552.0 0.4627288842056705
4553.0 0.4624860726711295
4554.0 0.46226175436311095
4555.0 0.462097010787669
4556.0 0.46193082784522194
4557.0 0.46168836960026666
4558.0 0.46142563095858347
4559.0 0.4611809137968869
4560.0 0.4609653830278274
4561.0 0.46075031164207914
4562.0 0.46056265652382095
4563.0 0.4603761623307396
4564.0 0.46013453799643306
4565.0 0.45983418495558337
4566.0 0.45952941840614436
4567.0 0.45917830146735067
4568.0 0.4588246359177743
4569.0 0.4585672629346761
4570.0 0.45837305557684294
4571.0 0.45819458775989486
4572.0 0.4581183394603621
4573.0 0.4580408107852167
4574.0 0.45794157586171474
4575.0 0.45783404044268633
4576.0 0.45767732379394843
4577.0 0.4573897424528862
4578.0 0.4571006837876588
4579.0 0.4569831859105476
4580.0 0.45690355188595916
4581.0 0.45682528701098296
4582.0 0.4567500561950913
4583.0 0.4566735796094019
4584.0 0.456573263145231
4585.0 0.4564702395672908
4586.0 0.45638122876359954
4587.0 0.4563068787810198
4588.0 0.4562292105684454
4589.0 0.45611060607270776
4590.0 0.45599073593211326
4591.0 0.45594616277376016
4592.0 0.45594937224333626
4593.0 0.4559463021765828
4594.0 0.4559114527261707
4595.0 0.45587543122775676
4596.0 0.4558241949931198
4597.0 0.45576631265866285
4598.0 0.45571838530425507
4599.0 0.45569459188188843
4600.0 0.45566964956730727
4601.0 0.4556063413826231
4602.0 0.455534761252394
4603.0 0.4554337635127688
4604.0 0.4552849782906698
4605.0 0.45513494596590653
4606.0 0.4551435188469435
4607.0 0.4551584223905015
4608.0 0.4552008720536192
4609.0 0.4552679523803691
4610.0 0.4553296569456112
4611.0 0.4553069014803068
4612.0 0.455283958223834
4613.0 0.4551605314149499
4614.0 0.4549764786040615
4615.0 0.45480483032719654
4616.0 0.45469324786854187
4617.0 0.4545814125393626
4618.0 0.4545343581793708
4619.0 0.45450936531864927
4620.0 0.45446207516943915
4621.0 0.4543617553167593
4622.0 0.45426027546236675
4623.0 0.4541832524451542
4624.0 0.454109615714401
4625.0 0.45405231414263747
4626.0 0.4540167864265061
4627.0 0.45398016319998397
4628.0 0.4538513714389574
4629.0 0.4537175786877931
4630.0 0.4535529969297056
4631.0 0.45336164566054127
4632.0 0.4531768161704746
4633.0 0.45307969622052213
4634.0 0.45298144847716143
4635.0 0.45282386890446624
4636.0 0.45263092348266276
4637.0 0.45243607942403957
4638.0 0.4522322077504788
4639.0 0.4520280564431769
4640.0 0.451826992779462
4641.0 0.4516261686039986
4642.0 0.4514334559479424
4643.0 0.45126026691398957
4644.0 0.4510859193389261
4645.0 0.45096964271012274
4646.0 0.45086083936752636
4647.0 0.45068704680851057
4648.0 0.4504225942797392
4649.0 0.45015783803582776
4650.0 0.44996578183519476
4651.0 0.4497750055463242
4652.0 0.4495269194718905
4653.0 0.4492304411840104
4654.0 0.44892561220979843
4655.0 0.448556592828699
4656.0 0.44818721323157007
4657.0 0.4478782792110349
4658.0 0.44760136739468764
4659.0 0.4473245363192246
4660.0 0.44705250194448976
4661.0 0.4467792850488854
4662.0 0.44638997773455485
4663.0 0.44596311735866306
4664.0 0.44553895886584305
4665.0 0.44512008164307026
4666.0 0.44469994114201283
4667.0 0.44438951093728485
4668.0 0.4440929092277218
4669.0 0.4437740911196386
4670.0 0.4434261861049339
4671.0 0.4430779671330662
4672.0 0.4426059721212948
4673.0 0.44213234859304634
4674.0 0.44154956214209284
4675.0 0.44087713721894056
4676.0 0.44023004262817417
4677.0 0.43981332515672306
4678.0 0.4393971426341265
4679.0 0.4390035673703071
4680.0 0.43862106801706535
4681.0 0.43819069644024733
4682.0 0.43759530122161494
4683.0 0.43699771499648804
4684.0 0.43642094885085636
4685.0 0.43584923762403743
4686.0 0.4352756325072363
4687.0 0.434698616334596
4688.0 0.434119445907859
4689.0 0.43338703004234513
4690.0 0.4326333770828094
4691.0 0.4318985346515201
4692.0 0.43118490502730117
4693.0 0.43046992482267793
4694.0 0.4297133713896519
4695.0 0.4289554502243051
4696.0 0.4281673828833057
4697.0 0.42735549560595176
4698.0 0.42654733311879417
4699.0 0.4257761493410762
4700.0 0.42500360796543996
4701.0 0.4241470181704814
4702.0 0.4232487126608877
4703.0 0.4223832003383697
4704.0 0.42163169920185595
4705.0 0.42087970431064853
4706.0 0.42002541485819195
