calculator/instruments/lris/plaintext_files/blue_D560_300-5000.txt
# %ECSV 1.0
# ---
# datatype:
# - {name: WAV, unit: Angstrom, datatype: float32}
# - {name: EFF, datatype: float64}
# meta: !!omap
# - {GRISM: 300/5000}
# - {DICHROIC: D560}
# schema: astropy-2.0
WAV EFF
[from data line 1207]
4707.0 0.4919723855919709
4708.0 0.4921407854436536
4709.0 0.49221595257775624
4710.0 0.4922901103403451
4711.0 0.49238627812664565
4712.0 0.49248595576619786
4713.0 0.4926277424433383
4714.0 0.49282014610383457
4715.0 0.49301000408235346
4716.0 0.49307262407797126
4717.0 0.4931361777890473
4718.0 0.4932391473924757
4719.0 0.4933726071601268
4720.0 0.49351625495560975
4721.0 0.4937356057908086
4722.0 0.49395500269257914
4723.0 0.49410635985800716
4724.0 0.4942275664149659
4725.0 0.49434570718252946
4726.0 0.49445415087916783
4727.0 0.4945625804652216
4728.0 0.4947326358145341
4729.0 0.4949181246974979
4730.0 0.4950951231185629
4731.0 0.4952569970636351
4732.0 0.4954179117302077
4733.0 0.4955406557464956
4734.0 0.4956595194323799
4735.0 0.4957864100527734
4736.0 0.49592443361872945
4737.0 0.496064046346301
4738.0 0.4962549956534645
4739.0 0.4964459755849616
4740.0 0.49659247827383696
4741.0 0.4967080499134533
4742.0 0.4968273303187894
4743.0 0.49697042826643734
4744.0 0.49711255605300503
4745.0 0.4972729733341053
4746.0 0.4974398507875384
4747.0 0.4975942618953886
4748.0 0.4977066188988107
4749.0 0.4978189633308973
4750.0 0.4979361521529644
4751.0 0.4980532671008476
4752.0 0.49818713548724075
4753.0 0.4983452597754177
4754.0 0.49850437035678286
4755.0 0.49865229275030293
4756.0 0.4987993776920542
4757.0 0.4989908385581737
4758.0 0.4992313853189215
4759.0 0.4994691070954664
4760.0 0.49961332506092665
4761.0 0.49975852118944536
4762.0 0.49990152596900944
4763.0 0.5000440442645552
4764.0 0.5001915246532415
4765.0 0.5003660361113522
4766.0 0.500540566296503
4767.0 0.5007066356453681
4768.0 0.5008688555788119
4769.0 0.5010238959976315
4770.0 0.5011604715128882
4771.0 0.5012980183466488
4772.0 0.5014240482165211
4773.0 0.5015477087773471
4774.0 0.5016838788138186
4775.0 0.5018363206232258
4776.0 0.5019907168360076
4777.0 0.502233861009873
4778.0 0.5024827275826259
4779.0 0.502705552986714
4780.0 0.5028993858516758
4781.0 0.5030913156269768
4782.0 0.5032094975827411
4783.0 0.5033286360721183
4784.0 0.5034987669856136
4785.0 0.503703484773958
4786.0 0.5038984649672121
4787.0 0.5040467365572968
4788.0 0.5041950045231368
4789.0 0.5043771589779792
4790.0 0.5045711460074394
4791.0 0.5047770012279835
4792.0 0.5050108435124188
4793.0 0.5052457099439097
4794.0 0.5054186382516295
4795.0 0.5055805549999555
4796.0 0.505762706426076
4797.0 0.5059762083126358
4798.0 0.5061907202486362
4799.0 0.5064733568860849
4800.0 0.5067606327428079
4801.0 0.507030520329218
4802.0 0.5072827483986193
4803.0 0.5075306506013679
4804.0 0.5077073645334429
4805.0 0.507885063674962
4806.0 0.5081086595780286
4807.0 0.5083608060615258
4808.0 0.5086278688531726
4809.0 0.5089627183832554
4810.0 0.5092996357666089
4811.0 0.5096164483856706
4812.0 0.5099262535785668
4813.0 0.5102019512243529
4814.0 0.5103956037869454
4815.0 0.5105912306197008
4816.0 0.5108341451317737
4817.0 0.5110866051785176
4818.0 0.5113509520229615
4819.0 0.5116319636765057
4820.0 0.5119120672121872
4821.0 0.5122210834114072
4822.0 0.5125310225605999
4823.0 0.5128346311428053
4824.0 0.5131333782470454
4825.0 0.5134308057531205
4826.0 0.5137131525571534
4827.0 0.5139965536340177
4828.0 0.5142777626663863
4829.0 0.5145602864978058
4830.0 0.5148521742748525
4831.0 0.5151899263684638
4832.0 0.5155268052173352
4833.0 0.5158109174131614
4834.0 0.5160781258070547
4835.0 0.5163283048430835
4836.0 0.516540480984263
4837.0 0.5167536617413051
4838.0 0.5169650827290581
4839.0 0.5171762570843783
4840.0 0.5173654200679357
4841.0 0.5175227923248125
4842.0 0.5176801448295398
4843.0 0.5178788715483458
4844.0 0.5180794164173574
4845.0 0.5182668003984191
4846.0 0.5184447844005641
4847.0 0.5186125903380118
4848.0 0.5186784830137919
4849.0 0.5187433037926605
4850.0 0.5188411200474046
4851.0 0.5189546482697941
4852.0 0.5190562850702688
4853.0 0.5191086280148937
4854.0 0.5191618555224056
4855.0 0.5191949446194388
4856.0 0.5192225718976293
4857.0 0.5192739212826138
4858.0 0.5193758490056827
4859.0 0.5194777128851075
4860.0 0.5195428818221465
4861.0 0.5196039440630348
4862.0 0.5196496034223334
4863.0 0.5196778965898694
4864.0 0.5197060712445045
4865.0 0.5197744205432667
4866.0 0.5198430879470929
4867.0 0.5199185122750063
4868.0 0.5200004349653382
4869.0 0.5200867709132447
4870.0 0.520218300960827
4871.0 0.5203488088233323
4872.0 0.520471871523584
4873.0 0.5205905657917675
4874.0 0.5206967380820243
4875.0 0.5207576455078428
4876.0 0.5208194367663984
4877.0 0.520949007402864
4878.0 0.5210976842179446
4879.0 0.521237672753035
4880.0 0.5213590629991296
4881.0 0.5214813808050729
4882.0 0.5215586718216274
4883.0 0.5216293423691072
4884.0 0.5217422896502911
4885.0 0.521907953818327
4886.0 0.5220729806810653
4887.0 0.5222733745122989
4888.0 0.5224737762869952
4889.0 0.5226208917397792
4890.0 0.522726087256362
4891.0 0.5228326459320006
4892.0 0.5229577307334237
4893.0 0.523081793046951
4894.0 0.5232573743701026
4895.0 0.5234562453415638
4896.0 0.5236438820125222
4897.0 0.523789622257946
4898.0 0.5239353327153202
4899.0 0.5240444566680977
4900.0 0.5241428281550201
4901.0 0.5242855511492428
4902.0 0.5245107557091695
4903.0 0.5247359879093293
4904.0 0.5249335075060908
4905.0 0.5251270852326234
4906.0 0.5253013557053368
4907.0 0.5254508166013095
4908.0 0.525598673639026
4909.0 0.5257178777492661
4910.0 0.5258360610017697
4911.0 0.5259928699137469
4912.0 0.5261783803490512
4913.0 0.5263672245270955
4914.0 0.5265849054606042
4915.0 0.526802611405005
4916.0 0.5269793383561182
4917.0 0.5271370974950322
4918.0 0.5272973791580543
4919.0 0.5274642870707936
4920.0 0.5276311871660809
4921.0 0.5278369594600267
4922.0 0.5280527179196022
4923.0 0.5282390983449788
4924.0 0.5283739538422327
4925.0 0.52850878229793
4926.0 0.5286118769309944
4927.0 0.5287112762989113
4928.0 0.5288471798475872
4929.0 0.5290233165960614
4930.0 0.5291986999628858
4931.0 0.5293476924747783
4932.0 0.5294966710646887
4933.0 0.5296524070734577
4934.0 0.5298125440677423
4935.0 0.5299735619893886
4936.0 0.5301386245306665
4937.0 0.5303017360897869
4938.0 0.530467366102034
4939.0 0.5306331017643431
4940.0 0.5307831013431537
4941.0 0.5308863396975849
4942.0 0.5309885671238743
4943.0 0.5311388258066996
4944.0 0.531298657703124
4945.0 0.5314483954044409
4946.0 0.5315842553357237
4947.0 0.5317191272375253
4948.0 0.5318099132791201
4949.0 0.5318954673386687
4950.0 0.5320172638008127
4951.0 0.5321758417047019
4952.0 0.532332699344669
4953.0 0.5324949626840011
4954.0 0.5326552838043613
4955.0 0.5328031746641073
4956.0 0.5329434214153264
4957.0 0.5330768101825751
4958.0 0.5331824849888018
4959.0 0.5332881383192535
4960.0 0.533433387377364
4961.0 0.5335948059812967
4962.0 0.5337512179521693
4963.0 0.5338973914102709
4964.0 0.5340435684689671
4965.0 0.5341223395105036
4966.0 0.53418669546521
4967.0 0.5342795508820383
4968.0 0.5344166055043252
4969.0 0.534552688302422
4970.0 0.5346657805385148
4971.0 0.5347775206646835
4972.0 0.5348476400303571
4973.0 0.5348761106844849
4974.0 0.5349080946870861
4975.0 0.535009120338838
4976.0 0.5351091625158163
4977.0 0.5352319662239033
4978.0 0.5353680089028306
4979.0 0.5354884076387421
4980.0 0.5355342084771396
4981.0 0.5355799790491759
4982.0 0.5356717840612354
4983.0 0.5357793950881367
4984.0 0.5359037581589743
4985.0 0.5360695895658052
4986.0 0.536233498064948
4987.0 0.5362927201984304
4988.0 0.5363302150526451
4989.0 0.5363839506806272
4990.0 0.5364606132382781
4991.0 0.5365362943737633
4992.0 0.5365742950428785
4993.0 0.5366098129352802
4994.0 0.5366579093954585
4995.0 0.5367180221050138
4996.0 0.5367803102036075
4997.0 0.5368955358113109
4998.0 0.5370097979158374
4999.0 0.5370836411810037
5000.0 0.5371344754004483
5001.0 0.5371756188725133
5002.0 0.5371795580243183
5003.0 0.5371815308994774
5004.0 0.537258965911995
5005.0 0.5373626375617152
5006.0 0.5374260082224835
5007.0 0.5374011427851385
5008.0 0.5373743088768251
5009.0 0.5373783352525806
5010.0 0.5373857478828573
5011.0 0.5374112113544322
5012.0 0.5374644891232756
5013.0 0.5375148510296595
5014.0 0.5375597417152921
5015.0 0.5376025479292214
5016.0 0.5376418183528591
5017.0 0.5376787039119995
5018.0 0.5377083129097239
5019.0 0.5376736923136721
5020.0 0.5376390566969008
5021.0 0.5376871740305931
5022.0 0.5377825199519213
5023.0 0.5378639731219897
5024.0 0.5378956501051412
5025.0 0.5379253837949467
5026.0 0.537917096867879
5027.0 0.5378945115848711
5028.0 0.5378743436851375
5029.0 0.5378588158932575
5030.0 0.537842311940649
5031.0 0.5378635831236405
5032.0 0.5378877326044759
5033.0 0.5378966286634876
5034.0 0.5378856189249696
5035.0 0.5378716948474513
5036.0 0.537856990721347
5037.0 0.5378413174939463
5038.0 0.5378167742985329
5039.0 0.5377861838064839
5040.0 0.537755268013498
5041.0 0.5377282376925744
5042.0 0.5376992657366896
5043.0 0.5376929342507326
5044.0 0.537698346713943
5045.0 0.5377057258954598
5046.0 0.5377314487875129
5047.0 0.5377542626885498
5048.0 0.5377462120794907
5049.0 0.5377282618828767
5050.0 0.5376867426878905
5051.0 0.5375982915004894
5052.0 0.5375079018746701
5053.0 0.5374303209613616
5054.0 0.5373547521877085
5055.0 0.5373093606063811
5056.0 0.5373029036126061
5057.0 0.5372954774885246
5058.0 0.5372883333511663
5059.0 0.5372802199467152
5060.0 0.5372706062801771
5061.0 0.5372613507914881
5062.0 0.5372498291638512
5063.0 0.5372434968927946
5064.0 0.5372352256158675
5065.0 0.5371798322792117
5066.0 0.5370997728800785
5067.0 0.537021897251078
5068.0 0.5369542176173339
5069.0 0.5368846044653213
5070.0 0.5368477853334626
5071.0 0.5368195196062787
5072.0 0.5367868520923335
5073.0 0.5367455837166002
5074.0 0.536703347869129
5075.0 0.5366766699491566
5076.0 0.5366500962256879
5077.0 0.5366179261847338
5078.0 0.5365769802482052
5079.0 0.5365349216277846
5080.0 0.5364766141994246
5081.0 0.5364183095236891
5082.0 0.5363372556352883
5083.0 0.5362378391694915
5084.0 0.5361435654866115
5085.0 0.536093076697815
5086.0 0.5360416205787101
5087.0 0.5360158704632453
5088.0 0.5360031231709788
5089.0 0.5359776217323968
5090.0 0.5359128808409962
5091.0 0.5358471742426901
5092.0 0.5357897652969066
5093.0 0.535732625495044
5094.0 0.5356823358454815
5095.0 0.5356465626362491
5096.0 0.5356088487586889
5097.0 0.5355433353319604
5098.0 0.5354751707376679
5099.0 0.5354043788845241
5100.0 0.5353327764303513
5101.0 0.535259303296621
5102.0 0.5351889335168006
5103.0 0.5351166292113623
5104.0 0.5350316843227596
5105.0 0.5349366223335412
5106.0 0.5348487622449146
5107.0 0.534810075307757
5108.0 0.5347713816856986
5109.0 0.5346614882307724
5110.0 0.5345204941718129
5111.0 0.5344005345659807
5112.0 0.5343494344474065
5113.0 0.5342983294779082
5114.0 0.5342743345298215
5115.0 0.5342571403363571
5116.0 0.5342166505078548
5117.0 0.5341355220462939
5118.0 0.5340534273877516
5119.0 0.5339579779491197
5120.0 0.5338604048425987
5121.0 0.5337681405161293
5122.0 0.5336826729933783
5123.0 0.5335958837565283
5124.0 0.5334966151654768
5125.0 0.5333973527036022
5126.0 0.533295313034886
5127.0 0.5331920188088745
5128.0 0.5330923737572677
5129.0 0.5330178858794461
5130.0 0.5329433959212511
5131.0 0.5328954980213881
5132.0 0.5328578774227488
5133.0 0.5327775034838406
5134.0 0.5325708147631399
5135.0 0.5323641647684286
5136.0 0.5322397653860119
5137.0 0.5321346020748328
5138.0 0.5320755468040946
5139.0 0.5320948453365423
5140.0 0.5321141097402068
5141.0 0.5320421490950091
5142.0 0.531963393638676
5143.0 0.5318748017570566
5144.0 0.5317769840706248
5145.0 0.531678816366657
5146.0 0.5315729735879463
5147.0 0.531467136433825
5148.0 0.531376896779402
5149.0 0.5312960824152475
5150.0 0.5312104712426003
5151.0 0.5310987280494137
5152.0 0.5309879598497861
5153.0 0.5309004867841388
5154.0 0.5308237876362899
5155.0 0.5307394068833684
5156.0 0.5306343192371368
5157.0 0.5305292361429053
5158.0 0.5304189590161762
5159.0 0.5303066558462223
5160.0 0.5301962121614849
5161.0 0.5300896396656816
5162.0 0.5299821045194555
5163.0 0.5298738624488679
5164.0 0.5297646206171267
5165.0 0.5296607728052241
5166.0 0.5295603813504419
5167.0 0.5294613285762702
5168.0 0.5293841779901713
5169.0 0.5293060541930471
5170.0 0.5291987208536507
5171.0 0.5290734962651957
5172.0 0.5289541539521041
5173.0 0.5288634806148746
5174.0 0.5287718385796653
5175.0 0.5286402035177861
5176.0 0.5284934351695685
5177.0 0.5283559894398101
5178.0 0.5282413334846262
5179.0 0.5281266849275544
5180.0 0.5280290807872983
5181.0 0.5279344839892429
5182.0 0.5278247086357304
5183.0 0.5276921747543734
5184.0 0.5275596546382618
5185.0 0.5274288192462381
5186.0 0.5272970596278193
5187.0 0.5271899034612957
5188.0 0.5271035875139054
5189.0 0.5270158515077823
5190.0 0.5268964417783744
5191.0 0.5267780082432721
5192.0 0.5266582138316113
5193.0 0.5265391588007994
5194.0 0.5264230794021492
5195.0 0.5263247381514404
5196.0 0.5262273658327143
5197.0 0.526113682345692
5198.0 0.5259955818922409
5199.0 0.5258799827711682
5200.0 0.5257702056801948
5201.0 0.5256614015853652
5202.0 0.5255384710830707
5203.0 0.5254153413350406
5204.0 0.5252848407819485
5205.0 0.5251464614667277
5206.0 0.525008098902867
5207.0 0.5249163265160259
5208.0 0.5248249996590438
5209.0 0.5247490692532654
5210.0 0.5246841064196045
5211.0 0.5246099519271589
5212.0 0.5244331810293723
5213.0 0.5242574057319861
5214.0 0.5240989589658366
5215.0 0.5239487565159535
5216.0 0.5238121411469272
5217.0 0.5237269020414871
5218.0 0.5236416633347607
5219.0 0.5235338091312013
5220.0 0.5234197872335454
5221.0 0.5232987413716046
5222.0 0.5231599060657407
5223.0 0.5230210885698336
5224.0 0.5228968743676768
5225.0 0.5227756734046911
5226.0 0.5226640727463977
5227.0 0.522565189087308
5228.0 0.5224672759920541
5229.0 0.5223545856180165
5230.0 0.5222417465344411
5231.0 0.5221100088372905
5232.0 0.5219623248440831
5233.0 0.521818488703751
5234.0 0.5217100743990349
5235.0 0.521601669666137
5236.0 0.5214843307992134
5237.0 0.5213628649158276
5238.0 0.52124208451949
5239.0 0.5211248087597217
5240.0 0.5210085092495242
5241.0 0.5208838973617884
5242.0 0.5207577773794555
5243.0 0.5206450450373526
5244.0 0.5205575151417144
5245.0 0.5204709535068737
5246.0 0.5203437096635382
5247.0 0.520209707935187
5248.0 0.5200776408624512
5249.0 0.519947767956138
5250.0 0.5198188740919749
5251.0 0.5196875035792751
5252.0 0.5195561496512191
5253.0 0.5194222194296519
5254.0 0.5192847571020613
5255.0 0.5191471169744009
5256.0 0.5190098349422421
5257.0 0.5188725707522387
5258.0 0.5187668806709259
5259.0 0.518675794905949
5260.0 0.5185737326736296
5261.0 0.518431693102049
5262.0 0.5182915948374344
5263.0 0.5181778630518856
5264.0 0.5180713034823731
5265.0 0.5179481863152618
5266.0 0.5177920197628892
5267.0 0.5176377952934466
5268.0 0.51750206673354
5269.0 0.5173684073970559
5270.0 0.517256205361175
5271.0 0.5171678718961101
5272.0 0.5170796486187287
5273.0 0.5169084865815053
5274.0 0.5167373465429991
5275.0 0.5165721457694932
5276.0 0.5164133476795868
5277.0 0.5162632793324079
5278.0 0.5161734343901824
5279.0 0.5160835972136664
5280.0 0.5159643137244269
5281.0 0.5158307318190138
5282.0 0.5156895060952448
5283.0 0.5155179775851643
5284.0 0.5153474265934951
5285.0 0.5152056366626047
5286.0 0.5150717645373999
5287.0 0.5149311533593497
5288.0 0.5147789739066563
5289.0 0.5146277669148124
5290.0 0.5144717664132967
5291.0 0.5143161676061385
5292.0 0.5141800391588716
5293.0 0.5140668168692043
5294.0 0.5139529405526935
5295.0 0.5138084579866354
5296.0 0.5136639883428795
5297.0 0.5135222507540425
5298.0 0.5133818028037319
5299.0 0.5132422091175601
5300.0 0.5130960711783943
5301.0 0.5129499453295535
5302.0 0.512774635164036
5303.0 0.5125860092414855
5304.0 0.5124065209750943
5305.0 0.5122515525800208
5306.0 0.5120975488400787
5307.0 0.5119435078588382
5308.0 0.5117901953057609
5309.0 0.5116203788251116
5310.0 0.5114234078835023
5311.0 0.5112264501868614
5312.0 0.511050691257938
5313.0 0.5108776537723329
5314.0 0.5107121793059329
5315.0 0.5105558467605584
5316.0 0.5103998759328118
5317.0 0.5102295812795999
5318.0 0.510060245326181
5319.0 0.5098702236548602
5320.0 0.5096667801425154
5321.0 0.5094687050259838
5322.0 0.5093019516427877
