calculator/instruments/lris/plaintext_files/blue_D680_600-4000.txt
# %ECSV 1.0
# ---
# datatype:
# - {name: WAV, unit: Angstrom, datatype: float32}
# - {name: EFF, datatype: float64}
# meta: !!omap
# - {GRISM: 600/4000}
# - {DICHROIC: D680}
# schema: astropy-2.0
WAV EFF
[from data line 798]
3998.0 0.42008091999999997
3999.0 0.42054053999999996
4000.0 0.42100212
4001.0 0.42146369999999994
4002.0 0.42192724
4003.0 0.42239077999999997
4004.0 0.42285628
4005.0 0.42332178
4006.0 0.42378826
4007.0 0.42425473999999996
4008.0 0.4247222
4009.0 0.42519063999999995
4010.0 0.42566005999999995
4011.0 0.42612948
4012.0 0.4265989
4013.0 0.42706832
4014.0 0.42753872
4015.0 0.42800912
4016.0 0.42847952
4017.0 0.4289509
4018.0 0.4294213
4019.0 0.42989170000000004
4020.0 0.4303621
4021.0 0.43083152
4022.0 0.43130192
4023.0 0.43177134
4024.0 0.43224076
4025.0 0.43270919999999996
4026.0 0.43317666
4027.0 0.43364411999999997
4028.0 0.43411059999999996
4029.0 0.43457609999999997
4030.0 0.43504062
4031.0 0.43550416
4032.0 0.43596672
4033.0 0.4364283
4034.0 0.4368889
4035.0 0.43734754
4036.0 0.4378052
4037.0 0.4382609
4038.0 0.43871562
4039.0 0.43916837999999997
4040.0 0.43961918
4041.0 0.440069
4042.0 0.44051685999999995
4043.0 0.44096374
4044.0 0.44140866
4045.0 0.44185162
4046.0 0.4422936
4047.0 0.44273362
4048.0 0.44317168
4049.0 0.44360876
4050.0 0.44404388
4051.0 0.44447704
4052.0 0.44490922
4053.0 0.44533846
4054.0 0.4457677
4055.0 0.446194
4056.0 0.44661834
4057.0 0.4470417
4058.0 0.44746212
4059.0 0.44788155999999996
4060.0 0.44829904000000004
4061.0 0.44871456
4062.0 0.44912811999999996
4063.0 0.44953972
4064.0 0.44995034
4065.0 0.45035801999999997
4066.0 0.45076374
4067.0 0.45116848
4068.0 0.45157028
4069.0 0.45197012
4070.0 0.452368
4071.0 0.45276489999999997
4072.0 0.45315886
4073.0 0.45355086
4074.0 0.45393992
4075.0 0.454328
4076.0 0.45471412
4077.0 0.4550973
4078.0 0.45547852
4079.0 0.45585778
4080.0 0.45623508
4081.0 0.45660944
4082.0 0.45698281999999996
4083.0 0.45735228
4084.0 0.45772075999999995
4085.0 0.4580863
4086.0 0.45844988
4087.0 0.4588115
4088.0 0.45917018
4089.0 0.4595269
4090.0 0.45988068
4091.0 0.4602325
4092.0 0.46058236
4093.0 0.46092927999999994
4094.0 0.46127326
4095.0 0.46161528
4096.0 0.46195534
4097.0 0.46229148
4098.0 0.46262664
4099.0 0.46295886
4100.0 0.46328814
4101.0 0.46361448
4102.0 0.46393886
4103.0 0.46426128
4104.0 0.46457978
4105.0 0.4648973
4106.0 0.4652109
4107.0 0.46552156
4108.0 0.46583026
4109.0 0.466137
4110.0 0.46643982
4111.0 0.46674068
4112.0 0.46703859999999997
4113.0 0.46733357999999997
4114.0 0.46762562
4115.0 0.4679157
4116.0 0.46820284
4117.0 0.46848606
4118.0 0.46876732
4119.0 0.46904662
4120.0 0.46932199999999996
4121.0 0.46959444
4122.0 0.46986491999999996
4123.0 0.47013246000000003
4124.0 0.47039608
4125.0 0.47065774
4126.0 0.47091646
4127.0 0.47117223999999996
4128.0 0.47142507999999994
4129.0 0.47167497999999997
4130.0 0.47192291999999997
4131.0 0.47216694
4132.0 0.47240802
4133.0 0.47264616
4134.0 0.47288233999999996
4135.0 0.4731146
4136.0 0.47334392
4137.0 0.4735703
4138.0 0.47379472
4139.0 0.47401521999999996
4140.0 0.47423376
4141.0 0.47444837999999995
4142.0 0.47466006
4143.0 0.47486978
4144.0 0.47507558
4145.0 0.47527844
4146.0 0.47547836
4147.0 0.47567632
4148.0 0.47587036
4149.0 0.47606244
4150.0 0.4762506
4151.0 0.47643582
4152.0 0.47661908
4153.0 0.47679842
4154.0 0.47697579999999995
4155.0 0.47714926
4156.0 0.47732076
4157.0 0.47748834
4158.0 0.47765396
4159.0 0.47781566
4160.0 0.4779754
4161.0 0.4781322
4162.0 0.47828606
4163.0 0.47843698
4164.0 0.47858496
4165.0 0.47873
4166.0 0.47887308
4167.0 0.47901224
4168.0 0.47914944
4169.0 0.47928272
4170.0 0.47941404
4171.0 0.47954242
4172.0 0.47966884
4173.0 0.47979133999999996
4174.0 0.47991187999999996
4175.0 0.48002947999999995
4176.0 0.48014315999999996
4177.0 0.48025586000000003
4178.0 0.48036464
4179.0 0.48047048
4180.0 0.48057436
4181.0 0.48067529999999997
4182.0 0.48077329999999996
4183.0 0.48086836
4184.0 0.48096146
4185.0 0.48105064000000003
4186.0 0.48113786
4187.0 0.48122311999999995
4188.0 0.48130446
4189.0 0.48138383999999995
4190.0 0.48146028
4191.0 0.48153377999999997
4192.0 0.48160531999999995
4193.0 0.48167392
4194.0 0.48173957999999995
4195.0 0.48180328
4196.0 0.48186404
4197.0 0.48192186
4198.0 0.48197771999999994
4199.0 0.48203064
4200.0 0.4820816
4201.0 0.48212962
4202.0 0.48217469999999996
4203.0 0.48221782
4204.0 0.48225799999999996
4205.0 0.48229622
4206.0 0.48233248
4207.0 0.48236579999999996
4208.0 0.48239716
4209.0 0.48242558
4210.0 0.48245106
4211.0 0.48247555999999997
4212.0 0.48249712
4213.0 0.48251672
4214.0 0.48253338
4215.0 0.48254808
4216.0 0.48256082
4217.0 0.4825716
4218.0 0.48257943999999997
4219.0 0.48258532
4220.0 0.48258924
4221.0 0.4825912
4222.0 0.4825912
4223.0 0.48258924
4224.0 0.48258434
4225.0 0.48257846
4226.0 0.48256964
4227.0 0.48255984
4228.0 0.48254808
4229.0 0.48253338
4230.0 0.4825177
4231.0 0.48250005999999995
4232.0 0.48248046
4233.0 0.48245889999999997
4234.0 0.48243538
4235.0 0.48241088000000004
4236.0 0.48238442000000004
4237.0 0.482356
4238.0 0.48232562
4239.0 0.48229426
4240.0 0.48226094
4241.0 0.48222664
4242.0 0.48219038
4243.0 0.48215216
4244.0 0.48211296
4245.0 0.48207278
4246.0 0.48203064
4247.0 0.48198752
4248.0 0.48194243999999997
4249.0 0.48189637999999996
4250.0 0.48184836
4251.0 0.48179936
4252.0 0.48174938
4253.0 0.48169841999999996
4254.0 0.48164648
4255.0 0.48159258
4256.0 0.4815377
4257.0 0.48148184
4258.0 0.481425
4259.0 0.48136718
4260.0 0.48130838
4261.0 0.48124859999999997
4262.0 0.48118784
4263.0 0.4811261
4264.0 0.48106338
4265.0 0.48099968
4266.0 0.48093598
4267.0 0.48087032
4268.0 0.48080466
4269.0 0.48073802
4270.0 0.4806704
4271.0 0.48060277999999995
4272.0 0.4805332
4273.0 0.48046362
4274.0 0.48039404
4275.0 0.48032348
4276.0 0.48025194
4277.0 0.4801804
4278.0 0.48010788
4279.0 0.48003535999999997
4280.0 0.47996185999999996
4281.0 0.47988836
4282.0 0.47981387999999997
4283.0 0.47973940000000004
4284.0 0.47966492
4285.0 0.47958946
4286.0 0.479514
4287.0 0.47943854
4288.0 0.4793621
4289.0 0.47928565999999995
4290.0 0.47920922
4291.0 0.47913278
4292.0 0.47905634
4293.0 0.47897892000000003
4294.0 0.47890150000000004
4295.0 0.47882505999999997
4296.0 0.47874764
4297.0 0.47867022
4298.0 0.4785928
4299.0 0.47851538
4300.0 0.47843796
4301.0 0.47836053999999995
4302.0 0.47828311999999995
4303.0 0.47820569999999996
4304.0 0.47812827999999996
4305.0 0.47805184
4306.0 0.47797442
4307.0 0.47789798
4308.0 0.47782154
4309.0 0.47774412
4310.0 0.47766865999999997
4311.0 0.47759222
4312.0 0.47751578
4313.0 0.47744032
4314.0 0.47736486
4315.0 0.47729037999999996
4316.0 0.47721492
4317.0 0.47714043999999994
4318.0 0.47706596
4319.0 0.47699246
4320.0 0.47691895999999995
4321.0 0.47684546
4322.0 0.47677294000000003
4323.0 0.47670042
4324.0 0.4766279
4325.0 0.47655635999999996
4326.0 0.47648482
4327.0 0.47641426
4328.0 0.47634370000000004
4329.0 0.47627314
4330.0 0.47620356
4331.0 0.47613496
4332.0 0.47606635999999997
4333.0 0.47599776
4334.0 0.47593014
4335.0 0.47586252
4336.0 0.47579588
4337.0 0.47572924
4338.0 0.47566358
4339.0 0.4755989
4340.0 0.47553323999999997
4341.0 0.47546954
4342.0 0.47540583999999997
4343.0 0.47534213999999997
4344.0 0.47527942
4345.0 0.47521768000000003
4346.0 0.47515593999999994
4347.0 0.47509419999999997
4348.0 0.47503442
4349.0 0.47497366
4350.0 0.47491486
4351.0 0.47485508
4352.0 0.47479628
4353.0 0.47473846
4354.0 0.47468064
4355.0 0.47462477999999997
4356.0 0.47456793999999997
4357.0 0.47451208
4358.0 0.47445622
4359.0 0.47440134
4360.0 0.47434744
4361.0 0.47429353999999996
4362.0 0.47423964
4363.0 0.4741877
4364.0 0.47413478
4365.0 0.47408284
4366.0 0.47403188
4367.0 0.47398092
4368.0 0.47392996
4369.0 0.47387998
4370.0 0.47383098
4371.0 0.47378198
4372.0 0.47373298
4373.0 0.47368496
4374.0 0.47363693999999995
4375.0 0.4735899
4376.0 0.47354286
4377.0 0.4734968
4378.0 0.47345074
4379.0 0.47340467999999997
4380.0 0.4733596
4381.0 0.47331452
4382.0 0.47326944000000004
4383.0 0.47322534
4384.0 0.47318124
4385.0 0.47313812
4386.0 0.473095
4387.0 0.47305188000000004
4388.0 0.47300876
4389.0 0.47296662
4390.0 0.47292448
4391.0 0.47288332
4392.0 0.47284117999999997
4393.0 0.47280002
4394.0 0.47275885999999995
4395.0 0.47271769999999996
4396.0 0.47267751999999996
4397.0 0.47263734
4398.0 0.47259716
4399.0 0.47255697999999996
4400.0 0.47251679999999996
4401.0 0.47247662
4402.0 0.47243742
4403.0 0.47239822
4404.0 0.47235804
4405.0 0.47231883999999996
4406.0 0.47227964
4407.0 0.47224044
4408.0 0.47220222
4409.0 0.47216302
4410.0 0.47212381999999997
4411.0 0.47208462
4412.0 0.47204542
4413.0 0.4720072
4414.0 0.47196799999999994
4415.0 0.4719288
4416.0 0.4718896
4417.0 0.47185138
4418.0 0.47181218
4419.0 0.47177298
4420.0 0.4717328
4421.0 0.4716936
4422.0 0.4716544
4423.0 0.4716152
4424.0 0.47157501999999996
4425.0 0.47153582
4426.0 0.47149564
4427.0 0.47145546
4428.0 0.47141528
4429.0 0.4713751
4430.0 0.47133394
4431.0 0.47129376
4432.0 0.4712526
4433.0 0.47121046
4434.0 0.4711693
4435.0 0.47112814
4436.0 0.471086
4437.0 0.47104386
4438.0 0.47100074000000003
4439.0 0.4709586
4440.0 0.47091548
4441.0 0.47087236
4442.0 0.47082826
4443.0 0.47078415999999995
4444.0 0.47074006
4445.0 0.47069596
4446.0 0.47065088
4447.0 0.4706058
4448.0 0.47056072
4449.0 0.47051466000000003
4450.0 0.4704686
4451.0 0.47042156
4452.0 0.47037452
4453.0 0.47032748
4454.0 0.47028044
4455.0 0.47023242
4456.0 0.4701844
4457.0 0.4701354
4458.0 0.47008639999999996
4459.0 0.47003642
4460.0 0.46998742
4461.0 0.46993744
4462.0 0.46988648
4463.0 0.46983552
4464.0 0.46978456
4465.0 0.46973262
4466.0 0.46968068
4467.0 0.46962776
4468.0 0.46957483999999994
4469.0 0.46952192
4470.0 0.46946802
4471.0 0.46941412
4472.0 0.46935923999999996
4473.0 0.46930436
4474.0 0.4692485
4475.0 0.46919264
4476.0 0.4691358
4477.0 0.46907896
4478.0 0.46902212
4479.0 0.46896332
4480.0 0.4689055
4481.0 0.46884669999999995
4482.0 0.46878692
4483.0 0.46872714000000004
4484.0 0.46866638
4485.0 0.46860562
4486.0 0.46854387999999997
4487.0 0.46848116
4488.0 0.46841844
4489.0 0.46835474
4490.0 0.46829202000000003
4491.0 0.46822734
4492.0 0.46816167999999997
4493.0 0.468097
4494.0 0.46803036
4495.0 0.46796371999999997
4496.0 0.46789707999999997
4497.0 0.46782946
4498.0 0.46776086
4499.0 0.46769226
4500.0 0.46762267999999996
4501.0 0.4675531
4502.0 0.46748253999999995
4503.0 0.46741099999999997
4504.0 0.46733946
4505.0 0.46726792
4506.0 0.46719442
4507.0 0.4671219
4508.0 0.46704742
4509.0 0.46697294
4510.0 0.46689845999999996
4511.0 0.466823
4512.0 0.46674656
4513.0 0.46667012
4514.0 0.46659367999999996
4515.0 0.46651625999999996
4516.0 0.46643786000000004
4517.0 0.46635946
4518.0 0.46628008
4519.0 0.46620069999999997
4520.0 0.46612033999999997
4521.0 0.46603998
4522.0 0.46595864
4523.0 0.4658773
4524.0 0.46579497999999997
4525.0 0.46571266
4526.0 0.46562936
4527.0 0.46554606
4528.0 0.46546276
4529.0 0.4653775
4530.0 0.46529322
4531.0 0.46520796000000003
4532.0 0.4651227
4533.0 0.46503646
4534.0 0.46495021999999997
4535.0 0.46486299999999997
4536.0 0.46477577999999997
4537.0 0.46468856
4538.0 0.46460036
4539.0 0.46451117999999997
4540.0 0.46442298
4541.0 0.4643338
4542.0 0.46424462
4543.0 0.46415446
4544.0 0.4640643
4545.0 0.46397315999999994
4546.0 0.463883
4547.0 0.46379186
4548.0 0.46370071999999996
4549.0 0.4636086
4550.0 0.46351648
4551.0 0.46342436000000004
4552.0 0.46333126
4553.0 0.46323816
4554.0 0.46314506
4555.0 0.46305196
4556.0 0.46295788
4557.0 0.4628638
4558.0 0.46276972
4559.0 0.46267564
4560.0 0.46258058
4561.0 0.46248552
4562.0 0.46239046
4563.0 0.46229539999999997
4564.0 0.46219936
4565.0 0.46210332
4566.0 0.46200826
4567.0 0.46191123999999995
4568.0 0.4618152
4569.0 0.46171818
4570.0 0.46162213999999996
4571.0 0.46152511999999996
4572.0 0.4614281
4573.0 0.46133108
4574.0 0.46123406
4575.0 0.46113704
4576.0 0.46104002
4577.0 0.460943
4578.0 0.46084598
4579.0 0.46074896
4580.0 0.46065194
4581.0 0.46055492
4582.0 0.46045888
4583.0 0.46036185999999996
4584.0 0.46026582
4585.0 0.4601688
4586.0 0.46007275999999997
4587.0 0.45997672
4588.0 0.45988068
4589.0 0.45978562
4590.0 0.45968958
4591.0 0.45959452
4592.0 0.45950044
4593.0 0.45940538
4594.0 0.45931130000000003
4595.0 0.45921722
4596.0 0.45912314
4597.0 0.45903004
4598.0 0.45893694
4599.0 0.45884482
4600.0 0.4587527
4601.0 0.45866058
4602.0 0.45856845999999996
4603.0 0.45847732
4604.0 0.45838715999999996
4605.0 0.458297
4606.0 0.45820683999999995
4607.0 0.45811766000000004
4608.0 0.45802848
4609.0 0.45794028
4610.0 0.45785208
4611.0 0.45776388
4612.0 0.45767666
4613.0 0.45759042
4614.0 0.45750418
4615.0 0.45741892
4616.0 0.45733366
4617.0 0.4572484
4618.0 0.4571651
4619.0 0.45708082
4620.0 0.45699752
4621.0 0.45691519999999997
4622.0 0.45683288
4623.0 0.45675154
4624.0 0.45667117999999995
4625.0 0.45659082
4626.0 0.45651046
4627.0 0.45643108
4628.0 0.45635169999999997
4629.0 0.45627428
4630.0 0.45619587999999994
4631.0 0.45611845999999995
4632.0 0.45604202
4633.0 0.45596558
4634.0 0.45589012
4635.0 0.45581466
4636.0 0.45574018
4637.0 0.45566668
4638.0 0.45559318
4639.0 0.45551968
4640.0 0.45544715999999996
4641.0 0.45537464
4642.0 0.45530309999999996
4643.0 0.45523254
4644.0 0.45516198
4645.0 0.4550924
4646.0 0.45502282
4647.0 0.45495324
4648.0 0.45488464
4649.0 0.45481701999999996
4650.0 0.45474939999999997
4651.0 0.45468178
4652.0 0.45461514
4653.0 0.45454849999999997
4654.0 0.45448284
4655.0 0.45441718000000003
4656.0 0.4543525
4657.0 0.45428782
4658.0 0.45422412
4659.0 0.45415944
4660.0 0.45409672
4661.0 0.45403302
4662.0 0.4539703
4663.0 0.45390855999999996
4664.0 0.45384584
4665.0 0.45378409999999997
4666.0 0.45372334
4667.0 0.45366258000000004
4668.0 0.45360182
4669.0 0.45354106
4670.0 0.45348128
4671.0 0.4534215
4672.0 0.45336172
4673.0 0.45330193999999996
4674.0 0.45324314
4675.0 0.45318433999999996
4676.0 0.45312554
4677.0 0.45306673999999997
4678.0 0.45300892
4679.0 0.4529511
4680.0 0.45289328
4681.0 0.45283546
4682.0 0.45277764
4683.0 0.4527208
4684.0 0.45266298
4685.0 0.45260614
4686.0 0.4525493
4687.0 0.45249246
4688.0 0.45243562
4689.0 0.45237878
4690.0 0.45232194
4691.0 0.4522651
4692.0 0.45220826
4693.0 0.4521524
4694.0 0.45209556
4695.0 0.4520397
4696.0 0.45198286
4697.0 0.45192602
4698.0 0.45187016
4699.0 0.45181332
4700.0 0.45175648
4701.0 0.45169964
4702.0 0.45164378
4703.0 0.45158694
4704.0 0.4515301
4705.0 0.45147326
4706.0 0.45141642
4707.0 0.45135958
4708.0 0.45130176
4709.0 0.45124492
4710.0 0.45118808
4711.0 0.45113026
4712.0 0.45107244
4713.0 0.45101462
4714.0 0.4509568
4715.0 0.45089897999999995
4716.0 0.45084116
4717.0 0.45078236
4718.0 0.45072355999999997
4719.0 0.45066574000000004
4720.0 0.45060694
4721.0 0.45054814
4722.0 0.45048836
4723.0 0.45042955999999995
4724.0 0.45036978
4725.0 0.45031
4726.0 0.45025022
4727.0 0.45019044
4728.0 0.45012968
4729.0 0.45006892
4730.0 0.45000816
4731.0 0.4499474
4732.0 0.44988663999999995
4733.0 0.44982489999999997
4734.0 0.44976316
4735.0 0.44970141999999996
4736.0 0.44963968
4737.0 0.44957794
4738.0 0.44951522
4739.0 0.44945347999999996
4740.0 0.44938977999999996
4741.0 0.44932804
4742.0 0.44926434
4743.0 0.44920162
4744.0 0.44913791999999997
4745.0 0.44907422
4746.0 0.44901052
4747.0 0.44894681999999997
4748.0 0.44888214
4749.0 0.44881844
4750.0 0.44875376
4751.0 0.44868907999999996
4752.0 0.44862537999999996
4753.0 0.44855972
4754.0 0.44849504
4755.0 0.44843036
4756.0 0.44836568
4757.0 0.44830001999999997
4758.0 0.44823534
4759.0 0.44816968
4760.0 0.44810402
4761.0 0.44803934
4762.0 0.44797368000000004
4763.0 0.44790801999999996
4764.0 0.44784236
4765.0 0.4477767
4766.0 0.44771202
4767.0 0.44764636
4768.0 0.4475807
4769.0 0.44751602
4770.0 0.44745036
4771.0 0.44738567999999995
4772.0 0.447321
4773.0 0.44725534
4774.0 0.44719065999999996
4775.0 0.44712598000000003
4776.0 0.4470613
4777.0 0.4469976
4778.0 0.4469339
4779.0 0.44686921999999996
4780.0 0.4468065
4781.0 0.4467428
4782.0 0.4466791
4783.0 0.44661638
4784.0 0.44655464
4785.0 0.44649192
4786.0 0.44643017999999995
4787.0 0.44636942
4788.0 0.44630768
4789.0 0.44624692
4790.0 0.44618615999999994
4791.0 0.44612638
4792.0 0.44606660000000004
4793.0 0.4460078
4794.0 0.44594802
4795.0 0.4458902
4796.0 0.4458314
4797.0 0.44577358
4798.0 0.44571575999999996
