calculator/instruments/lris/plaintext_files/blue_D460_400-3400.txt
# %ECSV 1.0
# ---
# datatype:
# - {name: WAV, unit: Angstrom, datatype: float32}
# - {name: EFF, datatype: float64}
# meta: !!omap
# - {GRISM: 400/3400}
# - {DICHROIC: D460}
# schema: astropy-2.0
WAV EFF
[from data line 2382]
5482.0 -0.004660019189863558
5483.0 -0.004595664158466428
5484.0 -0.0045154228282053245
5485.0 -0.004421549448980267
5486.0 -0.0043122841080981585
5487.0 -0.0042073054489444196
5488.0 -0.0042379304485991465
5489.0 -0.004268527082780191
5490.0 -0.004207625291910022
5491.0 -0.004080554405079171
5492.0 -0.0039694269375496
5493.0 -0.003955537058904215
5494.0 -0.0039416454893360505
5495.0 -0.003990307159649084
5496.0 -0.00406569885735688
5497.0 -0.004133804502624037
5498.0 -0.004181277639061925
5499.0 -0.004228707519920866
5500.0 -0.004241512369759834
5501.0 -0.004246196129216954
5502.0 -0.00421892031723149
5503.0 -0.004137295906249913
5504.0 -0.004055741168448663
5505.0 -0.0039026084700000234
5506.0 -0.0037442175922105993
5507.0 -0.003697110418354584
5508.0 -0.0037703871567129005
5509.0 -0.003846144472133235
5510.0 -0.003982915904587432
5511.0 -0.004119567823631792
5512.0 -0.004190232577774738
5513.0 -0.004216955242524203
5514.0 -0.004240154856717208
5515.0 -0.004243529644432538
5516.0 -0.0042469000145378575
5517.0 -0.0041540732433317205
5518.0 -0.004022044740148914
5519.0 -0.003918714208900435
5520.0 -0.0038926957983463463
5521.0 -0.0038667101410410913
5522.0 -0.0038624556896257015
5523.0 -0.0038626606236202223
5524.0 -0.003895767206719684
5525.0 -0.003982519388812506
5526.0 -0.004069211633827141
5527.0 -0.004023428912130314
5528.0 -0.003969247138962059
5529.0 -0.0038980807470315893
5530.0 -0.003809962609010518
5531.0 -0.0037243450765168254
5532.0 -0.0036847361182357962
5533.0 -0.003645157705007399
5534.0 -0.003622042616920023
5535.0 -0.0036094320283197004
5536.0 -0.003593321061200001
5537.0 -0.0035600392259334847
5538.0 -0.003526793615402126
5539.0 -0.0035577536260208223
5540.0 -0.0036136495149889326
5541.0 -0.00363820781723351
5542.0 -0.003582278281016402
5543.0 -0.0035264017906739098
5544.0 -0.0035090393260075975
5545.0 -0.003499001005959847
5546.0 -0.003491155073722084
5547.0 -0.0034865580039978917
5548.0 -0.003481963397431593
5549.0 -0.0034849612272061558
5550.0 -0.0034883546095475877
5551.0 -0.0034325125635881045
5552.0 -0.0033198118077071015
5553.0 -0.0032103495424118
5554.0 -0.0031427490620842286
5555.0 -0.0030751971481566575
5556.0 -0.0030640171954860224
5557.0 -0.0030873626726054147
5558.0 -0.0031178754164625597
5559.0 -0.0031810850368389717
5560.0 -0.0032442583698201978
5561.0 -0.003274916197983193
5562.0 -0.0032941612693768757
5563.0 -0.0033074783526016185
5564.0 -0.003306312872183731
5565.0 -0.0033051473728253787
5566.0 -0.0033447981963200114
5567.0 -0.003391619840766309
5568.0 -0.003354226226771687
5569.0 -0.003195791380486318
5570.0 -0.003037460285552062
5571.0 -0.002985066695646298
5572.0 -0.0029359721074757607
5573.0 -0.0029320343823824088
5574.0 -0.0029697248942201432
5575.0 -0.003006169497927834
5576.0 -0.003028592005086896
5577.0 -0.00305098730539802
5578.0 -0.0030400886623217016
5579.0 -0.0030105016922459364
5580.0 -0.002978130207650149
5581.0 -0.0029339080431259462
5582.0 -0.0028897091736240985
5583.0 -0.0028781913827641945
5584.0 -0.002877550779254303
5585.0 -0.0028638973882800034
5586.0 -0.0028213134936252923
5587.0 -0.0027787621543390022
5588.0 -0.002675010493410925
5589.0 -0.0025613607775755182
5590.0 -0.0025067446942035002
5591.0 -0.002533528149925677
5592.0 -0.0025602723532098214
5593.0 -0.0025025862233423314
5594.0 -0.0024432091023798078
5595.0 -0.002435882295368431
5596.0 -0.0024728461004210793
5597.0 -0.002505003122040448
5598.0 -0.002489024958205623
5599.0 -0.0024730598017357686
5600.0 -0.0025034856450086196
5601.0 -0.0025588454617846584
5602.0 -0.0025967471071684364
5603.0 -0.0025692213446526268
5604.0 -0.0025417028983262904
5605.0 -0.002431464392289885
5606.0 -0.002295208020930136
5607.0 -0.002172872305086144
5608.0 -0.002079949967096133
5609.0 -0.0019871096033242416
5610.0 -0.0021082245858758263
5611.0 -0.002258355631839213
5612.0 -0.002387194155350987
5613.0 -0.002487884685383262
5614.0 -0.0025884636448790656
5615.0 -0.0025144272390122237
5616.0 -0.0024386962008924777
5617.0 -0.002399615622966572
5618.0 -0.0023904730188918813
5619.0 -0.0023785647383798244
5620.0 -0.0023442911401604294
5621.0 -0.002310037760705666
5622.0 -0.002265862406682018
5623.0 -0.0022165848155213034
5624.0 -0.0021795862666682104
5625.0 -0.0021859420582189598
5626.0 -0.002192274890350003
5627.0 -0.002142377411789496
5628.0 -0.002076672801000013
5629.0 -0.0020119800734357887
5630.0 -0.001949277433439055
5631.0 -0.0018866332679478772
5632.0 -0.0018948484916369306
5633.0 -0.0019117904021666524
5634.0 -0.0019492648221894518
5635.0 -0.0020118077807368432
5636.0 -0.002074268457505286
5637.0 -0.001974214422277499
5638.0 -0.0018742787835639484
5639.0 -0.0017615449618834265
5640.0 -0.0016387969139938108
5641.0 -0.00153103554152668
5642.0 -0.0015321677030572932
5643.0 -0.001533287155416897
5644.0 -0.0015742414969503044
5645.0 -0.0016338708866803961
5646.0 -0.0016442897500401736
5647.0 -0.0014902966865702628
5648.0 -0.0013364880592694629
5649.0 -0.0011974132267393454
5650.0 -0.0010623685251125944
5651.0 -0.0009900036409642215
5652.0 -0.0010337551150357914
5653.0 -0.0010774608129473615
5654.0 -0.0011762847492075555
5655.0 -0.0012811260298783704
5656.0 -0.0013135158588349273
5657.0 -0.0012610184350074155
5658.0 -0.0012094207860615168
5659.0 -0.0011988141101709785
5660.0 -0.0011882268195537037
5661.0 -0.0011663432158166911
5662.0 -0.0011359557627095328
5663.0 -0.0011094824673311087
5664.0 -0.0011089537590399778
5665.0 -0.0011084324697276562
5666.0 -0.0010682668289743037
5667.0 -0.001010350435998823
5668.0 -0.0009568333630736716
5669.0 -0.0009163686428336843
5670.0 -0.0008759537690400126
5671.0 -0.0008058632681246707
5672.0 -0.0007284237501639499
5673.0 -0.0006579118805699469
5674.0 -0.0005996355507892963
5675.0 -0.0005414176731602244
5676.0 -0.0006217671132000165
5677.0 -0.0007140890815579368
5678.0 -0.0007845931054580045
5679.0 -0.0008305378799438639
5680.0 -0.0008743475772589398
5681.0 -0.0008502146145192682
5682.0 -0.0008261097177463523
5683.0 -0.0007988029717777041
5684.0 -0.0007692842386497
5685.0 -0.0007220869109456191
5686.0 -0.0005662056315541119
5687.0 -0.0004104433764898696
5688.0 -0.0003094418109239295
5689.0 -0.0002319256790119104
5690.0 -0.00020367814881451212
5691.0 -0.00031548042044864523
5692.0 -0.0004272114255019329
5693.0 -0.0003742144607305353
5694.0 -0.0002851174600105455
5695.0 -0.00022160761282996721
5696.0 -0.00020159378841343216
5697.0 -0.00018159296746469693
5698.0 -0.0001687828654967581
5699.0 -0.0001565206124827886
5700.0 -0.00010360211945265869
5701.0 -8.401067530129896e-06
5702.0 8.321929061602981e-05
5703.0 9.009264222398117e-05
5704.0 9.696301382019828e-05
5705.0 0.00012059905130786491
5706.0 0.00015539949405763133
5707.0 0.00019083741509934906
5708.0 0.00022969796335282748
5709.0 0.00026853779041599015
5710.0 0.0002333732650429301
5711.0 0.00016801570921418655
5712.0 0.00016294460851480294
5713.0 0.00032074051075239445
5714.0 0.0004784510888883466
5715.0 0.0005889024397898267
5716.0 0.0006896294171052877
5717.0 0.000712916983464401
5718.0 0.0006151917373844273
5719.0 0.0005175200707705591
5720.0 0.0004764877179251016
5721.0 0.0004390899247952825
5722.0 0.00045187448432564795
5723.0 0.0005147932910794768
5724.0 0.0005859764850884569
5725.0 0.0007872611560189357
5726.0 0.0009883873496694146
5727.0 0.0010569366507699846
5728.0 0.0010407904482384947
5729.0 0.0010244950100805309
5730.0 0.001007478933932941
5731.0 0.0009904665749963777
5732.0 0.001015532287079983
5733.0 0.0010561163970399848
5734.0 0.0010949879814703962
5735.0 0.0011295413270371033
5736.0 0.0011640441709292635
5737.0 0.001213902323254107
5738.0 0.0012666282356763006
5739.0 0.0012874921548462848
5740.0 0.0012606601246989172
5741.0 0.0012338485801768127
5742.0 0.0012501765527196526
5743.0 0.0012687400769055125
5744.0 0.0012983716952008424
5745.0 0.0013386246170426824
5746.0 0.0013768954637583966
5747.0 0.001389641060155356
5748.0 0.0014023648366975783
5749.0 0.0014843748787604148
5750.0 0.0016069519307520025
5751.0 0.0017044089623722226
5752.0 0.0016880869156174403
5753.0 0.001671795832858102
5754.0 0.0016746799138213472
5755.0 0.001684301180261251
5756.0 0.0017202146739073796
5757.0 0.0018174231181263237
5758.0 0.00191454247756211
5759.0 0.0019389198936971283
5760.0 0.0019504872729848794
5761.0 0.0019443235957053878
5762.0 0.0019126535866215563
5763.0 0.0018810605355121166
5764.0 0.001959508989943593
5765.0 0.002041351496985276
5766.0 0.0020908505363219183
5767.0 0.0021105420970742223
5768.0 0.0021296113317816954
5769.0 0.0021407985790850704
5770.0 0.00215207080038741
5771.0 0.0021673018194145375
5772.0 0.0021848094930669885
5773.0 0.0021981733692168367
5774.0 0.0021947315964547165
5775.0 0.002191383227633649
5776.0 0.002211992736200589
5777.0 0.002240637664704334
5778.0 0.0022688622122888492
5779.0 0.0022960431297395743
5780.0 0.0023232965991016015
5781.0 0.0017148752972875804
5782.0 0.0010112452965696402
5783.0 0.0004176430900187921
5784.0 -2.3849405577763405e-05
5785.0 -0.0004655101954412732
5786.0 -0.000369466308972021
5787.0 -0.00026240259690252997
5788.0 -0.00019580427790063767
5789.0 -0.00016368575848505298
5790.0 -0.00013861763919696983
5791.0 -0.00018493527754416913
5792.0 -0.0002311973265912131
5793.0 -0.0002216625264429769
5794.0 -0.00018211760982169954
5795.0 -0.00015155498660057728
5796.0 -0.0001546724687277537
5797.0 -0.00015772922264700948
5798.0 -0.0001463560095966633
5799.0 -0.00013068998006402974
5800.0 -0.00014052708768194137
