calculator/instruments/lris/plaintext_files/blue_D560_300-5000.txt
# %ECSV 1.0
# ---
# datatype:
# - {name: WAV, unit: Angstrom, datatype: float32}
# - {name: EFF, datatype: float64}
# meta: !!omap
# - {GRISM: 300/5000}
# - {DICHROIC: D560}
# schema: astropy-2.0
WAV EFF
[from data line 1824]
5324.0 0.5089547842422549
5325.0 0.5087680069142377
5326.0 0.5085649508726131
5327.0 0.5083197641096575
5328.0 0.5080736393015216
5329.0 0.5078730620104214
5330.0 0.5076822797364801
5331.0 0.5074999196918932
5332.0 0.5073306991450327
5333.0 0.5071614828369894
5334.0 0.5069687929509318
5335.0 0.50677555300406
5336.0 0.5065720913034456
5337.0 0.506357008275472
5338.0 0.5061421888375891
5339.0 0.505913456856207
5340.0 0.5056866123738606
5341.0 0.5054465175169353
5342.0 0.5051979522071552
5343.0 0.5049457258346882
5344.0 0.5046693298130067
5345.0 0.5043929358361174
5346.0 0.5041462462060415
5347.0 0.5039094389439226
5348.0 0.5036919343273527
5349.0 0.5035216509859208
5350.0 0.5033523049823478
5351.0 0.5031075608860311
5352.0 0.5028484544272865
5353.0 0.5025707799580185
5354.0 0.502262598672698
5355.0 0.5019553497986886
5356.0 0.5017331571454839
5357.0 0.5015173566206547
5358.0 0.5013035672072328
5359.0 0.5010935407482582
5360.0 0.5008790027158387
5361.0 0.500594761625941
5362.0 0.5003105151564012
5363.0 0.5000130477197131
5364.0 0.4997074747056767
5365.0 0.49941711541280154
5366.0 0.4991918473221398
5367.0 0.49896657407344863
5368.0 0.49871375792443295
5369.0 0.4984504062201188
5370.0 0.4981576632697233
5371.0 0.49779297092487573
5372.0 0.4974291950400824
5373.0 0.49713218505281837
5374.0 0.49684803982041315
5375.0 0.49655749827635315
5376.0 0.49625550033842913
5377.0 0.49595441650351724
5378.0 0.49563990500245836
5379.0 0.49532482362018326
5380.0 0.4950306789105368
5381.0 0.494756781578624
5382.0 0.49448414121086454
5383.0 0.4942375739230658
5384.0 0.49399099711282496
5385.0 0.4936909092287423
5386.0 0.4933593876994681
5387.0 0.4930266410451211
5388.0 0.49268479900880113
5389.0 0.49234202616831113
5390.0 0.492042797856581
5391.0 0.4917577711346115
5392.0 0.49147041299652466
5393.0 0.4911776307929602
5394.0 0.4908848361894193
5395.0 0.49057611855048794
5396.0 0.49026571009922687
5397.0 0.48994351911487394
5398.0 0.4896072332061878
5399.0 0.4892700213044846
5400.0 0.488921368163094
5401.0 0.48857244718431825
5402.0 0.48823702284122344
5403.0 0.4879152810995244
5404.0 0.4875985697566396
5405.0 0.48733285804630105
5406.0 0.4870671339842082
5407.0 0.48675608876012466
5408.0 0.4864197265624077
5409.0 0.48608525775279476
5410.0 0.4857547864365823
5411.0 0.48542429987995783
5412.0 0.4851207966718483
5413.0 0.4848249035532517
5414.0 0.4845197974283243
5415.0 0.4841932102726968
5416.0 0.48386660805335563
5417.0 0.4835299393525067
5418.0 0.48319278770874197
5419.0 0.4828881357660252
5420.0 0.48262866173726227
5421.0 0.4823682784334128
5422.0 0.4821226190555057
5423.0 0.48187799432319905
5424.0 0.48157261135433566
5425.0 0.4812173504461104
5426.0 0.48086007385096996
5427.0 0.48047671357622757
5428.0 0.48009333721370706
5429.0 0.4797751893990574
5430.0 0.47949110050261873
5431.0 0.4792076155191999
5432.0 0.47892224815233675
5433.0 0.4786368698406314
5434.0 0.4783916623779922
5435.0 0.47815755890652245
5436.0 0.47790116435542046
5437.0 0.47759682550792537
5438.0 0.47729247620656146
5439.0 0.47695596490302594
5440.0 0.47661546821618134
5441.0 0.47634450982534243
5442.0 0.4761611763904547
5443.0 0.4759787222564316
5444.0 0.4757097586090878
5445.0 0.4754416717419709
5446.0 0.4751172101645834
5447.0 0.47474756745525726
5448.0 0.47439246558710724
5449.0 0.4741440602745327
5450.0 0.4738956483359203
5451.0 0.4736908304201812
5452.0 0.4735079167048708
5453.0 0.4732915230229233
5454.0 0.4729630520955342
5455.0 0.4726336951072577
5456.0 0.4723307088754924
5457.0 0.47203273908468457
5458.0 0.47174156009936236
5459.0 0.4714609879171761
5460.0 0.47118041151035284
5461.0 0.4709375291648667
5462.0 0.47069795691662536
5463.0 0.4704729440104606
5464.0 0.47026224749275203
5465.0 0.4700518187727813
5466.0 0.46978068083638097
5467.0 0.4695095408709833
5468.0 0.469228908997588
5469.0 0.4689402442914674
5470.0 0.46865520057023485
5471.0 0.4683943957797081
5472.0 0.4681327198456184
5473.0 0.4678781265251167
5474.0 0.4676267152484009
5475.0 0.4673625609322107
5476.0 0.46706080578875503
5477.0 0.4667581841416884
5478.0 0.4664855627309392
5479.0 0.4662193584255531
5480.0 0.46595822359404476
5481.0 0.4657076402828022
5482.0 0.4654570597373701
5483.0 0.4652231745547016
5484.0 0.46499102922786345
5485.0 0.4647267015862597
5486.0 0.4644252202314862
5487.0 0.4641255074050948
5488.0 0.4638819410079201
5489.0 0.4636392418253621
5490.0 0.4634243886537118
5491.0 0.4632294637269024
5492.0 0.46302248222841075
5493.0 0.4627475637913153
5494.0 0.4624717925687268
5495.0 0.46216390596116574
5496.0 0.461841402708774
5497.0 0.4615305612010672
5498.0 0.46125203284736205
5499.0 0.46097351453155144
5500.0 0.4606959335560879
5501.0 0.4604177240234852
5502.0 0.4601506414908361
5503.0 0.4599048091552109
5504.0 0.4596572770605305
5505.0 0.4593887019740572
5506.0 0.4591176356594969
5507.0 0.4588290008795231
5508.0 0.4585222592312477
5509.0 0.458213886099514
5510.0 0.457865153915476
5511.0 0.4575155895870397
5512.0 0.45717461857907354
5513.0 0.4568379647730105
5514.0 0.4565004120918945
5515.0 0.4561616402334551
5516.0 0.45582373790836717
5517.0 0.4555053898100849
5518.0 0.45519453961921585
5519.0 0.4548769420633686
5520.0 0.45454106725966026
5521.0 0.4542043700540507
5522.0 0.4538845593525018
5523.0 0.4535683988725759
5524.0 0.45322531508268715
5525.0 0.45283745028263084
5526.0 0.45244961571866066
5527.0 0.4521045796514784
5528.0 0.45176151422134114
5529.0 0.4513926572909515
5530.0 0.45099549226751995
5531.0 0.4505960856433767
5532.0 0.45013584994330563
5533.0 0.44967565667765735
5534.0 0.4492936998720948
5535.0 0.4489609326450776
5536.0 0.4486179382952741
5537.0 0.4482240595318265
5538.0 0.4478302193954104
5539.0 0.4473773537711126
5540.0 0.4469018902712764
5541.0 0.4464398458162761
5542.0 0.44601436660278704
5543.0 0.4455881022950347
5544.0 0.4451449901268293
5545.0 0.44469788012843614
5546.0 0.4442246256577012
5547.0 0.44371130832504013
5548.0 0.4431980507453053
5549.0 0.4427882242213522
5550.0 0.442383929715606
5551.0 0.44195445425307417
5552.0 0.44150158454246746
5553.0 0.4410376197216405
5554.0 0.4404365006692548
5555.0 0.43983381879362193
5556.0 0.43922218889804165
5557.0 0.43860378635514635
5558.0 0.43800811930313227
5559.0 0.43751490303418106
5560.0 0.4370217538563342
5561.0 0.43644701965700683
5562.0 0.43584396584654783
5563.0 0.43523122362048744
5564.0 0.4345958200542277
5565.0 0.4339613200980883
5566.0 0.4333668311900759
5567.0 0.4327788093942841
5568.0 0.4321709372188359
5569.0 0.4315336612585405
5570.0 0.43089648410592074
5571.0 0.43028941595144066
5572.0 0.4296833965772343
5573.0 0.42905039140792817
5574.0 0.428391690674219
5575.0 0.42772609203112
5576.0 0.42697846005104584
5577.0 0.42623175098161525
5578.0 0.42549960363611267
5579.0 0.4247749052610089
5580.0 0.4240511153933166
5581.0 0.42333417478570406
5582.0 0.42261735830088365
5583.0 0.42187285515357986
5584.0 0.4211194770000344
5585.0 0.4203198753199956
5586.0 0.41941646009811373
5587.0 0.41851242732950766
5588.0 0.4175611858454607
5589.0 0.41660150065479873
5590.0 0.4157045551962585
5591.0 0.4148933860598538
5592.0 0.4140823695078426
5593.0 0.41320133412526533
5594.0 0.4123190520646517
5595.0 0.41135985564288335
5596.0 0.41033441942947696
5597.0 0.40932171782374754
5598.0 0.4084274104282974
5599.0 0.4075325159085302
5600.0 0.40662453845791857
5601.0 0.4057096022926617
5602.0 0.4047629370709944
5603.0 0.40369566881776153
5604.0 0.4026286190893286
5605.0 0.4015939015827383
5606.0 0.40056878580730326
5607.0 0.39953290896839033
5608.0 0.3984739299566593
5609.0 0.39741442721376624
5610.0 0.39636353398750584
5611.0 0.39531316120511717
5612.0 0.39421277058971055
5613.0 0.39304774281714583
5614.0 0.39188222860421806
5615.0 0.3906376228572826
5616.0 0.38939248576455354
5617.0 0.3881411731733581
5618.0 0.3868854587278169
5619.0 0.38563350140416963
5620.0 0.3844033987816761
5621.0 0.3831728488441922
5622.0 0.38187742716482215
5623.0 0.38054765196143664
5624.0 0.3792140313474427
5625.0 0.37786601857942
5626.0 0.3765183091972438
5627.0 0.3752383061924263
5628.0 0.3739785047783951
5629.0 0.3726658383870114
5630.0 0.3712469986036578
5631.0 0.36982848404467694
5632.0 0.36839061914445237
5633.0 0.36694996339942804
5634.0 0.3655261082676633
5635.0 0.3641211781540127
5636.0 0.36271725680523786
5637.0 0.3611093420878622
5638.0 0.3595018036201362
5639.0 0.357979667769722
5640.0 0.35652468610881966
5641.0 0.3550487926915359
5642.0 0.3534167541881037
5643.0 0.3517857655101602
5644.0 0.35009835121604194
5645.0 0.3483839477218361
5646.0 0.34668674354669693
5647.0 0.3450461490792532
5648.0 0.3434065916453658
5649.0 0.3416679344404397
5650.0 0.3399034211910661
5651.0 0.3381154861159742
5652.0 0.3362818819034274
5653.0 0.33444871629719636
5654.0 0.3326949185658708
5655.0 0.33095030896547023
5656.0 0.32919418040279436
5657.0 0.3274231108004237
5658.0 0.32565203904122364
5659.0 0.3238605207970179
5660.0 0.32207003848148824
5661.0 0.3201251754878463
5662.0 0.3180644676021418
5663.0 0.31601809365155353
5664.0 0.31406022725414645
5665.0 0.31210341967696625
5666.0 0.3101702954017084
5667.0 0.3082474782971291
5668.0 0.3062862148100042
5669.0 0.3042069713405809
5670.0 0.3021282209972207
5671.0 0.3000255952261077
5672.0 0.2979173770637313
5673.0 0.2957867261111055
5674.0 0.29361426139222313
5675.0 0.29144286309567824
5676.0 0.2894093241778157
5677.0 0.2873888004587785
5678.0 0.2852759587792916
5679.0 0.28305898807327257
5680.0 0.2808395797119846
5681.0 0.27852561440308743
5682.0 0.2762121834361886
5683.0 0.27399168897403914
5684.0 0.2718373064109165
5685.0 0.26967559769489474
5686.0 0.2674695144726164
5687.0 0.26526444238729036
5688.0 0.2629957882782956
5689.0 0.26070018922270155
5690.0 0.25839196454522445
5691.0 0.2560473322808066
5692.0 0.2537027456075142
5693.0 0.2513374597842826
5694.0 0.24896735539544876
5695.0 0.2466203895045314
5696.0 0.24431290085622326
5697.0 0.24200592132324206
5698.0 0.23961779033853486
5699.0 0.23722354883809496
5700.0 0.2348204886465882
5701.0 0.23240819985424657
5702.0 0.22999987365783298
5703.0 0.227685681438799
5704.0 0.22537241034948743
5705.0 0.22299774869056938
5706.0 0.2205830477814214
5707.0 0.2181474916821098
5708.0 0.2156007146633686
5709.0 0.21305446373641684
5710.0 0.21069221912703598
5711.0 0.20840483057203824
5712.0 0.20608135463791502
5713.0 0.2036570059886765
5714.0 0.20123353093844248
5715.0 0.19867233727871342
5716.0 0.1960837226954047
5717.0 0.19350228402600744
5718.0 0.19093214321322882
5719.0 0.18836249602032393
5720.0 0.1860721184326579
5721.0 0.18380032173382832
5722.0 0.18148303038760294
5723.0 0.17911956439216858
5724.0 0.17675793950198818
5725.0 0.17440809858682757
5726.0 0.17205868289709858
5727.0 0.16973386513210154
5728.0 0.16742470681794142
5729.0 0.16508803689455404
5730.0 0.16261609090262677
5731.0 0.16014426083005195
5732.0 0.15781192326121685
5733.0 0.15553088636876197
5734.0 0.1532427642932242
5735.0 0.15093430277616546
5736.0 0.14862621634510154
5737.0 0.14639605485522825
5738.0 0.14418096467074498
5739.0 0.1419793500628933
5740.0 0.13979667790309105
5741.0 0.13761460569071193
5742.0 0.13532786428105464
5743.0 0.13303617383229593
5744.0 0.1308138100219768
5745.0 0.12865805232906577
5746.0 0.12650196500249217
5747.0 0.12433104617286338
5748.0 0.1221608961115317
5749.0 0.12011996145035421
5750.0 0.11815523645150186
5751.0 0.1162009498673749
5752.0 0.11429229804388966
5753.0 0.11238388489741732
5754.0 0.11035511306759353
5755.0 0.10828406251254961
5756.0 0.10621436528688168
5757.0 0.10414702160673417
5758.0 0.10208030166665821
5759.0 0.10022785766839484
5760.0 0.09841379815332815
5761.0 0.09671470793706144
5762.0 0.09518114059442885
5763.0 0.09364790275822195
5764.0 0.09194375921640784
5765.0 0.09023447554087928
5766.0 0.08842633852220537
5767.0 0.08652697961118731
5768.0 0.08464153737143958
5769.0 0.08291461988205537
5770.0 0.08118799474743973
5771.0 0.07957319516511718
5772.0 0.07802140141753797
5773.0 0.07646697100457292
5774.0 0.07490181859625489
5775.0 0.07333704661262318
5776.0 0.07201435649584582
5777.0 0.07077272364796237
5778.0 0.06947144758186673
5779.0 0.06803760207630323
5780.0 0.06660382202594595
5781.0 0.06397090385784007
5782.0 0.06115900627261884
5783.0 0.05874879460224601
5784.0 0.05689344210986105
5785.0 0.055038146122973954
5786.0 0.053754181291484536
5787.0 0.05248210701701592
5788.0 0.0513236480987806
5789.0 0.050262251885557774
5790.0 0.04919243274135201
5791.0 0.048036441712102744
5792.0 0.04688045948780256
5793.0 0.045674504416851044
5794.0 0.04444154236685603
5795.0 0.043255870548289596
5796.0 0.04224747257320938
5797.0 0.04123914545442864
5798.0 0.040428548029130804
5799.0 0.03967705693459208
5800.0 0.03888159709041816
5801.0 0.03799262964766056
5802.0 0.037103709149263746
5803.0 0.03614746832765803
5804.0 0.035182075793589215
5805.0 0.03424622243393717
5806.0 0.03334795333950343
5807.0 0.03244970494720022
5808.0 0.031670484779999966
5809.0 0.03089254642424914
5810.0 0.030217401029743293
5811.0 0.02962636623010252
5812.0 0.02900448798176279
5813.0 0.02813286975023937
5814.0 0.02726129550951511
5815.0 0.026518691116018577
5816.0 0.025842526476189048
5817.0 0.02521166836630977
5818.0 0.024741425476098932
5819.0 0.02427123370874398
5820.0 0.02366947517782015
5821.0 0.02303053128989013
5822.0 0.022376452170903876
5823.0 0.021693007769295843
5824.0 0.02100952777682002
5825.0 0.02052350021241617
5826.0 0.020061863889983093
5827.0 0.019636856158993844
5828.0 0.019256542188453386
5829.0 0.018874885704945926
5830.0 0.01835803598208611
5831.0 0.01784118316554461
5832.0 0.017366433680578122
5833.0 0.016924762369044825
5834.0 0.016487182454099948
5835.0 0.016079834988056728
5836.0 0.015672452048766643
5837.0 0.015309691573261449
5838.0 0.014967916998213109
5839.0 0.014652244536095435
5840.0 0.014423918936232728
5841.0 0.014195606265723098
5842.0 0.013911119452382669
5843.0 0.013611674715803374
5844.0 0.013267777910849893
5845.0 0.012841336587171069
5846.0 0.012414832706823748
5847.0 0.012179977865634503
5848.0 0.011964033279525846
5849.0 0.011699355801873253
5850.0 0.011377407124263748
5851.0 0.011056456778486917
5852.0 0.010785808996469153
5853.0 0.010515118199006988
5854.0 0.010298057939024823
5855.0 0.010119856704873236
5856.0 0.0099204684194978
5857.0 0.009579391929344133
5858.0 0.009238264765982945
5859.0 0.009003029970885016
5860.0 0.008815363169367383
5861.0 0.00861681252345257
5862.0 0.00838560362303993
5863.0 0.008154362196951504
5864.0 0.007852408589197555
5865.0 0.007532734290626451
5866.0 0.007252551905072976
5867.0 0.007042658872885642
5868.0 0.0068327293788944055
5869.0 0.006670979896051219
5870.0 0.006513401516215108
5871.0 0.00630946652612218
5872.0 0.006055316738142382
5873.0 0.005805929304725019
5874.0 0.005712748662257532
5875.0 0.005619558648295257
5876.0 0.0054764546358862624
5877.0 0.005298652725694407
5878.0 0.005120261506631589
5879.0 0.004938832821957892
5880.0 0.004757349702831564
5881.0 0.0045934128637517505
5882.0 0.004436958100400913
5883.0 0.0042825959547358235
5884.0 0.004134287863287315
5885.0 0.003985924567483326
5886.0 0.0039008260218539224
5887.0 0.0038296012283848624
5888.0 0.00375349837591414
5889.0 0.003669100036160393
5890.0 0.00358468212883543
5891.0 0.003291662191838247
5892.0 0.0029828353443278823
5893.0 0.0027401442763651126
5894.0 0.0025663281217718336
5895.0 0.0023917037479536333
5896.0 0.002202829619804137
5897.0 0.002013880057799904
5898.0 0.0018332892195612016
5899.0 0.0016582522452218108
5900.0 0.0015081001030084985
5901.0 0.0014889582853865402
5902.0 0.0014698134964992841
5903.0 0.0014214435749389002
5904.0 0.0013616926637978588
5905.0 0.0012651019147240869
5906.0 0.0010689091220797817
5907.0 0.0008726278202573145
5908.0 0.0007741994651220384
5909.0 0.0006957916435657189
5910.0 0.0006659854264707005
5911.0 0.0007122581911174528
5912.0 0.0007585543792033632
5913.0 0.0006496465581246264
5914.0 0.0005307763459133826
5915.0 0.0003927425956476701
5916.0 0.00023552867095572028
5917.0 7.275361677307426e-05
5918.0 -0.00017603088743758873
5919.0 -0.0004249413449010558
