calculator/instruments/lris/plaintext_files/blue_D460_400-3400.txt
# %ECSV 1.0
# ---
# datatype:
# - {name: WAV, unit: Angstrom, datatype: float32}
# - {name: EFF, datatype: float64}
# meta: !!omap
# - {GRISM: 400/3400}
# - {DICHROIC: D460}
# schema: astropy-2.0
WAV EFF
[from data line 1816]
4916.0 0.15835983375517346
4917.0 0.15766404614495147
4918.0 0.15695035658763157
4919.0 0.15618233341711152
4920.0 0.15541506857817253
4921.0 0.15467077621668457
4922.0 0.1539329782847751
4923.0 0.15319066725358646
4924.0 0.1524411596811202
4925.0 0.15169200164954094
4926.0 0.15086331193273966
4927.0 0.15002848790199266
4928.0 0.14914378556995556
4929.0 0.14820244663235022
4930.0 0.14726912447172344
4931.0 0.1465686773764524
4932.0 0.14586818322243067
4933.0 0.14511319769312508
4934.0 0.14431985065799766
4935.0 0.14351143829082555
4936.0 0.14261347283470124
4937.0 0.1417159364248928
4938.0 0.14089814732616235
4939.0 0.14011473286773457
4940.0 0.13927738467262332
4941.0 0.13828555523923286
4942.0 0.13729420738968023
4943.0 0.13634854958144355
4944.0 0.13541284255558328
4945.0 0.13452061591669615
4946.0 0.1337030005556705
4947.0 0.1328854383972387
4948.0 0.13196862588885377
4949.0 0.13104476456433395
4950.0 0.13002946715481448
4951.0 0.12891940788900388
4952.0 0.12781904490561494
4953.0 0.12693858145192713
4954.0 0.12605822983908962
4955.0 0.12514170463494087
4956.0 0.12420123611974995
4957.0 0.12324599842116053
4958.0 0.12221291501294342
4959.0 0.12118004548679731
4960.0 0.12032695268787132
4961.0 0.11954398416042075
4962.0 0.1187058109600101
4963.0 0.11771860312020717
4964.0 0.1167316069215915
4965.0 0.11570102287846379
4966.0 0.11466194960529454
4967.0 0.11361462841966463
4968.0 0.1125542800164784
4969.0 0.11149450106954477
4970.0 0.1105524121461115
4971.0 0.10961801780030055
4972.0 0.10856751408306681
4973.0 0.10740072066865372
4974.0 0.10623245646406063
4975.0 0.10503606859996409
4976.0 0.1038403455249202
4977.0 0.10277128381213492
4978.0 0.1017832583820512
4979.0 0.1007726374645451
4980.0 0.09964932395299865
4981.0 0.09852665192129516
4982.0 0.09756435248157541
4983.0 0.09666176014468675
4984.0 0.09572387827058654
4985.0 0.09469926332466308
4986.0 0.09367500524717205
4987.0 0.09265928400981067
4988.0 0.09164514611966228
4989.0 0.09059227461636725
4990.0 0.08948080949505496
4991.0 0.08837001553743896
4992.0 0.08724539318273668
4993.0 0.08612063768663134
4994.0 0.08503968541993254
4995.0 0.08400058649829749
4996.0 0.08296609079614538
4997.0 0.08198439589165826
4998.0 0.08100353011536361
4999.0 0.07993183318438297
5000.0 0.07880737603054078
5001.0 0.07765179911533036
5002.0 0.07635290336491544
5003.0 0.07505445369889104
5004.0 0.07406556513745591
5005.0 0.07318529563302553
5006.0 0.07228466176047271
5007.0 0.07133558540554609
5008.0 0.0703871381691872
5009.0 0.06936576016559186
5010.0 0.06833294627888019
5011.0 0.06730154959076082
5012.0 0.06627153757439065
5013.0 0.0652424038069094
5014.0 0.06430204094034286
5015.0 0.06336506109596869
5016.0 0.0623518903710874
5017.0 0.061270984257105005
5018.0 0.060192602807628844
5019.0 0.059135248130880703
5020.0 0.05807833391688626
5021.0 0.05706918781275643
5022.0 0.05608719831205763
5023.0 0.05511282684119592
5024.0 0.054168115443385324
5025.0 0.05322380520261894
5026.0 0.052202888688469555
5027.0 0.051156830246977154
5028.0 0.050150220352741616
5029.0 0.04923027519917199
5030.0 0.04831101454457043
5031.0 0.04751113482864456
5032.0 0.04672947811606731
5033.0 0.045874847063672265
5034.0 0.04492326653963633
5035.0 0.04397229538181599
5036.0 0.04299298115683381
5037.0 0.042013827167404975
5038.0 0.041200028398975214
5039.0 0.0405270044685454
5040.0 0.03985690446120817
5041.0 0.03920883139702731
5042.0 0.038561264332256984
5043.0 0.03774105334638395
5044.0 0.03682834841549528
5045.0 0.03592112461813177
5046.0 0.0350328726966033
5047.0 0.03414533081018787
5048.0 0.03331486706892234
5049.0 0.032502045561240034
5050.0 0.031722305940642063
5051.0 0.031012174516501012
5052.0 0.030302702500809974
5053.0 0.029652745422772218
5054.0 0.02901145405163198
5055.0 0.02831996324519107
5056.0 0.02756453510407153
5057.0 0.02680973355059996
5058.0 0.025994167554789373
5059.0 0.02517927992782089
5060.0 0.02443209647757817
5061.0 0.023740407931014593
5062.0 0.02307071082652066
5063.0 0.022575248162243277
5064.0 0.022080201146490487
5065.0 0.021492438892041582
5066.0 0.02085926541440321
5067.0 0.020245062355538954
5068.0 0.019696704320439972
5069.0 0.019148760716740255
5070.0 0.018613676038006274
5071.0 0.018082477052679444
5072.0 0.0175583229275784
5073.0 0.01704735885938343
5074.0 0.01653688000205204
5075.0 0.01606613231569333
5076.0 0.015600650561786226
5077.0 0.01510369485010316
5078.0 0.014568226684748362
5079.0 0.014034484806059089
5080.0 0.013626100735935976
5081.0 0.01321803437493384
5082.0 0.012843816890776467
5083.0 0.012495119379675831
5084.0 0.012143581782485176
5085.0 0.011769338969855216
5086.0 0.011395390154649694
5087.0 0.010843312320370899
5088.0 0.010207777514193992
5089.0 0.009666745642983627
5090.0 0.009423545553496443
5091.0 0.009180557566072417
5092.0 0.009023038654476026
5093.0 0.00888827799330038
5094.0 0.008736672383235512
5095.0 0.00855371275914428
5096.0 0.008370912468340364
5097.0 0.008116873347850093
5098.0 0.007855995375163346
5099.0 0.007527754742622719
5100.0 0.007120537147667665
5101.0 0.006717059610539471
5102.0 0.0064805000259709426
5103.0 0.006244147648577566
5104.0 0.0061507784281236285
5105.0 0.006160850016874845
5106.0 0.006135644765411295
5107.0 0.0058940438433288354
5108.0 0.005652654005541113
5109.0 0.005375788747897439
5110.0 0.005083140157595966
5111.0 0.004817378761615527
5112.0 0.004631653253235569
5113.0 0.004446102483989407
5114.0 0.00428672792126268
5115.0 0.0041336028433932494
5116.0 0.003985668254965323
5117.0 0.00384688047873443
5118.0 0.003708222987637066
5119.0 0.003523027539539031
5120.0 0.003333938610230855
5121.0 0.0032397773097970193
5122.0 0.003248311628347772
5123.0 0.0032552201603414698
5124.0 0.0032101538262216157
5125.0 0.003165134094037957
5126.0 0.003090663811676521
5127.0 0.002995788345458804
5128.0 0.002889636738860435
5129.0 0.0027192475313938015
5130.0 0.0025490115857213004
5131.0 0.0026653527488678013
5132.0 0.002898543899964666
5133.0 0.0030654861789951634
5134.0 0.003044380566902843
5135.0 0.0030233002340500394
5136.0 0.0028329882500731525
5137.0 0.002605700754245982
5138.0 0.0024533444997599753
5139.0 0.002422996216597879
5140.0 0.0023926727355410467
5141.0 0.002451954957493297
5142.0 0.0025179257754702976
5143.0 0.0024957683783433304
5144.0 0.0023819929436581927
5145.0 0.0022696281096084006
5146.0 0.0021823610125136545
5147.0 0.002095165738576803
5148.0 0.0020990591017163844
5149.0 0.0021635975942891463
5150.0 0.002225471649887692
5151.0 0.002273601592243786
5152.0 0.0023216911887016917
5153.0 0.0023560933293614965
5154.0 0.0023851679721687466
5155.0 0.0024369815088315437
5156.0 0.002547269613315763
5157.0 0.0026574672285368255
5158.0 0.002668157021826715
5159.0 0.0026584739584715536
5160.0 0.002622419431041607
5161.0 0.002545120753959306
5162.0 0.0024678906614743474
5163.0 0.0025079415648504933
5164.0 0.0025541263359641943
5165.0 0.002657260501564351
5166.0 0.002817275731796866
5167.0 0.0029660886270560355
5168.0 0.0029412356891525475
5169.0 0.0029164097302947704
5170.0 0.0029079191695296725
5171.0 0.002909431023807966
5172.0 0.0029118329326712515
5173.0 0.0029185463560667674
5174.0 0.002925261817084794
5175.0 0.002978003890206728
5176.0 0.00304773433704135
5177.0 0.0031396410986375884
5178.0 0.003285862374706493
5179.0 0.0034319693327184517
5180.0 0.0034751031392589366
5181.0 0.003500067770404185
5182.0 0.003560853288006295
5183.0 0.003675342260760354
5184.0 0.003789731866219089
5185.0 0.0038033139628428974
5186.0 0.0038126998446656726
5187.0 0.003771730632520383
5188.0 0.003684355846391983
5189.0 0.0036088334152620943
5190.0 0.0036897602774442584
5191.0 0.0037706350712227474
5192.0 0.0037164043047665193
5193.0 0.003582932373548966
5194.0 0.003504751069011699
5195.0 0.0036617838761515173
5196.0 0.003818697582491337
5197.0 0.003966043655781526
5198.0 0.004109959235007944
5199.0 0.004237205595884212
5200.0 0.00432570265977513
5201.0 0.004414132353781665
5202.0 0.004474471925053853
5203.0 0.004530203234267883
5204.0 0.0045864106320067455
5205.0 0.004643291079462325
5206.0 0.004700127963212642
5207.0 0.0046218067554259145
5208.0 0.004539378182397024
5209.0 0.0045097879052989455
5210.0 0.004527004682490488
5211.0 0.004545844529325876
5212.0 0.004581228310623138
5213.0 0.004616571749178926
5214.0 0.004533062632562122
5215.0 0.004382791584691212
5216.0 0.004283451404303595
5217.0 0.004387394942043003
5218.0 0.004491273679850366
5219.0 0.004484518314544401
5220.0 0.004442883604122501
5221.0 0.004367436509137385
5222.0 0.004216786658183215
5223.0 0.0040662457852583805
5224.0 0.004120487811752242
5225.0 0.004205248053769646
5226.0 0.004261552434673657
5227.0 0.004280203627926943
5228.0 0.004298827837256079
5229.0 0.004255830672231562
5230.0 0.004212241454273675
5231.0 0.004195026194421907
5232.0 0.004200254832010342
5233.0 0.004214437012549973
5234.0 0.004309204539616559
5235.0 0.004403914538087289
5236.0 0.00444254090450777
5237.0 0.004452312185604196
5238.0 0.004448275665731685
5239.0 0.004392408013228763
5240.0 0.004336579652722389
5241.0 0.00430365693698049
5242.0 0.00427758467632607
5243.0 0.004260625564423575
5244.0 0.004262137304296413
5245.0 0.00426364682656925
5246.0 0.004222007637836053
5247.0 0.0041745281107955085
5248.0 0.004127689207382325
5249.0 0.004081683056522095
5250.0 0.004035709005101037
5251.0 0.0039886537923978374
5252.0 0.003941631482412499
5253.0 0.003921979989099774
5254.0 0.003923813692973456
5255.0 0.0039130160748863845
5256.0 0.003800082267232569
5257.0 0.003687239738061887
5258.0 0.0037120780481932495
5259.0 0.0038046625819013976
5260.0 0.0038930748646837533
5261.0 0.003967685344436181
5262.0 0.004042241222420189
5263.0 0.003934372879838837
5264.0 0.0037751619417661876
5265.0 0.003607110188537527
5266.0 0.0034218126735629634
5267.0 0.0032366465149473306
5268.0 0.0032556809948799574
5269.0 0.003297377690644175
5270.0 0.0033622166120184497
5271.0 0.003455299165890612
5272.0 0.003546919507264675
5273.0 0.0035004490767141794
5274.0 0.0034540107385847355
5275.0 0.003373491236575517
5276.0 0.0032673026366407325
5277.0 0.0031664639205612613
5278.0 0.003100996345439987
5279.0 0.00303556530465429
5280.0 0.002981888264269736
5281.0 0.0029337520923944124
5282.0 0.002909310390756163
5283.0 0.0029597507748179413
5284.0 0.0030101635880552167
5285.0 0.0028902943014946845
5286.0 0.002727961732947303
5287.0 0.0025414815044945516
5288.0 0.002310076329416758
5289.0 0.002078831604944659
5290.0 0.002067524242120777
5291.0 0.0020779528591889354
5292.0 0.0020898383048353463
5293.0 0.0021033591409717668
5294.0 0.0021142542156057363
5295.0 0.0019967016062555215
5296.0 0.0018792236291401468
5297.0 0.0018320663438258417
5298.0 0.0018357738890516988
5299.0 0.001834126732465466
5300.0 0.0017995887153079203
5301.0 0.0017650684225639722
5302.0 0.001770270844543128
5303.0 0.0017924755356378797
5304.0 0.0018042483671641685
5305.0 0.001784758048292334
5306.0 0.0017652803955188598
5307.0 0.0016824154422716711
5308.0 0.001584737368106489
5309.0 0.0014954738872332628
5310.0 0.0014204864372341062
5311.0 0.0013455481540560021
5312.0 0.001160409614480781
5313.0 0.0009658121634602076
5314.0 0.0008290807003643215
5315.0 0.00075496318002301
5316.0 0.0006827116996496565
5317.0 0.0006540178994096587
5318.0 0.0006253444450673452
5319.0 0.000561556929822132
5320.0 0.00047340560653375566
5321.0 0.0004119896174161533
5322.0 0.0005017478868241043
5323.0 0.0005914492567894324
5324.0 0.00051209410189274
5325.0 0.0003637840142095309
5326.0 0.0002141832112306756
5327.0 6.0936492790706e-05
5328.0 -9.221492543873734e-05
5329.0 -8.97218172379074e-05
5330.0 -5.309564402597577e-05
5331.0 -1.4108999432784234e-05
5332.0 2.874085036382894e-05
5333.0 7.156451149952754e-05
5334.0 -5.393129815998283e-05
5335.0 -0.00019009000507789046
5336.0 -0.0003280853019881208
5337.0 -0.0004679965323185961
5338.0 -0.0006029009411938494
5339.0 -0.0006442399872783935
5340.0 -0.0006855543431127222
5341.0 -0.0007080096350273802
5342.0 -0.0007184120958000145
5343.0 -0.000749456680146163
5344.0 -0.0008888439907065026
5345.0 -0.0010281528830789217
5346.0 -0.0010783416684176208
5347.0 -0.0010938924964693651
5348.0 -0.001108708263143864
5349.0 -0.0011216608436683284
5350.0 -0.0011346092108286514
5351.0 -0.0012206847604884527
5352.0 -0.0013206457766316234
5353.0 -0.001379163623557744
5354.0 -0.0013729438180330596
5355.0 -0.0013667272871796434
5356.0 -0.001367252450321177
5357.0 -0.0013681314517786287
5358.0 -0.0014345563595116121
5359.0 -0.0015639027599369032
5360.0 -0.0016943833673616466
5361.0 -0.0018436072684482727
5362.0 -0.00199275472172703
5363.0 -0.0020503442209344083
5364.0 -0.002051861006194426
5365.0 -0.002038446948558281
5366.0 -0.0019570511702046165
5367.0 -0.001875693372048425
5368.0 -0.0018642423768110321
5369.0 -0.001878627961897514
5370.0 -0.0018921184988906702
5371.0 -0.0019034361257428108
5372.0 -0.0019147416924921478
5373.0 -0.0019710826960139555
5374.0 -0.002035338734677422
5375.0 -0.002122379545301076
5376.0 -0.002242202422147393
5377.0 -0.002361960919204236
5378.0 -0.0023650485430376546
5379.0 -0.0023632768727526645
5380.0 -0.002370657656647956
5381.0 -0.002386466090298526
5382.0 -0.002405384047114105
5383.0 -0.002460052414346546
5384.0 -0.0025146911473895132
5385.0 -0.0026259325174824363
5386.0 -0.0027703735493409955
5387.0 -0.002889359639548062
5388.0 -0.0029001575577974523
5389.0 -0.002910949267548138
5390.0 -0.002848603992821049
5391.0 -0.0027619213805473697
5392.0 -0.002715589996955507
5393.0 -0.002763294734422283
5394.0 -0.002810973156479223
5395.0 -0.0029026228963494826
5396.0 -0.003001382865734826
5397.0 -0.0030723480077462137
5398.0 -0.003104966553973161
5399.0 -0.003137566694802351
5400.0 -0.0031467748546492773
5401.0 -0.003155491047531803
5402.0 -0.0031877474168888064
5403.0 -0.0032408414881788202
5404.0 -0.0032778037287776985
5405.0 -0.0031520844599474936
5406.0 -0.003026435476649643
5407.0 -0.0030731126361157827
5408.0 -0.0032124802960526114
5409.0 -0.0033719336161283473
5410.0 -0.003611974213170503
5411.0 -0.0038518759554585606
5412.0 -0.0038959612757654043
5413.0 -0.0038782492628760892
5414.0 -0.003819631777668685
5415.0 -0.0036741539876008677
5416.0 -0.003528750519990734
5417.0 -0.003538265377037041
5418.0 -0.0035709043242043085
5419.0 -0.0036250188942868987
5420.0 -0.0037075636857187323
5421.0 -0.0037900686129025076
5422.0 -0.00382790920169671
5423.0 -0.0038652753057189966
5424.0 -0.0038965229158863116
5425.0 -0.0039227535184357945
5426.0 -0.003931202860284507
5427.0 -0.0037799171449245717
5428.0 -0.003628727457726846
5429.0 -0.0035377682410157175
5430.0 -0.003477830264153258
5431.0 -0.003446013623164271
5432.0 -0.0035137406253840596
5433.0 -0.0035814112802392177
5434.0 -0.003603090746648542
5435.0 -0.003611024577746289
5436.0 -0.003662087802234091
5437.0 -0.003800674875175273
5438.0 -0.003939166156710069
5439.0 -0.00406325288023203
5440.0 -0.004185473685623998
5441.0 -0.00420985888559164
5442.0 -0.004109878253496885
5443.0 -0.004009954732501078
5444.0 -0.0040274385133747285
5445.0 -0.004044908721036992
5446.0 -0.004138535132895602
5447.0 -0.004291937517725295
5448.0 -0.004416043398732684
5449.0 -0.0043260977956913905
5450.0 -0.004236217823050098
5451.0 -0.004112868150603547
5452.0 -0.003973092640995662
5453.0 -0.003870676017918855
5454.0 -0.0038929976464213774
5455.0 -0.003915289063248836
5456.0 -0.003954011301606319
5457.0 -0.003997076391685477
5458.0 -0.004034582576225438
5459.0 -0.00406136292557084
5460.0 -0.004088108459162282
5461.0 -0.004170819995186815
5462.0 -0.004259671113198741
5463.0 -0.004311454284456448
5464.0 -0.004319769334646768
5465.0 -0.004327850516750556
5466.0 -0.004313572499902126
5467.0 -0.004299304695685274
5468.0 -0.004227906481023274
5469.0 -0.004113474494961452
5470.0 -0.00400836145643239
5471.0 -0.003965048310375028
5472.0 -0.0039217575901134205
5473.0 -0.003955749587664808
5474.0 -0.004024407857987331
5475.0 -0.004084849355801874
5476.0 -0.004119404634226237
5477.0 -0.004153929040959487
5478.0 -0.004249583743719783
5479.0 -0.0043604418747630515
5480.0 -0.004466256326847959
