calculator/instruments/lris/plaintext_files/blue_D560_400-3400.txt
# %ECSV 1.0
# ---
# datatype:
# - {name: WAV, unit: Angstrom, datatype: float32}
# - {name: EFF, datatype: float64}
# meta: !!omap
# - {GRISM: 400/3400}
# - {DICHROIC: D560}
# schema: astropy-2.0
WAV EFF
[from data line 603]
3703.0 0.353360500223396
3704.0 0.3536878154979474
3705.0 0.3540200602194047
3706.0 0.3543582202771491
3707.0 0.35470229567118056
3708.0 0.35505228640149905
3709.0 0.3554091783574858
3710.0 0.3557709997603785
3711.0 0.35613873649955824
3712.0 0.3565123885750251
3713.0 0.35689294187616016
3714.0 0.3572784246242011
3715.0 0.35767080859791034
3716.0 0.35806910790790664
3717.0 0.35847332255418995
3718.0 0.3588844384261416
3719.0 0.3593004837449992
3720.0 0.35972343028952486
3721.0 0.36015229217033773
3722.0 0.3605880552768188
3723.0 0.36102874783020583
3724.0 0.36147634160926106
3725.0 0.3619298507246034
3726.0 0.3623892751762328
3727.0 0.3628556008535304
3728.0 0.36332784186711514
3729.0 0.3638059982169869
3730.0 0.3642900699031458
3731.0 0.36478005692559173
3732.0 0.3652759592843247
3733.0 0.365778762868726
3734.0 0.36628748178941434
3735.0 0.36680211604638974
3736.0 0.36732266563965227
3737.0 0.36784913056920177
3738.0 0.3683815108350384
3739.0 0.3689198064371621
3740.0 0.3694640173755729
3741.0 0.37001414365027074
3742.0 0.3705691993718745
3743.0 0.3711311563191465
3744.0 0.3716980427133244
3745.0 0.3722708444437894
3746.0 0.37284956151054144
3747.0 0.3734341939135805
3748.0 0.37402375576352553
3749.0 0.37461824706037644
3750.0 0.3752186536935144
3751.0 0.3758249756629395
3752.0 0.37643524118988925
3753.0 0.3770524079425073
3754.0 0.37767351825265
3755.0 0.3783005438990798
3756.0 0.37893151310303436
3757.0 0.37956839764327593
3758.0 0.3802102116304234
3759.0 0.3808569550644768
3760.0 0.3815076420560549
3761.0 0.3821632584945389
3762.0 0.38282380437992886
3763.0 0.3834892797122246
3764.0 0.3841586986020451
3765.0 0.3848320610493904
3766.0 0.38551035294364144
3767.0 0.38619357428479845
3768.0 0.386879753294099
3769.0 0.3875698758609243
3770.0 0.38826492787465544
3771.0 0.3889629375565301
3772.0 0.38966489079592953
3773.0 0.39037078759285365
3774.0 0.3910806279473025
3775.0 0.3917934259698949
3776.0 0.39251016755001195
3777.0 0.3932298667982726
3778.0 0.39395350960405795
3779.0 0.3946791241886057
3780.0 0.39540868233067805
3781.0 0.396141198140894
3782.0 0.39687667161925355
3783.0 0.39761411687637543
3784.0 0.3983545198016408
3785.0 0.39909788039504973
3786.0 0.3998441986566022
3787.0 0.4005915028075358
3788.0 0.40134275051599416
3789.0 0.4020949841138337
3790.0 0.40284918949043563
3791.0 0.403606352535181
3792.0 0.40436450146930764
3793.0 0.4051246221821966
3794.0 0.40588671467384796
3795.0 0.4066507789442616
3796.0 0.4074148432146753
3797.0 0.4081808792638513
3798.0 0.4089488870917897
3799.0 0.4097168949197281
3800.0 0.4104868745264289
3801.0 0.41125784002251087
3802.0 0.4120288055185928
3803.0 0.4128007569040559
3804.0 0.413572708289519
3805.0 0.41434564556436326
3806.0 0.4151195687285888
3807.0 0.4158925060034331
3808.0 0.41666642916765856
3809.0 0.41744035233188403
3810.0 0.4182142754961095
3811.0 0.41898721277095374
3812.0 0.4197601500457981
3813.0 0.4205330873206424
3814.0 0.42130503870610553
3815.0 0.4220769900915686
3816.0 0.42284795558765054
3817.0 0.4236179351943513
3818.0 0.4243859430222897
3819.0 0.4251539508502281
3820.0 0.4259209727887853
3821.0 0.42668602294858016
3822.0 0.42745008721899386
3823.0 0.4282121797106452
3824.0 0.42897328631291537
3825.0 0.4297324211364232
3826.0 0.43048958418116856
3827.0 0.4312447754471516
3828.0 0.43199799493437235
3829.0 0.43274924264283077
3830.0 0.4334975326831455
3831.0 0.4342448368340792
3832.0 0.4349881974274881
3833.0 0.4357295862421347
3834.0 0.4364690032780189
3835.0 0.4372044767563784
3836.0 0.4379379784559755
3837.0 0.4386685224874291
3838.0 0.43939610885073915
3839.0 0.44011975165652456
3840.0 0.44084043679416635
3841.0 0.4415581642636646
3842.0 0.44227293406501933
3843.0 0.4429837603088494
3844.0 0.44369162888453584
3845.0 0.44439456801331645
3846.0 0.4450955353633347
3847.0 0.445791573266447
3848.0 0.4464836676120346
3849.0 0.4471728042894787
3850.0 0.4478570115200169
3851.0 0.4485372751930304
3852.0 0.4492135953085192
3853.0 0.449884985977102
3854.0 0.4505524330881601
3855.0 0.4512159366416936
3856.0 0.4518754966377023
3857.0 0.45252914129742394
3858.0 0.45317884239962086
3859.0 0.4538245999442931
3860.0 0.4544644421526782
3861.0 0.45510034080353867
3862.0 0.4557313100074932
3863.0 0.45635636387516065
3864.0 0.4569774741853033
3865.0 0.45759365504854016
3866.0 0.45820392057549
3867.0 0.458810242544915
3868.0 0.459410649178053
3869.0 0.4600051404749039
3870.0 0.4605956882142301
3871.0 0.4611803206172692
3872.0 0.46175903768402127
3873.0 0.4623328253038674
3874.0 0.46290168347680766
3875.0 0.46346462631346086
3876.0 0.46402165381382693
3877.0 0.4645727659779059
3878.0 0.4651189486950791
3879.0 0.46565921607596517
3880.0 0.4661935681205642
3881.0 0.4667229907182573
3882.0 0.4672455120902821
3883.0 0.46776310401540105
3884.0 0.4682747806042329
3885.0 0.46878054185677775
3886.0 0.46928038777303543
3887.0 0.4697743183530061
3888.0 0.47026134770730854
3889.0 0.470743447614705
3890.0 0.4712196321858144
3891.0 0.4716889155312556
3892.0 0.47215326942979086
3893.0 0.4726107221026579
3894.0 0.47306324532861904
3895.0 0.47350886732891195
3896.0 0.4739475881035366
3897.0 0.4743813794312553
3898.0 0.474809255422687
3899.0 0.4752302301884504
3900.0 0.47564627550730787
3901.0 0.47605541960049713
3902.0 0.4764586483573993
3903.0 0.4768549758886333
3904.0 0.4772463739729613
3905.0 0.4776308708316211
3906.0 0.478010438243375
3907.0 0.47838310442946064
3908.0 0.47874985527925923
3909.0 0.47911069079277074
3910.0 0.479464625080614
3911.0 0.4798136299215513
3912.0 0.4801567194262016
3913.0 0.4804929077051836
3914.0 0.4808241665372597
3915.0 0.4811485241436676
3916.0 0.4814679523031696
3917.0 0.4817804792370033
3918.0 0.4820880767239311
3919.0 0.4823887729851907
3920.0 0.4826845397995444
3921.0 0.48297439127761105
3922.0 0.48325832741939057
3923.0 0.483536348224883
3924.0 0.48380845369408837
3925.0 0.4840756297163879
3926.0 0.48433689040240036
3927.0 0.4845922357521257
3928.0 0.4848426516549451
3929.0 0.48508616633209634
3930.0 0.4853257374517228
3931.0 0.48555840734568106
3932.0 0.48578713368211457
3933.0 0.4860089587928798
3934.0 0.4862268403461204
3935.0 0.4864388065630738
3936.0 0.48664485744374025
3937.0 0.4868459788775007
3938.0 0.4870421708643553
3939.0 0.4872334334043041
3940.0 0.4874187806079657
3941.0 0.4876001842541026
3942.0 0.4877756725639525
3943.0 0.4879462314268964
3944.0 0.4881128467323157
3945.0 0.48827354670144785
3946.0 0.48842931722367416
3947.0 0.4885811441883757
3948.0 0.4887280417061714
3949.0 0.48887000977706113
3950.0 0.489007048401045
3951.0 0.4891401434675042
3952.0 0.48926830908705743
3953.0 0.4893915452597048
3954.0 0.4895108378748274
3955.0 0.4896261869324254
3956.0 0.48973660654311746
3957.0 0.4898430825962848
3958.0 0.48994561509192736
3959.0 0.4900432181406641
3960.0 0.4901368776318761
3961.0 0.49022659356556336
3962.0 0.4903123659417259
3963.0 0.49039518064974497
3964.0 0.4904730659108581
3965.0 0.49054700761444653
3966.0 0.4906179916498914
3967.0 0.49068404623843037
3968.0 0.490748129048207
3969.0 0.49080728241107774
3970.0 0.490863478105805
3971.0 0.49091573024300744
3972.0 0.4909650247120664
3973.0 0.4910103756236006
3974.0 0.4910527688669913
3975.0 0.49109220444223844
3976.0 0.4911286823493421
3977.0 0.491161216698921
3978.0 0.49119079338035637
3979.0 0.4912183982830294
3980.0 0.4912420596281777
3981.0 0.4912627633051824
3982.0 0.49128149520342485
3983.0 0.4912962835441425
3984.0 0.4913091001060978
3985.0 0.4913189589999096
3986.0 0.4913268461149591
3987.0 0.4913317755618649
3988.0 0.4913337473406273
3989.0 0.4913337473406273
3990.0 0.4913317755618649
3991.0 0.4913268461149591
3992.0 0.4913199448892908
3993.0 0.49131008599547904
3994.0 0.4912992412122861
3995.0 0.49128543876094954
3996.0 0.4912696645308507
3997.0 0.49125191852198946
3998.0 0.49123318662374704
3999.0 0.4912114970573611
4000.0 0.49118882160159405
4001.0 0.49116318847768337
4002.0 0.4911365694643915
4003.0 0.49110896456171854
4004.0 0.49107840199090197
4005.0 0.4910468535307042
4006.0 0.4910133332917442
4007.0 0.4909788271634029
4008.0 0.49094333514568045
4009.0 0.4909058713491956
4010.0 0.49086742166332964
4011.0 0.49082700019870135
4012.0 0.490786578734073
4013.0 0.49074418549068227
4014.0 0.4907008063579104
4015.0 0.4906554554463762
4016.0 0.490610104534842
4017.0 0.49056376773392657
4018.0 0.49051644504362996
4019.0 0.49046813646395215
4020.0 0.4904178561055121
4021.0 0.49036757574707196
4022.0 0.49031729538863184
4023.0 0.49026504325142933
4024.0 0.49021279111422683
4025.0 0.49015955308764314
4026.0 0.4901063150610595
4027.0 0.4900520911450947
4028.0 0.48999688133974867
4029.0 0.48994167153440266
4030.0 0.4898854758396754
4031.0 0.48982928014494825
4032.0 0.489773084450221
4033.0 0.48971590286611266
4034.0 0.48965872128200433
4035.0 0.4896005538085147
4036.0 0.48954238633502517
4037.0 0.4894842188615356
4038.0 0.4894250654986648
4039.0 0.4893668980251753
4040.0 0.4893077446623046
4041.0 0.4892485912994338
4042.0 0.4891894379365631
4043.0 0.48913028457369234
4044.0 0.48907014532144044
4045.0 0.48901099195856973
4046.0 0.48895183859569896
4047.0 0.48889169934344706
4048.0 0.48883254598057635
4049.0 0.4887733926177056
4050.0 0.4887132533654536
4051.0 0.4886541000025829
4052.0 0.48859494663971215
4053.0 0.4885357932768415
4054.0 0.4884766399139707
4055.0 0.48841847244048114
4056.0 0.48835931907761043
4057.0 0.48830115160412085
4058.0 0.4882429841306313
4059.0 0.48818481665714175
4060.0 0.48812664918365223
4061.0 0.48806946759954384
4062.0 0.48801228601543545
4063.0 0.48795510443132706
4064.0 0.48789890873659986
4065.0 0.48784271304187266
4066.0 0.48778651734714545
4067.0 0.48773032165241825
4068.0 0.48767511184707224
4069.0 0.4876199020417262
4070.0 0.48756567812576135
4071.0 0.4875114542097965
4072.0 0.4874572302938317
4073.0 0.487403992267248
4074.0 0.4873507542406644
4075.0 0.4872975162140807
4076.0 0.48724526407687824
4077.0 0.48719301193967574
4078.0 0.4871417456918544
4079.0 0.4870904794440331
4080.0 0.487040199085593
4081.0 0.48698991872715286
4082.0 0.48693963836871273
4083.0 0.4868903438996538
4084.0 0.48684203531997605
4085.0 0.48679274085091706
4086.0 0.48674541816062045
4087.0 0.48669710958094275
4088.0 0.48664978689064614
4089.0 0.4866024642003495
4090.0 0.48655612739943416
4091.0 0.4865107764878999
4092.0 0.4864644396869845
4093.0 0.48641908877545026
4094.0 0.486373737863916
4095.0 0.486329372841763
4096.0 0.4862850078196099
4097.0 0.48624162868683807
4098.0 0.4861982495540662
4099.0 0.48615487042129435
4100.0 0.4861124771779036
4101.0 0.48606909804513176
4102.0 0.48602769069112217
4103.0 0.48598529744773156
4104.0 0.48594389009372196
4105.0 0.4859024827397125
4106.0 0.485861075385703
4107.0 0.48582065392107465
4108.0 0.4857792465670651
4109.0 0.48573882510243677
4110.0 0.4856993895271896
4111.0 0.48565896806256126
4112.0 0.48561953248731415
4113.0 0.485580096912067
4114.0 0.4855406613368198
4115.0 0.4855012257615727
4116.0 0.4854617901863255
4117.0 0.4854223546110783
4118.0 0.4853839049252124
4119.0 0.4853454552393464
4120.0 0.48530601966409925
4121.0 0.4852675699782333
4122.0 0.48522912029236726
4123.0 0.4851906706065013
4124.0 0.4851522209206353
4125.0 0.48511377123476934
4126.0 0.48507532154890337
4127.0 0.4850368718630374
4128.0 0.4849984221771714
4129.0 0.4849599724913054
4130.0 0.48492152280543943
4131.0 0.48488208723019227
4132.0 0.4848436375443263
4133.0 0.48480518785846033
4134.0 0.4847657522832131
4135.0 0.484726316707966
4136.0 0.48468688113271885
4137.0 0.4846474455574717
4138.0 0.48460800998222453
4139.0 0.48456857440697737
4140.0 0.484528152942349
4141.0 0.48448871736710186
4142.0 0.4844473100130924
4143.0 0.48440688854846403
4144.0 0.48436548119445455
4145.0 0.48432505972982615
4146.0 0.48428365237581666
4147.0 0.48424125913242594
4148.0 0.48419886588903527
4149.0 0.4841564726456446
4150.0 0.48411407940225387
4151.0 0.484070700269482
4152.0 0.48402633524732896
4153.0 0.4839829561145571
4154.0 0.483938591092404
4155.0 0.4838932401808698
4156.0 0.4838478892693356
4157.0 0.48380155246842016
4158.0 0.4837562015568859
4159.0 0.48370887886658936
4160.0 0.48366155617629275
4161.0 0.48361324759661495
4162.0 0.4835649390169372
4163.0 0.48351564454787826
4164.0 0.48346536418943814
4165.0 0.483415083830998
4166.0 0.4833638175831767
4167.0 0.4833125513353554
4168.0 0.4832602991981529
4169.0 0.48320804706095044
4170.0 0.48315382314498556
4171.0 0.48309959922902074
4172.0 0.4830443894236747
4173.0 0.4829881937289475
4174.0 0.4829319980342203
4175.0 0.48287481645011193
4176.0 0.4828166489766224
4177.0 0.48275749561375164
4178.0 0.48269834225088093
4179.0 0.48263721710924784
4180.0 0.4825760919676147
4181.0 0.4825139809366005
4182.0 0.48245186990558614
4183.0 0.48238778709580954
4184.0 0.48232271839665175
4185.0 0.4822576496974939
4186.0 0.48219159510895493
4187.0 0.4821235687416536
4188.0 0.4820555423743522
4189.0 0.48198653011766973
4190.0 0.48191653197160605
4191.0 0.48184554793616113
4192.0 0.4817735780113351
4193.0 0.48170062219712784
4194.0 0.4816266804935394
4195.0 0.4815517529005698
4196.0 0.4814768253076002
4197.0 0.4813999259358682
4198.0 0.4813220406747551
4199.0 0.48124316952426077
4200.0 0.48116331248438526
4201.0 0.48108345544450976
4202.0 0.4810016266258719
4203.0 0.4809188119178529
4204.0 0.4808350113204527
4205.0 0.4807502248336713
4206.0 0.4806644524575087
4207.0 0.480577694191965
4208.0 0.48048995003704004
4209.0 0.480401219992734
4210.0 0.4803115040590467
4211.0 0.48022080223597824
4212.0 0.4801281286341474
4213.0 0.4800354550323166
4214.0 0.47994179554110455
4215.0 0.4798461642711302
4216.0 0.4797505330011559
4217.0 0.47965292995241915
4218.0 0.4795543410143013
4219.0 0.47945575207618335
4220.0 0.4793551913593031
4221.0 0.47925364475304166
4222.0 0.4791511122573991
4223.0 0.4790475938723753
4224.0 0.4789421037085891
4225.0 0.478836613544803
4226.0 0.4787301374916357
4227.0 0.478621689659706
4228.0 0.47851324182777627
4229.0 0.47840282221708424
4230.0 0.478291416717011
4231.0 0.4781790253275566
4232.0 0.47806663393810217
4233.0 0.47795227076988545
4234.0 0.47783593582290634
4235.0 0.47771960087592724
4236.0 0.4776022800395669
4237.0 0.47748397331382547
4238.0 0.4773646806987028
4239.0 0.4772434163048178
4240.0 0.4771221519109328
4241.0 0.4769989157382854
4242.0 0.47687567956563803
4243.0 0.47675047161422834
4244.0 0.4766242777734374
4245.0 0.47649808393264653
4246.0 0.4763699183130933
4247.0 0.47624076680415883
4248.0 0.4761116152952244
4249.0 0.47598049200752757
4250.0 0.4758483828304496
4251.0 0.4757152877639904
4252.0 0.4755812068081501
4253.0 0.47544613996292856
4254.0 0.47531107311770704
4255.0 0.4751740344937232
4256.0 0.47503600998035816
4257.0 0.4748979854669931
4258.0 0.47475798917486567
4259.0 0.47461700699335707
4260.0 0.4744760248118485
4261.0 0.47433405674095874
4262.0 0.4741901168913066
4263.0 0.47404617704165447
4264.0 0.4739012513026212
4265.0 0.4737553396742067
4266.0 0.473608442156411
4267.0 0.4734605587492342
4268.0 0.47331168945267615
4269.0 0.47316282015611816
4270.0 0.47301197908079773
4271.0 0.4728611380054774
4272.0 0.4727093110407758
4273.0 0.4725564981866931
4274.0 0.47240368533261035
4275.0 0.4722489006997652
4276.0 0.4720941160669202
4277.0 0.4719383455446939
4278.0 0.47178158913308643
4279.0 0.471624832721479
4280.0 0.47146709042049034
4281.0 0.4713083622301205
4282.0 0.4711486481503695
4283.0 0.4709879481812374
4284.0 0.4708282341014864
4285.0 0.47066654824297305
4286.0 0.4705038764950785
4287.0 0.470341204747184
4288.0 0.4701775471099083
4289.0 0.4700138894726326
4290.0 0.4698492459459757
4291.0 0.4696846024193188
4292.0 0.4695179871138996
4293.0 0.4693523576978615
4294.0 0.4691847565030611
4295.0 0.46901715530826066
4296.0 0.46884955411346024
4297.0 0.46868096702927864
4298.0 0.46851139405571585
4299.0 0.46834182108215305
4300.0 0.46817224810859026
4301.0 0.46800168924564634
4302.0 0.4678301444933212
4303.0 0.4676595856303773
4304.0 0.46748705498867094
4305.0 0.46731452434696463
4306.0 0.46714199370525833
4307.0 0.46696847717417084
4308.0 0.4667959465324645
