calculator/instruments/lris/plaintext_files/blue_D560_400-3400.txt
# %ECSV 1.0
# ---
# datatype:
# - {name: WAV, unit: Angstrom, datatype: float32}
# - {name: EFF, datatype: float64}
# meta: !!omap
# - {GRISM: 400/3400}
# - {DICHROIC: D560}
# schema: astropy-2.0
WAV EFF
[from data line 1210]
4310.0 0.4664469416915272
4311.0 0.46627243927105844
4312.0 0.4660969509612086
4313.0 0.46592244854073994
4314.0 0.46574696023089013
4315.0 0.46557048603165907
4316.0 0.465394011832428
4317.0 0.465217537633197
4318.0 0.46504106343396595
4319.0 0.46486360334535376
4320.0 0.46468614325674157
4321.0 0.4645086831681293
4322.0 0.4643312230795171
4323.0 0.46415277710152375
4324.0 0.46397433112353037
4325.0 0.463795885145537
4326.0 0.46361743916754355
4327.0 0.4634389931895502
4328.0 0.4632595613221756
4329.0 0.4630811153441822
4330.0 0.46290168347680766
4331.0 0.4627222516094331
4332.0 0.4625428197420585
4333.0 0.4623633878746839
4334.0 0.4621839560073094
4335.0 0.4620035382505536
4336.0 0.46182410638317906
4337.0 0.4616436886264233
4338.0 0.46146425675904873
4339.0 0.46128383900229303
4340.0 0.46110440713491846
4341.0 0.4609239893781627
4342.0 0.4607435716214069
4343.0 0.4605631538646512
4344.0 0.4603837219972766
4345.0 0.46020330424052086
4346.0 0.46002387237314635
4347.0 0.45984345461639053
4348.0 0.459664022749016
4349.0 0.4594836049922602
4350.0 0.4593041731248857
4351.0 0.45912375536812994
4352.0 0.45894432350075537
4353.0 0.4587648916333808
4354.0 0.4585854597660062
4355.0 0.4584070137880128
4356.0 0.4582275819206382
4357.0 0.4580481500532637
4358.0 0.4578697040752703
4359.0 0.4576912580972769
4360.0 0.4575128121192835
4361.0 0.45733436614129014
4362.0 0.4571559201632967
4363.0 0.45697846007468457
4364.0 0.4568000140966912
4365.0 0.45662255400807894
4366.0 0.4564450939194667
4367.0 0.4562686197202357
4368.0 0.45609214552100463
4369.0 0.45591468543239244
4370.0 0.45573919712254257
4371.0 0.45556272292331157
4372.0 0.4553862487240805
4373.0 0.45521174630361183
4374.0 0.455036257993762
4375.0 0.45486076968391215
4376.0 0.45468626726344347
4377.0 0.4545117648429748
4378.0 0.45433726242250616
4379.0 0.45416374589141867
4380.0 0.4539902293603311
4381.0 0.4538176987186249
4382.0 0.4536441821875373
4383.0 0.453471651545831
4384.0 0.45330010679350585
4385.0 0.45312757615179955
4386.0 0.4529570172888556
4387.0 0.45278547253653045
4388.0 0.45261491367358647
4389.0 0.45244435481064255
4390.0 0.4522737959476986
4391.0 0.4521042229741358
4392.0 0.45193563588995417
4393.0 0.45176606291639143
4394.0 0.4515974758322098
4395.0 0.4514298746374094
4396.0 0.451262273442609
4397.0 0.4510946722478086
4398.0 0.45092805694238935
4399.0 0.4507614416369701
4400.0 0.45059482633155085
4401.0 0.4504291969155128
4402.0 0.4502635674994747
4403.0 0.4500989239728178
4404.0 0.44993428044616096
4405.0 0.44977062280888525
4406.0 0.44960696517160953
4407.0 0.4494433075343338
4408.0 0.4492806357864393
4409.0 0.44911894992792595
4410.0 0.4489572640694126
4411.0 0.44879557821089927
4412.0 0.4486348782417671
4413.0 0.4484741782726349
4414.0 0.44831446419288395
4415.0 0.44815475011313294
4416.0 0.4479960219227631
4417.0 0.44783729373239334
4418.0 0.4476795514314047
4419.0 0.4475218091304161
4420.0 0.4473640668294274
4421.0 0.44720829630720116
4422.0 0.4470515398955937
4423.0 0.4468957693733674
4424.0 0.4467409847405224
4425.0 0.44658620010767724
4426.0 0.4464314154748321
4427.0 0.4462786026207494
4428.0 0.44612480387728554
4429.0 0.4459719910232028
4430.0 0.4458201640585012
4431.0 0.4456683370937996
4432.0 0.4455174960184793
4433.0 0.4453666549431589
4434.0 0.44521679975721973
4435.0 0.4450669445712805
4436.0 0.4449170893853413
4437.0 0.44476920597816444
4438.0 0.44462132257098763
4439.0 0.44447343916381077
4440.0 0.4443265416460151
4441.0 0.4441796441282195
4442.0 0.4440327466104238
4443.0 0.44388782087139045
4444.0 0.44374289513235715
4445.0 0.44359796939332385
4446.0 0.44345402954367175
4447.0 0.44331107558340077
4448.0 0.44316713573374866
4449.0 0.4430251676628589
4450.0 0.44288319959196915
4451.0 0.4427412315210793
4452.0 0.44260024933957076
4453.0 0.44246025304744335
4454.0 0.44232025675531594
4455.0 0.4421812463525697
4456.0 0.4420422359498235
4457.0 0.4419032255470773
4458.0 0.4417652010337122
4459.0 0.4416281624097283
4460.0 0.44149112378574445
4461.0 0.44135507105114175
4462.0 0.44121901831653904
4463.0 0.4410829655819364
4464.0 0.440948884626096
4465.0 0.4408148036702557
4466.0 0.44068072271441533
4467.0 0.44054664175857505
4468.0 0.44041354669211585
4469.0 0.4402814375150379
4470.0 0.4401493283379599
4471.0 0.44001820505026307
4472.0 0.4398870817625663
4473.0 0.43975694436425067
4474.0 0.4396268069659351
4475.0 0.43949765545700065
4476.0 0.4393685039480662
4477.0 0.4392403383285129
4478.0 0.43911217270895964
4479.0 0.43898499297878757
4480.0 0.4388578132486155
4481.0 0.43873063351844344
4482.0 0.43860542556703364
4483.0 0.43847923172624276
4484.0 0.43835402377483307
4485.0 0.4382298017128045
4486.0 0.43810557965077596
4487.0 0.4379823434781286
4488.0 0.4378591073054812
4489.0 0.4377358711328338
4490.0 0.4376136208495677
4491.0 0.43749235645568263
4492.0 0.43737109206179764
4493.0 0.43724982766791265
4494.0 0.4371295491634088
4495.0 0.4370102565482861
4496.0 0.43689096393316346
4497.0 0.43677167131804084
4498.0 0.43665336459229936
4499.0 0.4365350578665579
4500.0 0.43641675114081635
4501.0 0.4363865250535117
4502.0 0.4363552667676175
4503.0 0.43640403021103114
4504.0 0.4365158116440117
4505.0 0.4366390247989408
4506.0 0.43686551697559856
4507.0 0.4370918301136127
4508.0 0.4373251650793955
4509.0 0.4375618629885521
4510.0 0.4377976408041611
4511.0 0.43802314683507015
4512.0 0.4382494690964649
4513.0 0.4384721502937262
4514.0 0.4386946753279489
4515.0 0.4389406812046571
4516.0 0.4392324051375808
4517.0 0.4395249191651685
4518.0 0.43984478598580584
4519.0 0.4401663869241462
4520.0 0.4404651428040094
4521.0 0.4407369666242806
4522.0 0.44100890811875376
4523.0 0.4413111912186815
4524.0 0.4416132680866989
4525.0 0.44188439768961196
4526.0 0.44213240152608696
4527.0 0.4423746405201953
4528.0 0.44258704620865863
4529.0 0.4428003018613256
4530.0 0.442982520248616
4531.0 0.44314905961861567
4532.0 0.44328803410335266
4533.0 0.4433326479183717
4534.0 0.44337920794461555
4535.0 0.4433568403729295
4536.0 0.4433174749822074
4537.0 0.44326971524469194
4538.0 0.4432055366949737
4539.0 0.44314032773952317
4540.0 0.4430813940694332
4541.0 0.4430229609186144
4542.0 0.44290606760500634
4543.0 0.44272114651332634
4544.0 0.44253343489317015
4545.0 0.44222266757175455
4546.0 0.4419109871943259
4547.0 0.44162877145477936
4548.0 0.44136716925801583
4549.0 0.4410925785691241
4550.0 0.44073885382742545
4551.0 0.44038423792306436
4552.0 0.4399374236863053
4553.0 0.43945078271030213
4554.0 0.4389776538873827
4555.0 0.4385406705171526
4556.0 0.4381048457937283
4557.0 0.4376327905542876
4558.0 0.43715237303016474
4559.0 0.4367132086681876
4560.0 0.4363414238053454
4561.0 0.4359707632325427
4562.0 0.4355525209756532
4563.0 0.4351302763902269
4564.0 0.43465676622719956
4565.0 0.43412873852287714
4566.0 0.4336003421237508
4567.0 0.43308352873941947
4568.0 0.43256690404675713
4569.0 0.43210075522737346
4570.0 0.43166828969779203
4571.0 0.4312530904752442
4572.0 0.430934999649919
4573.0 0.43061700838061906
4574.0 0.43026773598109247
4575.0 0.4299043689178881
4576.0 0.42954693064719884
4577.0 0.42920165130771865
4578.0 0.4288574712038835
4579.0 0.4285714015545634
4580.0 0.42829814567487373
4581.0 0.4280018536034542
4582.0 0.4276705389712164
4583.0 0.4273393296820264
4584.0 0.4270284659555891
4585.0 0.42671899016153925
4586.0 0.4264628587637173
4587.0 0.4262622089591181
4588.0 0.4260564457160687
4589.0 0.4257527036107975
4590.0 0.42544905479818124
4591.0 0.4252023220703833
4592.0 0.4249919783770242
4593.0 0.42477597354480445
4594.0 0.42453790746437803
4595.0 0.4242999054280322
4596.0 0.4240841502479822
4597.0 0.4238784349147885
4598.0 0.42367123597754686
4599.0 0.4234636435739618
4600.0 0.4232551225724686
4601.0 0.4231139447831659
4602.0 0.4229856021564654
4603.0 0.4228400767502627
4604.0 0.42266768132862903
4605.0 0.42249434215504944
4606.0 0.4222977238903514
4607.0 0.42209889511397886
4608.0 0.42196048201451375
4609.0 0.4218810541039883
4610.0 0.4217955803137513
4611.0 0.42164713439979506
4612.0 0.42149871219245405
4613.0 0.42132271971219093
4614.0 0.4211304540472709
4615.0 0.4209446819040271
4616.0 0.4207883255742684
4617.0 0.4206310196371171
4618.0 0.4204621488197825
4619.0 0.42028694293642577
4620.0 0.4201386495064253
4621.0 0.4200537755995621
4622.0 0.41996791879368345
4623.0 0.41983064533198106
4624.0 0.4196843195190067
4625.0 0.4193990143675641
4626.0 0.4189161984157932
4627.0 0.4184316163581684
4628.0 0.41822989770972174
4629.0 0.4180389889841464
4630.0 0.4180777544930819
4631.0 0.41832836770954335
4632.0 0.4185543155287369
4633.0 0.4185106726810357
4634.0 0.41846505025631225
4635.0 0.41829497507235625
4636.0 0.41805032808284087
4637.0 0.417831986091097
4638.0 0.4177245428701942
4639.0 0.41761710120590595
4640.0 0.4175213954113357
4641.0 0.4174308952023721
4642.0 0.4173354838526989
4643.0 0.41723446859236385
4644.0 0.41713247606159587
4645.0 0.41697938391165257
4646.0 0.41681702468912785
4647.0 0.4166469690825694
4648.0 0.4164662810545899
4649.0 0.41628465647522894
4650.0 0.41617813319862085
4651.0 0.41607216619122556
4652.0 0.4159928686250113
4653.0 0.41593622634991023
4654.0 0.4158711099001179
4655.0 0.4157205952010144
4656.0 0.4155691273971301
4657.0 0.41544779356320966
4658.0 0.41534170074747834
4659.0 0.4152254416806255
4660.0 0.41506756936256495
4661.0 0.4149097214614775
4662.0 0.4147725022177074
4663.0 0.41464210810091934
4664.0 0.41450359411726473
4665.0 0.4143508675898404
4666.0 0.4141962145095022
4667.0 0.41407463685501
4668.0 0.4139575684468375
4669.0 0.4138261750395555
4670.0 0.4136793600271208
4671.0 0.4135315881882936
4672.0 0.41346009753990565
4673.0 0.41338837664054406
4674.0 0.4132701687717882
4675.0 0.4131147550972874
4676.0 0.41296158653036763
4677.0 0.4128274778243822
4678.0 0.41269240318722306
4679.0 0.4125776384059529
4680.0 0.4124733250319013
4681.0 0.41235502247879513
4682.0 0.41219062217284913
4683.0 0.4120252730753638
4684.0 0.4119221377465666
4685.0 0.4118378503577747
4686.0 0.41173947582351583
4687.0 0.41161059479552964
4688.0 0.41148268898535073
4689.0 0.4113094980335327
4690.0 0.4111298870134426
4691.0 0.41098423488691105
4692.0 0.41088004697459524
4693.0 0.41077389727502
4694.0 0.41061967697718316
4695.0 0.41046449924034883
4696.0 0.41033480754450036
4697.0 0.410225885636014
4698.0 0.4101124949830808
4699.0 0.4099735705273126
4700.0 0.4098346508712917
4701.0 0.4096627646954081
4702.0 0.409476601362957
4703.0 0.4093223250818848
4704.0 0.4092769472542927
4705.0 0.4092315110369763
4706.0 0.4091680825311742
4707.0 0.40909886767832127
4708.0 0.40898830769915084
4709.0 0.40879947457101884
4710.0 0.40861067643717336
4711.0 0.4084400340851781
4712.0 0.4082715350417049
4713.0 0.4081377943411513
4714.0 0.4080459579932601
4715.0 0.4079519580161574
4716.0 0.4077525139560333
4717.0 0.4075521373300326
4718.0 0.4073851944907334
4719.0 0.4072434521429476
4720.0 0.40710994552261437
4721.0 0.40703803670265354
4722.0 0.4069660798276359
4723.0 0.40683784228723163
4724.0 0.4066838034313731
4725.0 0.40652823088615725
4726.0 0.40636373160633055
4727.0 0.4061982735386649
4728.0 0.4060843993583779
4729.0 0.40598217483328225
4730.0 0.4058719633453424
4731.0 0.4057493169088153
4732.0 0.4056266543816684
4733.0 0.4054709595298409
4734.0 0.40531307785479015
4735.0 0.4051615938361288
4736.0 0.40501743911634963
4737.0 0.4048745777049344
4738.0 0.40477358393938284
4739.0 0.4046725566645966
4740.0 0.4045342644082037
4741.0 0.4043717529862968
4742.0 0.4042103298603438
4743.0 0.40406846982340283
4744.0 0.4039266052158705
4745.0 0.4037978186285692
4746.0 0.4036750392424872
4747.0 0.40353956109899125
4748.0 0.4033717452419563
4749.0 0.4032029688244356
4750.0 0.4030373489792533
4751.0 0.402872477611052
4752.0 0.40271959314365136
4753.0 0.4025870945261827
4754.0 0.4024536084264671
4755.0 0.40231107290623636
4756.0 0.4021678511132524
4757.0 0.4020613494652335
4758.0 0.4019915821929166
4759.0 0.4019196242674585
4760.0 0.4017731540722171
4761.0 0.4016266803824893
4762.0 0.40147746573509285
4763.0 0.4013280493304844
4764.0 0.40118163558657655
4765.0 0.40105707399956986
4766.0 0.40093151727825277
4767.0 0.40079934737531925
4768.0 0.40066309788488846
4769.0 0.40052108797755204
4770.0 0.4003645096319951
4771.0 0.40020696017910706
4772.0 0.4000412047955804
4773.0 0.39987260471934455
4774.0 0.39971341479763906
4775.0 0.3995669926813879
4776.0 0.3994215413608255
4777.0 0.39934664952320165
4778.0 0.39927620232018096
4779.0 0.3991834185977298
4780.0 0.3990683236723035
4781.0 0.39895012324940515
4782.0 0.3987744116100915
4783.0 0.3985977434371647
4784.0 0.3984624402131612
4785.0 0.39835292631469177
4786.0 0.39823566118592396
4787.0 0.3980806912343198
4788.0 0.39792670071176434
4789.0 0.39779692724683685
4790.0 0.3976774274199547
4791.0 0.397566465456688
4792.0 0.397478454754928
4793.0 0.3973894225745998
4794.0 0.3972518337934882
4795.0 0.39710481419816546
4796.0 0.39697465137461996
4797.0 0.3968673123416621
4798.0 0.3967609192590097
4799.0 0.3967088066333908
4800.0 0.3966584531445213
4801.0 0.3965945767812837
4802.0 0.39651775975093356
4803.0 0.39643572729419446
4804.0 0.39629901573220283
4805.0 0.39616327531401324
4806.0 0.3960615582882296
4807.0 0.3959822353560046
4808.0 0.39591541036818156
4809.0 0.395901207144171
4810.0 0.3958869097520289
4811.0 0.3958577938672222
4812.0 0.3958230803500281
4813.0 0.39576099938022513
4814.0 0.3956371672778156
4815.0 0.39551234321996837
4816.0 0.3954258375751649
4817.0 0.39534588200402593
4818.0 0.39527525232096294
4819.0 0.3952166416521431
4820.0 0.3951589536652402
4821.0 0.39512194254777133
4822.0 0.39508648145056774
4823.0 0.39504600098632936
4824.0 0.39500186830377615
4825.0 0.39495659112060444
4826.0 0.39489982040935423
4827.0 0.3948439767525036
4828.0 0.3947861117568975
4829.0 0.39472960393890116
4830.0 0.394679936968471
4831.0 0.39466574563408036
4832.0 0.39465147336342593
4833.0 0.3945959173546849
4834.0 0.39452854612681676
4835.0 0.39444709282920937
4836.0 0.3943375403522087
4837.0 0.39422895691384063
4838.0 0.3941199852310204
4839.0 0.39400981295633847
4840.0 0.3938840733371866
4841.0 0.39373414282097924
4842.0 0.39358521001158375
4843.0 0.39346699308023375
4844.0 0.3933503802103719
4845.0 0.3932245142837921
4846.0 0.39309175762831083
4847.0 0.3929522822901063
4848.0 0.3927349145716691
4849.0 0.3925185891234667
4850.0 0.392325851320165
4851.0 0.3921468057811806
4852.0 0.3919581140608499
4853.0 0.39173403738624174
4854.0 0.39151100677548495
4855.0 0.39127293680989345
4856.0 0.3910311534092274
4857.0 0.39080836866045116
4858.0 0.39062376301708607
4859.0 0.3904391974000469
4860.0 0.39022813935868733
4861.0 0.3900143677116185
4862.0 0.38979088750424024
4863.0 0.3895537970589502
4864.0 0.3893167786988268
4865.0 0.3891109761198282
4866.0 0.38890651131889353
4867.0 0.38870721762030086
4868.0 0.3885131393133908
4869.0 0.3883231940235836
4870.0 0.3881673205915173
4871.0 0.38801147261759505
4872.0 0.3878503836647727
4873.0 0.38768708569749993
4874.0 0.3875145382811792
4875.0 0.38730913463595656
4876.0 0.38710476293314244
4877.0 0.3869518378931215
4878.0 0.3868131538626654
4879.0 0.38666806472200715
4880.0 0.38651093793915525
4881.0 0.38635481622850887
4882.0 0.38616542095391476
4883.0 0.38597293350591716
4884.0 0.38581084323585585
4885.0 0.385689014003213
4886.0 0.38556745846942103
4887.0 0.38547202884958387
4888.0 0.38537757144862167
4889.0 0.3852438245094027
4890.0 0.3850802117462305
4891.0 0.38491839890640867
4892.0 0.3847695738818449
4893.0 0.38462174974606994
4894.0 0.3845118427320362
4895.0 0.38442074361031603
4896.0 0.3843196966170319
4897.0 0.38419058765080233
4898.0 0.3840605185833779
4899.0 0.3839046603028088
4900.0 0.3837426898000333
4901.0 0.38361227387169844
4902.0 0.38354318608742055
4903.0 0.3834740838318163
4904.0 0.3833854195337892
4905.0 0.3832955548776785
4906.0 0.3831908864319074
4907.0 0.38306885205241353
4908.0 0.38294736589547984
4909.0 0.38280433672768144
4910.0 0.38266133124886587
4911.0 0.38254718354720685
4912.0 0.38245391976979276
4913.0 0.3823637833083593
4914.0 0.3822955507608346
