calculator/instruments/lris/plaintext_files/blue_D500_600-4000.txt
# %ECSV 1.0
# ---
# datatype:
# - {name: WAV, unit: Angstrom, datatype: float32}
# - {name: EFF, datatype: float64}
# meta: !!omap
# - {GRISM: 600/4000}
# - {DICHROIC: D500}
# schema: astropy-2.0
WAV EFF
[from data line 1208]
4408.0 0.4712060418174343
4409.0 0.47116692451544606
4410.0 0.4711278072134578
4411.0 0.4710886899114696
4412.0 0.47104957260948144
4413.0 0.4710114332400429
4414.0 0.47097231593805466
4415.0 0.4709331986360665
4416.0 0.4708940813340783
4417.0 0.47085594196463976
4418.0 0.47081682466265157
4419.0 0.4707777073606634
4420.0 0.47073761212612547
4421.0 0.4706984948241373
4422.0 0.47065937752214904
4423.0 0.47062026022016085
4424.0 0.4705801649856229
4425.0 0.4705410476836347
4426.0 0.4705009524490968
4427.0 0.4704608572145588
4428.0 0.470420761980021
4429.0 0.470380666745483
4430.0 0.47033959357839544
4431.0 0.4702994983438575
4432.0 0.4702584251767699
4433.0 0.47021637407713257
4434.0 0.47017530091004495
4435.0 0.47013422774295727
4436.0 0.47009217664332
4437.0 0.47005012554368264
4438.0 0.47000709651149564
4439.0 0.4699650454118583
4440.0 0.4699220163796713
4441.0 0.46987898734748423
4442.0 0.4698349803827475
4443.0 0.46979097341801074
4444.0 0.469746966453274
4445.0 0.4697029594885373
4446.0 0.46965797459125086
4447.0 0.4696129896939644
4448.0 0.46956800479667793
4449.0 0.46952204196684183
4450.0 0.4694760791370057
4451.0 0.4694291383746198
4452.0 0.469382197612234
4453.0 0.4693352568498481
4454.0 0.4692883160874623
4455.0 0.4692403973925267
4456.0 0.4691924786975911
4457.0 0.46914358207010587
4458.0 0.4690946854426206
4459.0 0.46904481088258565
4460.0 0.46899591425510034
4461.0 0.46894603969506543
4462.0 0.46889518720248075
4463.0 0.46884433470989606
4464.0 0.46879348221731143
4465.0 0.468741651792177
4466.0 0.4686898213670427
4467.0 0.46863701300935856
4468.0 0.46858420465167444
4469.0 0.4685313962939904
4470.0 0.4684776100037566
4471.0 0.46842382371352276
4472.0 0.46836905949073926
4473.0 0.46831429526795576
4474.0 0.4682585531126226
4475.0 0.46820281095728944
4476.0 0.4681460908694065
4477.0 0.46808937078152363
4478.0 0.4680326506936407
4479.0 0.4679739747406584
4480.0 0.46791627672022573
4481.0 0.4678576007672434
4482.0 0.46779794688171145
4483.0 0.4677382929961794
4484.0 0.4676776611780977
4485.0 0.467617029360016
4486.0 0.4675554196093845
4487.0 0.4674928319262034
4488.0 0.46743024424302226
4489.0 0.46736667862729137
4490.0 0.4673040909441103
4491.0 0.46723954739582974
4492.0 0.46717402591499946
4493.0 0.46710948236671895
4494.0 0.46704298295333896
4495.0 0.466976483539959
4496.0 0.466909984126579
4497.0 0.46684250678064937
4498.0 0.46677405150217
4499.0 0.4667055962236907
4500.0 0.46663616301266153
4501.0 0.46682197311025486
4502.0 0.467006728236058
4503.0 0.4671597501191696
4504.0 0.4672886038780104
4505.0 0.4674153374900829
4506.0 0.4675233939479269
4507.0 0.46763237434374544
4508.0 0.4679615971030857
4509.0 0.46840014577234446
4510.0 0.46881062941330426
4511.0 0.46912657952090725
4512.0 0.46944141733072897
4513.0 0.46963134642082244
4514.0 0.4697859993874682
4515.0 0.4699820609544673
4516.0 0.4702594748673887
4517.0 0.4705367689723928
4518.0 0.47090382217522536
4519.0 0.471280817907153
4520.0 0.4716496494459068
4521.0 0.47201009002355526
4522.0 0.4723693679583372
4523.0 0.4727268272783963
4524.0 0.4730831376492849
4525.0 0.4733538014519531
4526.0 0.4735588614348529
4527.0 0.4737739639288934
4528.0 0.47405684829792966
4529.0 0.4743376033374001
4530.0 0.47462175449736005
4531.0 0.47490596209144426
4532.0 0.4751116204462598
4533.0 0.47506790744955235
4534.0 0.47502417799283586
4535.0 0.4750206292393053
4536.0 0.47502734606903624
4537.0 0.47498824811893414
4538.0 0.47486312790539553
4539.0 0.4747370193936065
4540.0 0.474594457430336
4541.0 0.4744491867152729
4542.0 0.47429059565089005
4543.0 0.4741159880954528
4544.0 0.4739394826508646
4545.0 0.47369962024489437
4546.0 0.4734608157392989
4547.0 0.4732438990106268
4548.0 0.47304356026960276
4549.0 0.47281805271654903
4550.0 0.4724438992682473
4551.0 0.47206985719612543
4552.0 0.4716026238741868
4553.0 0.4710959888987394
4554.0 0.4705618797962968
4555.0 0.46994504498588796
4556.0 0.46932742669422545
4557.0 0.46877019053284025
4558.0 0.4682272531867038
4559.0 0.4677696496861887
4560.0 0.4674561620123882
4561.0 0.4671427636819182
4562.0 0.4667588407458167
4563.0 0.4663688971061846
4564.0 0.46589813283833803
4565.0 0.4653409256323843
4566.0 0.46478338352139426
4567.0 0.4641877772701016
4568.0 0.4635933639938374
4569.0 0.46304318696399477
4570.0 0.46252418374523985
4571.0 0.46203098020560984
4572.0 0.46168867209390946
4573.0 0.4613464670861833
4574.0 0.46103340576465346
4575.0 0.4607322944809762
4576.0 0.4603929717546917
4577.0 0.4599502281753326
4578.0 0.45950763019016716
4579.0 0.45918194614414515
4580.0 0.4588819851948191
4581.0 0.4586064723938762
4582.0 0.4583717515190713
4583.0 0.45813611340243954
4584.0 0.45774555649371335
4585.0 0.4573441963736848
4586.0 0.45698522302288935
4587.0 0.4566693206981935
4588.0 0.45635581834887284
4589.0 0.4560872200756782
4590.0 0.45581772211563737
4591.0 0.4555693625296555
4592.0 0.4553348822591013
4593.0 0.455103674023447
4594.0 0.4548939215794079
4595.0 0.4546842168822521
4596.0 0.4544649769076809
4597.0 0.45424303241937725
4598.0 0.454026059257864
4599.0 0.4538227514890054
4600.0 0.45361948876118374
4601.0 0.45348873626656494
4602.0 0.4533717998258343
4603.0 0.4532377100917994
4604.0 0.45307625100633475
4605.0 0.45291482037377934
4606.0 0.4527420794527397
4607.0 0.45256974292031316
4608.0 0.45244363584192404
4609.0 0.4523628880166592
4610.0 0.4522796754344498
4611.0 0.45215789273295504
4612.0 0.45203709131053976
4613.0 0.45186819028574515
4614.0 0.4516692447942111
4615.0 0.4514752567967412
4616.0 0.45129928871096303
4617.0 0.4511233548593922
4618.0 0.45097164564306946
4619.0 0.45082681379146444
4620.0 0.45069589748613026
4621.0 0.45059760687352873
4622.0 0.45049932242462837
4623.0 0.4503779541138338
4624.0 0.4502533221975503
4625.0 0.4501451039907153
4626.0 0.45006048857339215
4627.0 0.44997684119578407
4628.0 0.44985864453823227
4629.0 0.4497409543291189
4630.0 0.44961793114753346
4631.0 0.4494918460232814
4632.0 0.4493658276759089
4633.0 0.44922929664020905
4634.0 0.4490937515177899
4635.0 0.4490141546926942
4636.0 0.4489683662354072
4637.0 0.44892453075169586
4638.0 0.4488849335625325
4639.0 0.44884532578531044
4640.0 0.4487720371412499
4641.0 0.44868720558861575
4642.0 0.4485879347154391
4643.0 0.4484553458792216
4644.0 0.4483227765942629
4645.0 0.4481868770048418
4646.0 0.44805029568100724
4647.0 0.4479442346632402
4648.0 0.4478812619470102
4649.0 0.44781925277409157
4650.0 0.44774470926257137
4651.0 0.4476699123824088
4652.0 0.447604227819162
4653.0 0.44754576514568206
4654.0 0.44747663110133984
4655.0 0.4472898807388635
4656.0 0.4471041300281414
4657.0 0.447050257718381
4658.0 0.4470683298085768
4659.0 0.4470736882264603
4660.0 0.44703405803617047
4661.0 0.44699345693227843
4662.0 0.44686438977124626
4663.0 0.44670807018614245
4664.0 0.4465804837604932
4665.0 0.4465169228876485
4666.0 0.4464543270788408
4667.0 0.44640691515947006
4668.0 0.4463615700758664
4669.0 0.44628175919693736
4670.0 0.4461572418865781
4671.0 0.4460327418964294
4672.0 0.4459583099496547
4673.0 0.44588438761997173
4674.0 0.4458187705415884
4675.0 0.44575915797488946
4676.0 0.4457015073821198
4677.0 0.4456615080684132
4678.0 0.44562246814557144
4679.0 0.44556691190233877
4680.0 0.44550285034555703
4681.0 0.4454421224324294
4682.0 0.44539320677288136
4683.0 0.44534525311448586
4684.0 0.44525044999942803
4685.0 0.445142916730789
4686.0 0.4450317840190534
4687.0 0.44491333181650333
4688.0 0.44479489533004163
4689.0 0.4446947573368213
4690.0 0.44459688985050594
4691.0 0.4445347187010526
4692.0 0.4445161596109936
4693.0 0.4444985545527579
4694.0 0.44437342496031024
4695.0 0.444249275892045
4696.0 0.4441607181944317
4697.0 0.4441008729246269
4698.0 0.4440428717087904
4699.0 0.44399036097078287
4700.0 0.44393784939122594
4701.0 0.4438280314890186
4702.0 0.44369096837502736
4703.0 0.4435769048458101
4704.0 0.44354299894328275
4705.0 0.4435090875205566
4706.0 0.4434670711806192
4707.0 0.4434228986269766
4708.0 0.4433520097580441
4709.0 0.44323210707300364
4710.0 0.44311222052728644
4711.0 0.44299769000134676
4712.0 0.4428838744322459
4713.0 0.4428039877616581
4714.0 0.4427639143249671
4715.0 0.4427225404915302
4716.0 0.4426176611759834
4717.0 0.44251183218011897
4718.0 0.44237440223580604
4719.0 0.44221410904269765
4720.0 0.4420628101212513
4721.0 0.4419779755404486
4722.0 0.44189218674634667
4723.0 0.4418011200854819
4724.0 0.44170629504578096
4725.0 0.44161769023676617
4726.0 0.44154875774900615
4727.0 0.4414798279980251
4728.0 0.4414177479120002
4729.0 0.4413576202222475
4730.0 0.4412731899052032
4731.0 0.44114556719947956
4732.0 0.4410179628702949
4733.0 0.44088083283740154
4734.0 0.4407428750279402
4735.0 0.44060213646059615
4736.0 0.44045826063386345
4737.0 0.4403172140385522
4738.0 0.44026595535040736
4739.0 0.440215653682044
4740.0 0.4401157777513034
4741.0 0.43998472248535536
4742.0 0.439857697788763
4743.0 0.43976807347675045
4744.0 0.4396774976867554
4745.0 0.4395560032546569
4746.0 0.43942127320283764
4747.0 0.43929403222674235
4748.0 0.43918710442902165
4749.0 0.439081147945665
4750.0 0.43901519143409545
4751.0 0.4389588389818347
4752.0 0.43886364045130777
4753.0 0.4386987715570452
4754.0 0.4385348903615923
4755.0 0.43838352904006783
4756.0 0.4382331331740992
4757.0 0.4381020581897668
4758.0 0.4379938983759137
4759.0 0.43788361872954557
4760.0 0.43774514964905864
4761.0 0.43760765953011277
4762.0 0.4374691816649236
4763.0 0.4373306908124007
4764.0 0.4371904271584383
4765.0 0.4370407655360874
4766.0 0.43689208532316826
4767.0 0.4367334947855711
4768.0 0.4365712650692405
4769.0 0.43641191828409226
4770.0 0.436256775940336
4771.0 0.43610261562086444
4772.0 0.43596632913963157
4773.0 0.4358327638493379
4774.0 0.43569466619381775
4775.0 0.4355476054505358
4776.0 0.435400569022246
4777.0 0.43531280855947385
4778.0 0.4352287760078956
4779.0 0.43510478079014275
4780.0 0.4349437021910211
4781.0 0.43477737824037466
4782.0 0.43452902205597504
4783.0 0.4342816719593111
4784.0 0.43409926512220504
4785.0 0.4339568126325703
4786.0 0.4338221110475661
4787.0 0.4337214591607245
4788.0 0.4336198664610781
4789.0 0.43344678845488643
4790.0 0.4332469489978146
4791.0 0.4330616949856662
4792.0 0.43291143106120433
4793.0 0.4327621427542336
4794.0 0.4326235812811732
4795.0 0.4324891618602716
4796.0 0.43232886565050743
4797.0 0.43213213153233204
4798.0 0.4319354339047251
4799.0 0.4318234151229292
4800.0 0.4317158151955739
4801.0 0.4315763308385802
4802.0 0.43140531279364847
4803.0 0.43123418799973484
4804.0 0.43106223352732853
4805.0 0.4308903083380886
4806.0 0.4307490472907381
4807.0 0.4306260008016187
4808.0 0.43050377173693233
4809.0 0.4303861523998572
4810.0 0.4302685488616167
4811.0 0.43014099080868295
4812.0 0.43000961534366267
4813.0 0.42987463493335365
4814.0 0.4297290101760947
4815.0 0.42958340750186735
4816.0 0.4293851419622923
4817.0 0.4291783926589089
4818.0 0.4289839421720207
4819.0 0.4288071699085527
4820.0 0.42863137108557636
4821.0 0.4284925665688487
4822.0 0.4283558696945719
4823.0 0.4282103998736136
4824.0 0.42805596433058385
4825.0 0.42790175356022053
4826.0 0.4277508313811953
4827.0 0.42759993101948984
4828.0 0.42743061427001494
4829.0 0.4272504218262855
4830.0 0.42707263824503794
4831.0 0.4269019577221237
4832.0 0.42673130190219377
4833.0 0.42649282919465464
4834.0 0.4262327232770251
4835.0 0.4259764155421251
4836.0 0.42572641640502346
4837.0 0.42547645554951213
4838.0 0.42519440510537687
4839.0 0.42490637760425937
4840.0 0.4246257045251498
4841.0 0.4243516393008797
4842.0 0.4240794886460159
4843.0 0.4237860479975069
4844.0 0.42349221440910073
4845.0 0.4231592760299029
4846.0 0.422792243813787
4847.0 0.4224201379501593
4848.0 0.4219877462654633
4849.0 0.4215554147942334
4850.0 0.42117590375503994
4851.0 0.42082434966820553
4852.0 0.42046011646241643
4853.0 0.4200499190879959
4854.0 0.4196388461340112
4855.0 0.4191834099778995
4856.0 0.4187124936302003
4857.0 0.4182652671037088
4858.0 0.4178672637262964
4859.0 0.41746930796256027
4860.0 0.4169962046276825
4861.0 0.41651369900986224
4862.0 0.4160059438216177
4863.0 0.4154681353962965
4864.0 0.414931306281109
4865.0 0.4145112835373864
4866.0 0.4140934018496023
4867.0 0.4136978819234188
4868.0 0.41332066244925886
4869.0 0.4129386421303445
4870.0 0.4125101079585247
4871.0 0.41208252905407455
4872.0 0.4116140280348787
4873.0 0.41112538128636295
4874.0 0.41064061740864216
4875.0 0.41017454353335164
4876.0 0.4097076041789811
4877.0 0.4093692837709188
4878.0 0.40906700068298785
4879.0 0.4087206297099602
4880.0 0.40828198498221596
4881.0 0.4078451855199691
4882.0 0.4073866569275516
4883.0 0.4069264901480491
4884.0 0.40651096520861996
4885.0 0.40614908866635496
4886.0 0.4057883106170525
4887.0 0.40535444600456283
4888.0 0.4049215133817055
4889.0 0.40446700358291393
4890.0 0.40399554981055863
4891.0 0.403534565589768
4892.0 0.4031501242278424
4893.0 0.4027657122431375
4894.0 0.4024221664044633
4895.0 0.4020987541262939
4896.0 0.40175349515945713
4897.0 0.4013380289039376
4898.0 0.4009225945116765
4899.0 0.4005184928047319
4900.0 0.4001163017089147
4901.0 0.3997038374710919
4902.0 0.3992722697163539
4903.0 0.3988407351220875
4904.0 0.39849149095304043
4905.0 0.39815053020453095
4906.0 0.3977748495115352
4907.0 0.39735649298466286
4908.0 0.3969380677196199
4909.0 0.3965137716864483
4910.0 0.396090389843982
4911.0 0.3957080857191387
4912.0 0.39535616895038406
4913.0 0.39499911386317177
4914.0 0.3946133673441055
4915.0 0.39422678084034457
4916.0 0.393865868490521
4917.0 0.39351650758038714
4918.0 0.39313894476939787
4919.0 0.3926793361915326
4920.0 0.39221890249534724
4921.0 0.3917766375867099
4922.0 0.3913391667990689
4923.0 0.3909202290056022
4924.0 0.39053574218459386
4925.0 0.39015043149503265
4926.0 0.38973718392438556
4927.0 0.3893216269737346
4928.0 0.3888878916356967
4929.0 0.38843376745097696
4930.0 0.3879784608880389
4931.0 0.3875101218341031
4932.0 0.3870409862676926
4933.0 0.38656204959362694
4934.0 0.3860754665164809
4935.0 0.3856039622590485
4936.0 0.3852207154910654
4937.0 0.384837526489819
4938.0 0.3845052501570472
4939.0 0.3841955504346173
4940.0 0.3838298021831552
4941.0 0.3833051917251351
4942.0 0.3827806724761124
4943.0 0.3822595070193774
4944.0 0.38173867684122365
4945.0 0.38123867579227727
4946.0 0.38077695329086825
4947.0 0.38031362825408593
4948.0 0.37983741269410143
4949.0 0.37935778458018055
4950.0 0.37889501400860714
4951.0 0.3784472543010261
4952.0 0.3779967797407862
4953.0 0.37747805956761477
4954.0 0.3769569411451148
4955.0 0.37644656109125096
4956.0 0.3759417044040906
4957.0 0.37542443666138964
4958.0 0.37484944120692554
4959.0 0.3742729279548293
4960.0 0.37378366124149753
4961.0 0.37332788059570887
4962.0 0.3728327238238574
4963.0 0.3722368392532208
4964.0 0.3716402986666735
4965.0 0.3710383340048884
4966.0 0.37043508780673673
4967.0 0.3698546553258542
4968.0 0.36930943193387117
4969.0 0.36876191264235303
4970.0 0.3681575025992366
4971.0 0.3675488836936846
4972.0 0.36692641064207226
4973.0 0.3662892806517266
4974.0 0.3656506655118629
4975.0 0.36498302514284203
4976.0 0.36431400348857906
4977.0 0.3636337505631786
4978.0 0.36294450306969844
4979.0 0.3622681542869016
4980.0 0.36165605346908836
4981.0 0.36104257988493454
4982.0 0.360392419490138
4983.0 0.35972785675961216
4984.0 0.35905774302021476
4985.0 0.35837677584816796
4986.0 0.35769370087611996
4987.0 0.35691273528013534
4988.0 0.35611293552786105
4989.0 0.35533141173273974
4990.0 0.3545798942532501
4991.0 0.35382635304270654
4992.0 0.3530499260949713
4993.0 0.3522721888465506
4994.0 0.35143483463817315
4995.0 0.3505417614276276
4996.0 0.3496450722239289
4997.0 0.34872515205982874
4998.0 0.3478033819799158
4999.0 0.346903997587834
5000.0 0.3460160787582441
5001.0 0.34512115256000303
5002.0 0.34419377020746406
5003.0 0.343265378089161
5004.0 0.3423867815466008
5005.0 0.34152472958585367
5006.0 0.3406156253565162
5007.0 0.3396007393359346
5008.0 0.33858495308204795
5009.0 0.3375749235310979
5010.0 0.3365658534158389
5011.0 0.3355673861427723
5012.0 0.3345864048130009
5013.0 0.33360455147891754
