calculator/instruments/lris/plaintext_files/blue_D500_400-3400.txt
# %ECSV 1.0
# ---
# datatype:
# - {name: WAV, unit: Angstrom, datatype: float32}
# - {name: EFF, datatype: float64}
# meta: !!omap
# - {GRISM: 400/3400}
# - {DICHROIC: D500}
# schema: astropy-2.0
WAV EFF
[from data line 1209]
4309.0 0.462855475775501
4310.0 0.46268238171420323
4311.0 0.46250928765290533
4312.0 0.46233521565905783
4313.0 0.46216212159776
4314.0 0.4619880496039125
4315.0 0.4618129996775152
4316.0 0.461637949751118
4317.0 0.4614628998247208
4318.0 0.4612878498983235
4319.0 0.46111182203937656
4320.0 0.4609357941804296
4321.0 0.46075976632148263
4322.0 0.4605837384625357
4323.0 0.46040673267103904
4324.0 0.4602297268795424
4325.0 0.4600527210880458
4326.0 0.4598757152965491
4327.0 0.4596987095050524
4328.0 0.45952072578100606
4329.0 0.4593437199895094
4330.0 0.4591657362654631
4331.0 0.4589877525414167
4332.0 0.45880976881737034
4333.0 0.458631785093324
4334.0 0.45845380136927766
4335.0 0.45827483971268157
4336.0 0.45809685598863525
4337.0 0.4579178943320391
4338.0 0.4577399106079928
4339.0 0.45756094895139676
4340.0 0.4573829652273504
4341.0 0.45720400357075436
4342.0 0.4570250419141582
4343.0 0.4568460802575622
4344.0 0.45666809653351587
4345.0 0.4564891348769198
4346.0 0.4563111511528734
4347.0 0.4561321894962773
4348.0 0.455954205772231
4349.0 0.4557752441156349
4350.0 0.4555972603915886
4351.0 0.4554182987349925
4352.0 0.45524031501094614
4353.0 0.45506233128689977
4354.0 0.4548843475628534
4355.0 0.45470734177135674
4356.0 0.4545293580473104
4357.0 0.45435137432326406
4358.0 0.4541743685317674
4359.0 0.45399736274027075
4360.0 0.4538203569487741
4361.0 0.45364335115727744
4362.0 0.4534663453657808
4363.0 0.45329031750683385
4364.0 0.45311331171533725
4365.0 0.45293728385639026
4366.0 0.4527612559974433
4367.0 0.4525862060710461
4368.0 0.4524111561446488
4369.0 0.4522351282857019
4370.0 0.45206105629185434
4371.0 0.4518860063654571
4372.0 0.45171095643905984
4373.0 0.451537862377762
4374.0 0.45136379038391444
4375.0 0.45118971839006694
4376.0 0.4510166243287691
4377.0 0.4508435302674713
4378.0 0.4506704362061735
4379.0 0.45049832007742535
4380.0 0.45032620394867723
4381.0 0.4501550657524788
4382.0 0.44998294962373064
4383.0 0.44981181142753224
4384.0 0.4496416511638835
4385.0 0.4494705129676851
4386.0 0.4493013306365861
4387.0 0.44913117037293737
4388.0 0.44896198804183834
4389.0 0.4487928057107393
4390.0 0.44862362337964035
4391.0 0.44845541898109104
4392.0 0.4482881925150914
4393.0 0.4481199881165421
4394.0 0.44795276165054254
4395.0 0.4477865131170926
4396.0 0.44762026458364274
4397.0 0.4474540160501928
4398.0 0.44728874544929265
4399.0 0.44712347484839243
4400.0 0.4469582042474923
4401.0 0.4467939115791418
4402.0 0.4466296189107913
4403.0 0.4464663041749905
4404.0 0.4463029894391897
4405.0 0.44614065263593866
4406.0 0.4459783158326876
4407.0 0.44581597902943654
4408.0 0.44565462015873514
4409.0 0.44549423922058345
4410.0 0.4453338582824318
4411.0 0.44517347734428014
4412.0 0.44501407433867823
4413.0 0.44485467133307627
4414.0 0.444696246260024
4415.0 0.44453782118697177
4416.0 0.4443803740464692
4417.0 0.44422292690596665
4418.0 0.44406645769801384
4419.0 0.44390998849006097
4420.0 0.4437535192821081
4421.0 0.44359900593925466
4422.0 0.44344351466385157
4423.0 0.4432890013209981
4424.0 0.4431354659106944
4425.0 0.44298193050039064
4426.0 0.4428283950900869
4427.0 0.44267681554488264
4428.0 0.44252425806712864
4429.0 0.4423726785219243
4430.0 0.4422220769092697
4431.0 0.44207147529661506
4432.0 0.4419218516165102
4433.0 0.44177222793640525
4434.0 0.44162358218885006
4435.0 0.4414749364412948
4436.0 0.44132629069373963
4437.0 0.4411796008112839
4438.0 0.4410329109288281
4439.0 0.44088622104637226
4440.0 0.44074050909646617
4441.0 0.44059479714656014
4442.0 0.44044908519665404
4443.0 0.4403053291118474
4444.0 0.4401615730270407
4445.0 0.440017816942234
4446.0 0.4398750387899771
4447.0 0.4397332385702698
4448.0 0.43959046041801286
4449.0 0.43944963813085525
4450.0 0.43930881584369774
4451.0 0.4391679935565401
4452.0 0.4390281492019323
4453.0 0.43888928277987416
4454.0 0.43875041635781603
4455.0 0.43861252786830757
4456.0 0.43847463937879916
4457.0 0.4383367508892907
4458.0 0.43819984033233195
4459.0 0.4380639077079229
4460.0 0.43792797508351383
4461.0 0.4377930203916546
4462.0 0.4376580656997952
4463.0 0.4375231110079359
4464.0 0.43739011218117596
4465.0 0.4372571133544161
4466.0 0.43712411452765615
4467.0 0.43699111570089627
4468.0 0.436859094806686
4469.0 0.4367280518450255
4470.0 0.436597008883365
4471.0 0.4364669438542542
4472.0 0.4363368788251434
4473.0 0.4362077917285823
4474.0 0.43607870463202125
4475.0 0.43595059546800985
4476.0 0.43582248630399845
4477.0 0.43569535507253676
4478.0 0.4355682238410751
4479.0 0.4354420705421631
4480.0 0.43531591724325114
4481.0 0.43518976394433917
4482.0 0.4350655665105265
4483.0 0.43494039114416433
4484.0 0.43481619371035174
4485.0 0.43469297420908887
4486.0 0.434569754707826
4487.0 0.43444751313911284
4488.0 0.4343252715703997
4489.0 0.43420303000168653
4490.0 0.4340817663655231
4491.0 0.4339614806619093
4492.0 0.4338411949582956
4493.0 0.4337209092546818
4494.0 0.4336016014836178
4495.0 0.4334832716451035
4496.0 0.4333649418065891
4497.0 0.4332466119680748
4498.0 0.43312926006211017
4499.0 0.4330119081561455
4500.0 0.43289455625018086
4501.0 0.4330159194501677
4502.0 0.43313617738886007
4503.0 0.43322883898880316
4504.0 0.4333000229355186
4505.0 0.433368219415637
4506.0 0.4334228390113543
4507.0 0.43347737024140065
4508.0 0.4337378199214832
4509.0 0.43409951243618455
4510.0 0.4344370676574308
4511.0 0.43468686820392155
4512.0 0.43493746527165456
4513.0 0.4350722767112535
4514.0 0.43517535093096976
4515.0 0.4353176543176464
4516.0 0.4355361721641203
4517.0 0.4357555095600386
4518.0 0.43605981347506606
4519.0 0.4363722651379648
4520.0 0.4366789965741352
4521.0 0.43697888597332435
4522.0 0.4372785554417085
4523.0 0.4375764798954609
4524.0 0.437874200762542
4525.0 0.4380935914476862
4526.0 0.43825414192586304
4527.0 0.438422952501764
4528.0 0.4386554428122713
4529.0 0.4388887647907489
4530.0 0.4391242629754392
4531.0 0.4393596957199709
4532.0 0.43952442217636833
4533.0 0.4394583627870292
4534.0 0.4393942858506362
4535.0 0.4393672942275904
4536.0 0.43934978863340673
4537.0 0.43929090367437323
4538.0 0.43915438867921236
4539.0 0.4390168874509039
4540.0 0.4388642499562021
4541.0 0.43871003827379884
4542.0 0.4385445159358613
4543.0 0.43836411475455567
4544.0 0.4381829663274993
4545.0 0.4379451752876424
4546.0 0.43770644726054747
4547.0 0.4374898888023785
4548.0 0.4372886636809315
4549.0 0.43706510414281496
4550.0 0.4367051508498949
4551.0 0.4363443189445579
4552.0 0.43589928872256717
4553.0 0.43541786168993113
4554.0 0.4349120607237538
4555.0 0.43432883159219937
4556.0 0.4337468192090813
4557.0 0.43322063476543055
4558.0 0.43270768649945157
4559.0 0.43227460882774293
4560.0 0.4319746487479787
4561.0 0.4316757706433714
4562.0 0.43131173241669585
4563.0 0.43094214226993716
4564.0 0.43049879693606286
4565.0 0.42997657848024573
4566.0 0.42945216828954735
4567.0 0.4288954113113812
4568.0 0.4283388614217231
4569.0 0.4278241068906097
4570.0 0.42733725999409466
4571.0 0.4268751694410862
4572.0 0.42655250161924996
4573.0 0.4262299358599337
4574.0 0.42593528141976755
4575.0 0.4256506930737682
4576.0 0.42533178765385327
4577.0 0.42491636642427605
4578.0 0.4245020664722111
4579.0 0.4241957806598431
4580.0 0.42391326313650135
4581.0 0.42365235936435364
4582.0 0.42342921721939203
4583.0 0.4232061325024811
4584.0 0.4228390453743217
4585.0 0.4224628868398003
4586.0 0.42212498980508745
4587.0 0.4218268848839363
4588.0 0.4215310028815832
4589.0 0.42127570577931583
4590.0 0.42102048073589127
4591.0 0.4207838876358993
4592.0 0.4205592217808993
4593.0 0.4203375088622019
4594.0 0.42013569138300355
4595.0 0.419933922148052
4596.0 0.4197223806512831
4597.0 0.41950842063161375
4598.0 0.4192980873195747
4599.0 0.41910045348407465
4600.0 0.41890189709279685
4601.0 0.41877030502273765
4602.0 0.41865147283731097
4603.0 0.41851590806439204
4604.0 0.4183541792369126
4605.0 0.4181915122269577
4606.0 0.4180193750458088
4607.0 0.4178457539129118
4608.0 0.41771481913796615
4609.0 0.41762583723683316
4610.0 0.4175326433743108
4611.0 0.4174048117087366
4612.0 0.41727699473344704
4613.0 0.4171029200458905
4614.0 0.4169011203558589
4615.0 0.4167030127311605
4616.0 0.4165215456508717
4617.0 0.41633915104778113
4618.0 0.4161783027383444
4619.0 0.41602276609043537
4620.0 0.41588015067673834
4621.0 0.4157667520525739
4622.0 0.4156523944263032
4623.0 0.41551585000017605
4624.0 0.41537540787867944
4625.0 0.4152491460548594
4626.0 0.41514562546742095
4627.0 0.41504017495607237
4628.0 0.4149038265138438
4629.0 0.41476520232122194
4630.0 0.41462255647709434
4631.0 0.4144762026221334
4632.0 0.41432806098597785
4633.0 0.4141711998299501
4634.0 0.41401243525746634
4635.0 0.4139062189180198
4636.0 0.41382931048361304
4637.0 0.4137533078962123
4638.0 0.41368024111271107
4639.0 0.41360715922357943
4640.0 0.41350118271315583
4641.0 0.4133855374102299
4642.0 0.4132537716897684
4643.0 0.41309139667777883
4644.0 0.41292808571802747
4645.0 0.4127608304323371
4646.0 0.4125919950346734
4647.0 0.412451274742138
4648.0 0.4123493433530168
4649.0 0.41224644487584217
4650.0 0.4121320080806155
4651.0 0.412016374838429
4652.0 0.4119082410114932
4653.0 0.41180578747954494
4654.0 0.41169262663990885
4655.0 0.4114712690953434
4656.0 0.4112490066969011
4657.0 0.4111480597363768
4658.0 0.4111114173164968
4659.0 0.41106395303473886
4660.0 0.41097237422962957
4661.0 0.41088078435371644
4662.0 0.4107060297125382
4663.0 0.4105053618389686
4664.0 0.4103310409414516
4665.0 0.4102156356216041
4666.0 0.4100983031221806
4667.0 0.4099949167634015
4668.0 0.4098934250598054
4669.0 0.4097583555673028
4670.0 0.4095823291637179
4671.0 0.4094053728023289
4672.0 0.4092743844160042
4673.0 0.40914290408373866
4674.0 0.40901719944378423
4675.0 0.4088970050573474
4676.0 0.4087786106326021
4677.0 0.40867543858395383
4678.0 0.40857129294599087
4679.0 0.4084520012948245
4680.0 0.40832491370693386
4681.0 0.40819991925864657
4682.0 0.408085748833774
4683.0 0.4079706100328435
4684.0 0.40781247740989524
4685.0 0.4076418165643655
4686.0 0.40746787683823404
4687.0 0.40728532737354367
4688.0 0.407103776584346
4689.0 0.4069380279168074
4690.0 0.4067734080902965
4691.0 0.4066414559376842
4692.0 0.40654939300452625
4693.0 0.4064553820654821
4694.0 0.40626489894533635
4695.0 0.4060734923450408
4696.0 0.4059145537555276
4697.0 0.40578186164265323
4698.0 0.40564901276244986
4699.0 0.4055220593509936
4700.0 0.40539510398075845
4701.0 0.4052139007960513
4702.0 0.4050079313870666
4703.0 0.4048228980095102
4704.0 0.4047100630799026
4705.0 0.4045972150160288
4706.0 0.40447696652862397
4707.0 0.4043537839274347
4708.0 0.40420615456041226
4709.0 0.404012976088203
4710.0 0.4038198365729808
4711.0 0.4036315158617814
4712.0 0.40344386832918794
4713.0 0.4032861812709508
4714.0 0.40316475556704806
4715.0 0.4030421396126151
4716.0 0.40286075420854567
4717.0 0.40267843669236075
4718.0 0.4024673876795039
4719.0 0.40223469868907025
4720.0 0.40201014263180185
4721.0 0.4018460527293649
4722.0 0.4016819799524915
4723.0 0.40151128637782
4724.0 0.4013371033645507
4725.0 0.4011695463601513
4726.0 0.4010189067529194
4727.0 0.4008673127026289
4728.0 0.4007237744436566
4729.0 0.40058104815966344
4730.0 0.40041530863723795
4731.0 0.4002103947102791
4732.0 0.4000055249462929
4733.0 0.3997919552279673
4734.0 0.3995786263969637
4735.0 0.3993618479245789
4736.0 0.3991412989772934
4737.0 0.3989233474265831
4738.0 0.398787626908887
4739.0 0.3986518996957025
4740.0 0.39847206299830146
4741.0 0.398263241084137
4742.0 0.39805791329644363
4743.0 0.39788654197815304
4744.0 0.3977151893743281
4745.0 0.3975149275045677
4746.0 0.3973027229708825
4747.0 0.3970963589914691
4748.0 0.39691020508008623
4749.0 0.3967231215832908
4750.0 0.3965730551511503
4751.0 0.3964316634234215
4752.0 0.39625432865483995
4753.0 0.39601584642530374
4754.0 0.3957764736795245
4755.0 0.3955484394453931
4756.0 0.39532131289633926
4757.0 0.39511346910996975
4758.0 0.3949235359722969
4759.0 0.39473353152934487
4760.0 0.3945181404219112
4761.0 0.3943027996983575
4762.0 0.39408650533319894
4763.0 0.3938711872449311
4764.0 0.39365334701277344
4765.0 0.3934280350602145
4766.0 0.39320182484306593
4767.0 0.39296855004099984
4768.0 0.39273108480393154
4769.0 0.39249539403700334
4770.0 0.3922653390876589
4771.0 0.39203439071482377
4772.0 0.3918204999516947
4773.0 0.3916089880708821
4774.0 0.3913935309697065
4775.0 0.3911691008945249
4776.0 0.39094568272973496
4777.0 0.3907746544836934
4778.0 0.39060698284741896
4779.0 0.3904043196805655
4780.0 0.3901667047687697
4781.0 0.38992528381114183
4782.0 0.3896113081644464
4783.0 0.3892965055164244
4784.0 0.3890400837845863
4785.0 0.38882036642702283
4786.0 0.3886067736565796
4787.0 0.38842285366248014
4788.0 0.3882399139442551
4789.0 0.3879911989814521
4790.0 0.3877195357600431
4791.0 0.38746013136009394
4792.0 0.38723303112365026
4793.0 0.38700504159334126
4794.0 0.3867884833529355
4795.0 0.3865739626811719
4796.0 0.3863381517974832
4797.0 0.38606803249383603
4798.0 0.38579895690083876
4799.0 0.3856056594553305
4800.0 0.38541538209738924
4801.0 0.3851967717331991
4802.0 0.38495100958487843
4803.0 0.3847042539321456
4804.0 0.3844569119177164
4805.0 0.3842105960524202
4806.0 0.3839898738845831
4807.0 0.38378637211853284
4808.0 0.38358457731586654
4809.0 0.38338607499013166
4810.0 0.38318761567233517
4811.0 0.38298042605258753
4812.0 0.38276987205631735
4813.0 0.38255530259963894
4814.0 0.3823331938729947
4815.0 0.38211019982606315
4816.0 0.3818405208429073
4817.0 0.3815625236783022
4818.0 0.3812964735504214
4819.0 0.3810461965670585
4820.0 0.38079694611657927
4821.0 0.3805806096690092
4822.0 0.3803662907260313
4823.0 0.38014338495100014
4824.0 0.37991351011320246
4825.0 0.37968388243515894
4826.0 0.3794573262226761
4827.0 0.3792317792451067
4828.0 0.37898816993001855
4829.0 0.37873686081764824
4830.0 0.3784859679342389
4831.0 0.3782424775558276
4832.0 0.37799906530778526
4833.0 0.3776956516951772
4834.0 0.37737421908626984
4835.0 0.3770544698690707
4836.0 0.3767413382370942
4837.0 0.3764292712318
4838.0 0.37608818888298706
4839.0 0.3757418181738273
4840.0 0.375402274804534
4841.0 0.375069505795216
4842.0 0.37473781105361115
4843.0 0.3743874100856024
4844.0 0.37403770902495925
4845.0 0.3736527627667722
4846.0 0.37323878157663765
4847.0 0.3728205738668748
4848.0 0.37234849300832124
4849.0 0.3718775688272081
4850.0 0.37145257824602035
4851.0 0.3710533177698616
4852.0 0.3706430164719885
4853.0 0.3701916399088747
4854.0 0.3697414003199356
4855.0 0.3692506087513066
4856.0 0.36874810829881466
4857.0 0.36826676161912947
4858.0 0.36782810573928204
4859.0 0.36738964852339423
4860.0 0.366885341932477
4861.0 0.3663730645391111
4862.0 0.3658405049437537
4863.0 0.36528091338253743
4864.0 0.36472158964604534
4865.0 0.36426604638476684
4866.0 0.36381266052573147
4867.0 0.36337908089709103
4868.0 0.3629626417539274
4869.0 0.3625413312667904
4870.0 0.36208025608148847
4871.0 0.3616193860721865
4872.0 0.36112369366055785
4873.0 0.3606106265373271
4874.0 0.36010195386898497
4875.0 0.35960826358053727
4876.0 0.359115701982622
4877.0 0.3587361445870637
4878.0 0.35838828940002787
4879.0 0.3580011394742511
4880.0 0.3575350154107741
4881.0 0.3570699970322418
4882.0 0.35658691856326646
4883.0 0.3561026956074492
4884.0 0.3556568069943848
4885.0 0.35526059165599944
4886.0 0.3548638998354959
4887.0 0.35440423081972244
4888.0 0.353945654423055
4889.0 0.35346838630296484
4890.0 0.35297738230263304
4891.0 0.35249570174836875
4892.0 0.3520810419835176
4893.0 0.3516674442660913
4894.0 0.35128966262518546
4895.0 0.3509296924845893
4896.0 0.3505506655893694
4897.0 0.3501122987300108
4898.0 0.34967322225474934
4899.0 0.34924429405361085
4900.0 0.3488188397693518
4901.0 0.3483836898577294
4902.0 0.3479329276663611
4903.0 0.3474823496998349
4904.0 0.34710360565164033
4905.0 0.3467338509241538
4906.0 0.34633321710241277
4907.0 0.3458963339815507
4908.0 0.3454604177918138
4909.0 0.34502030321421456
4910.0 0.34458036535104386
4911.0 0.344177065770076
4912.0 0.3438003212955708
4913.0 0.34341999045877464
4914.0 0.34301571457038066
