calculator/instruments/lris/plaintext_files/blue_D500_300-5000.txt
# %ECSV 1.0
# ---
# datatype:
# - {name: WAV, unit: Angstrom, datatype: float32}
# - {name: EFF, datatype: float64}
# meta: !!omap
# - {GRISM: 300/5000}
# - {DICHROIC: D500}
# schema: astropy-2.0
WAV EFF
[from data line 2953]
6453.0 0.0065526343160794585
6454.0 0.006809319163310743
6455.0 0.006932680960303727
6456.0 0.006967108797953626
6457.0 0.006960773553634498
6458.0 0.00674030957607406
6459.0 0.006519665470410884
6460.0 0.0065111946912419765
6461.0 0.006589450745958676
6462.0 0.006724018773175672
6463.0 0.007010850970680557
6464.0 0.0072978748475607666
6465.0 0.007555457796631526
6466.0 0.007807123193684165
6467.0 0.007988895126709944
6468.0 0.00805646716106908
6469.0 0.008124054956992288
6470.0 0.008150378993151141
6471.0 0.008174043689931325
6472.0 0.008275583072943179
6473.0 0.00845506615771371
6474.0 0.008625690894682103
6475.0 0.008626535252159994
6476.0 0.008627338091447882
6477.0 0.008651762533473654
6478.0 0.008691269319429644
6479.0 0.008734816657730763
6480.0 0.008798111859378914
6481.0 0.00886139790513735
6482.0 0.008858355580332638
6483.0 0.008830715030583153
6484.0 0.008850480242527442
6485.0 0.008992238331460517
6486.0 0.009134035540055579
6487.0 0.009344427271779794
6488.0 0.00956792109318695
6489.0 0.009795112486420943
6490.0 0.010027800108641996
6491.0 0.010260541204536735
6492.0 0.010439524187676689
6493.0 0.010615716274488955
6494.0 0.010795604485120005
6495.0 0.010979044399239312
6496.0 0.01115877468065679
6497.0 0.011289221083856793
6498.0 0.01141966211051364
6499.0 0.011519808167568679
6500.0 0.011601396917507847
6501.0 0.011673395521782247
6502.0 0.01170189166838258
6503.0 0.011730305124789812
6504.0 0.01185057955581416
6505.0 0.012003099721430835
6506.0 0.012205897656842156
6507.0 0.012526117601347437
6508.0 0.012846365832631667
6509.0 0.012991308401615484
6510.0 0.013105261901904
6511.0 0.013199078388474976
6512.0 0.013263872741139715
6513.0 0.013328619251439815
6514.0 0.013543888306925494
6515.0 0.013763816457464453
6516.0 0.01389142847088227
6517.0 0.013933857473042922
6518.0 0.01398025581360036
6519.0 0.014072912129276352
6520.0 0.014165517159570358
6521.0 0.014405211500771333
6522.0 0.014727621612020103
6523.0 0.015004716404545801
6524.0 0.015088597315201704
6525.0 0.01517239342328169
6526.0 0.015288131785921035
6527.0 0.015414470249736741
6528.0 0.015591098797769928
6529.0 0.015879846708089767
6530.0 0.01616848956378786
6531.0 0.016214418323656395
6532.0 0.01622401040512672
6533.0 0.01628500013060395
6534.0 0.016416937950179192
6535.0 0.016548801472607726
6536.0 0.016933643260498343
6537.0 0.017323570526486747
6538.0 0.017591342769246277
6539.0 0.017755042946155757
6540.0 0.017922203348954197
6541.0 0.018124831886008306
6542.0 0.018327423731629464
6543.0 0.018359237435368686
6544.0 0.018299104344277367
6545.0 0.01828784017492966
6546.0 0.018460630364591994
6547.0 0.018633348589031592
6548.0 0.018929623912689025
6549.0 0.019264821104916684
6550.0 0.019526936247630695
6551.0 0.01963393777682052
6552.0 0.01974083442754509
6553.0 0.019852942455304886
6554.0 0.01996569409969829
6555.0 0.020164889167933322
6556.0 0.0204741408290702
6557.0 0.02078327947679908
6558.0 0.02084228785859042
6559.0 0.02089869595312401
6560.0 0.02101789426987722
6561.0 0.02118843530783184
6562.0 0.02137261005527098
6563.0 0.021668083903925772
6564.0 0.02196339495365888
6565.0 0.022141716659971004
6566.0 0.022259771802505757
6567.0 0.02240814537363266
6568.0 0.02266435884305893
6569.0 0.02292047533095295
6570.0 0.023115358910098045
6571.0 0.023292890426295534
6572.0 0.023477288685177265
6573.0 0.023675892798008837
6574.0 0.02387433247718072
6575.0 0.024100607875255114
6576.0 0.024330195725181122
6577.0 0.0244362761663391
6578.0 0.02439144405995988
6579.0 0.02434823822757051
6580.0 0.024472315441940187
6581.0 0.024596277651903975
6582.0 0.024836994684530204
6583.0 0.025169379631255765
6584.0 0.025484285643064805
6585.0 0.025672244882881
6586.0 0.025860101978048056
6587.0 0.026043230719189882
6588.0 0.026224099336178884
6589.0 0.02641151899080803
6590.0 0.026621105657676666
6591.0 0.026830577473615263
6592.0 0.026938860171905873
6593.0 0.02702019852676747
6594.0 0.027105309436711585
6595.0 0.027197443091311554
6596.0 0.027289541853700992
6597.0 0.02748752754957716
6598.0 0.02769721130522
6599.0 0.027916348123794444
6600.0 0.02814669112618942
6601.0 0.028377599970791176
6602.0 0.02864253547775675
6603.0 0.02890736941647384
6604.0 0.02904577663182817
6605.0 0.029092702889439524
6606.0 0.029145119035084998
6607.0 0.029234638736707286
6608.0 0.02932412175631232
6609.0 0.02950110411681689
6610.0 0.029717289620267335
6611.0 0.029929109095250483
6612.0 0.030128007270315782
6613.0 0.0303267782047895
6614.0 0.030551568619532333
6615.0 0.030782792162357967
6616.0 0.03095842658344081
6617.0 0.031035300715590682
6618.0 0.031112142001421317
6619.0 0.031097383426888375
6620.0 0.031074614375385234
6621.0 0.031153761001974707
6622.0 0.03134776985983313
6623.0 0.03154138158598457
6624.0 0.03172468943675704
6625.0 0.03190787259551261
6626.0 0.032048440612186806
6627.0 0.03215944513310612
6628.0 0.03228501126305677
6629.0 0.03249328649444625
6630.0 0.03270147726267784
6631.0 0.03283899239331776
6632.0 0.03294625533922235
6633.0 0.033043461126282155
6634.0 0.03311213414668247
6635.0 0.03318077780936062
6636.0 0.03320591200539534
6637.0 0.03322153227186018
6638.0 0.03324721358880481
6639.0 0.03329016624090754
6640.0 0.03333315248505667
6641.0 0.033506598685675425
6642.0 0.033689795339185244
6643.0 0.03384681659601345
6644.0 0.033976719466428586
6645.0 0.03410591415694945
6646.0 0.03422069321393129
6647.0 0.03433537288621118
6648.0 0.034473316732107205
6649.0 0.0346266168923556
6650.0 0.034762560647628615
6651.0 0.034807083404767125
6652.0 0.034851587496414684
6653.0 0.034840018769807954
6654.0 0.03480669066837973
6655.0 0.03478578989876591
6656.0 0.034798461801647966
6657.0 0.03481123704649818
6658.0 0.03485116441957209
6659.0 0.034896637117815765
6660.0 0.034989492456636635
6661.0 0.03515640908392922
6662.0 0.03532326543585338
6663.0 0.035571538439542784
6664.0 0.03582491976661413
6665.0 0.03602708512863373
6666.0 0.03617800445473874
6667.0 0.03630727612123946
6668.0 0.03609639360310604
6669.0 0.03588563745325937
6670.0 0.035858530468636775
6671.0 0.03594874585198601
6672.0 0.036047232834715254
6673.0 0.036186276983874055
6674.0 0.03632533092835102
6675.0 0.03639494491065008
6676.0 0.036438930490755105
6677.0 0.03649226467511739
6678.0 0.03656876118110312
6679.0 0.03664517306381136
6680.0 0.03655390329727817
6681.0 0.036430778550533595
6682.0 0.036308936173259566
6683.0 0.036188998017387224
6684.0 0.03606909615280047
6685.0 0.036366274019218124
6686.0 0.0366807879414746
6687.0 0.03690698705942959
6688.0 0.037048371867464326
6689.0 0.037165605162913194
6690.0 0.036962654756484185
6691.0 0.036759765835542656
6692.0 0.036785996098608845
6693.0 0.03694681400444971
6694.0 0.03708771857361659
6695.0 0.03713805277959777
6696.0 0.037188369272522885
6697.0 0.03724383400483251
6698.0 0.0373010141265649
6699.0 0.03733610122805603
6700.0 0.03731967955666842
6701.0 0.03730320175147862
6702.0 0.037309901928927115
6703.0 0.037320300973685036
6704.0 0.03737876267607007
6705.0 0.03750650877757137
6706.0 0.03763415219667325
6707.0 0.03762173127553023
6708.0 0.0376049844171807
6709.0 0.03762162296815071
6710.0 0.03766784507586102
6711.0 0.03770484062526567
6712.0 0.037635874205497945
6713.0 0.03756692879189069
6714.0 0.03746231978156612
6715.0 0.03733764888643537
6716.0 0.037233072152736794
6717.0 0.037208908694111524
6718.0 0.037184691959058894
6719.0 0.037255036438887286
6720.0 0.03735676668684223
6721.0 0.037423710169659584
6722.0 0.03741323978175632
6723.0 0.03740265104785406
6724.0 0.037447953264181585
6725.0 0.03750159459082587
6726.0 0.03751929822727574
6727.0 0.03748957221368499
6728.0 0.037459794915076144
6729.0 0.03733984759965168
6730.0 0.037217988156326196
6731.0 0.03711100457629384
6732.0 0.037016682900105444
6733.0 0.03693409034100838
6734.0 0.03695828741560205
6735.0 0.03698235232417889
6736.0 0.03706179265002462
6737.0 0.03717101750491088
6738.0 0.0372766253642257
6739.0 0.03736932738929506
6740.0 0.03746192313950739
6741.0 0.037328903630285376
6742.0 0.037128515234047976
6743.0 0.03696072254303723
6744.0 0.03686219576191399
6745.0 0.03676353542183151
6746.0 0.03677854607667022
6747.0 0.03680880644889039
6748.0 0.036742139623452776
6749.0 0.036552097424575526
6750.0 0.03636197483502318
6751.0 0.036238082240090515
6752.0 0.03611407720719785
6753.0 0.036119996710402884
6754.0 0.03623204737600913
6755.0 0.03632399825191474
6756.0 0.036255180300988586
6757.0 0.036186221408014016
6758.0 0.03611861040304038
6759.0 0.03605165006662355
6760.0 0.03602311017504246
6761.0 0.03613134173276525
6762.0 0.03623926342766857
6763.0 0.03611769535400705
6764.0 0.035931447892306866
6765.0 0.03575939567342984
6766.0 0.0356151069683734
6767.0 0.035470678858148134
6768.0 0.035356841443513316
6769.0 0.03524669370838625
6770.0 0.03516660862515656
6771.0 0.035123254902931444
6772.0 0.03507928296595849
6773.0 0.03499433400674731
6774.0 0.034909156087223184
6775.0 0.03478953907578026
6776.0 0.03464390917507327
6777.0 0.03452372860225127
6778.0 0.03459084193910073
6779.0 0.034657776393014074
6780.0 0.03461970038491971
6781.0 0.03453221717443123
6782.0 0.034436508648184455
6783.0 0.03431518106736506
6784.0 0.034193778870118714
6785.0 0.03413160670836649
6786.0 0.034085081554758874
6787.0 0.033947861885275196
6788.0 0.033642435006929365
6789.0 0.03333711337032947
6790.0 0.033178602081390306
6791.0 0.03303451207353598
6792.0 0.03293515261206292
6793.0 0.032888187954368216
6794.0 0.03284018354160895
6795.0 0.032747540728705275
6796.0 0.03265481397783005
6797.0 0.0326138480570495
6798.0 0.03261036131298295
6799.0 0.032579536869352325
6800.0 0.03238250503942733
6801.0 0.032185505255274124
6802.0 0.03208106219140636
6803.0 0.03201804805582137
6804.0 0.03192974412994992
6805.0 0.03176564738652368
6806.0 0.031601557763402004
6807.0 0.03140270729930142
6808.0 0.03119574419743998
6809.0 0.03102397892786192
6810.0 0.0309146641537589
6811.0 0.030805303071163723
6812.0 0.030660974518653787
6813.0 0.030513659699567635
6814.0 0.030404108884315776
6815.0 0.03033529520078947
6816.0 0.030264894475702766
6817.0 0.030144487693207652
6818.0 0.03002400664100921
6819.0 0.029930992402733697
6820.0 0.029857028134016184
6821.0 0.02978124078873405
6822.0 0.029695221194796964
6823.0 0.02960923775857714
6824.0 0.029508342234766314
6825.0 0.02940144149473598
6826.0 0.029306903369136824
6827.0 0.029247483590653982
6828.0 0.029188067750194176
6829.0 0.02906460367818577
6830.0 0.028927247810193665
6831.0 0.02878747587134648
6832.0 0.028643905949819307
6833.0 0.028500406664104336
6834.0 0.028285035131603332
6835.0 0.02806446583876409
6836.0 0.02782966970867419
6837.0 0.027580087733598227
6838.0 0.027338459919705224
6839.0 0.02724302999813681
6840.0 0.027147705125410506
6841.0 0.027036482381429822
6842.0 0.026914755947871228
6843.0 0.02677773393689515
6844.0 0.02655979460859109
6845.0 0.026342175760257377
6846.0 0.026188861561861575
6847.0 0.026060617245413458
6848.0 0.025958648464612995
6849.0 0.02592392323996794
6850.0 0.025889265105322048
6851.0 0.02576767073641926
6852.0 0.025628421230403105
6853.0 0.025515844325392077
6854.0 0.025444690093382672
6855.0 0.02537365292384665
6856.0 0.02529819594778101
6857.0 0.025222668462719946
6858.0 0.02505526391742309
6859.0 0.024796170619743065
6860.0 0.02454801628212855
6861.0 0.02446568465719438
6862.0 0.024383525611981753
6863.0 0.024317250391922503
6864.0 0.024260815834964197
6865.0 0.024181877999249857
6866.0 0.023992846050828322
6867.0 0.023804126234571406
6868.0 0.02363576137390646
6869.0 0.023475031899027974
6870.0 0.023344924671277918
6871.0 0.023289249034254403
6872.0 0.023233705891454366
6873.0 0.02313778256518733
6874.0 0.023034930375486286
6875.0 0.022932085869510933
6876.0 0.022829097335702143
6877.0 0.02272637689444762
6878.0 0.022514647318542438
6879.0 0.022298728365868655
6880.0 0.022135883352848832
6881.0 0.022021926059210547
6882.0 0.021909226409000643
6883.0 0.021809838534649458
6884.0 0.0217107406175129
6885.0 0.02159726117183671
6886.0 0.021475480686982722
6887.0 0.021378591327433246
6888.0 0.021387033566321673
6889.0 0.02139560193659031
6890.0 0.02131650955936151
6891.0 0.0212067603015651
6892.0 0.021063668680405455
6893.0 0.020842465945954274
6894.0 0.020621589231565637
6895.0 0.020464197062906864
6896.0 0.02031735436153996
6897.0 0.020150417827455944
6898.0 0.019955727377855934
6899.0 0.019761352626172554
6900.0 0.019681873167439076
6901.0 0.019606171541210856
6902.0 0.019521301750623603
6903.0 0.019428402611629047
6904.0 0.019330123057948574
6905.0 0.019175251328040346
6906.0 0.019020636725124957
6907.0 0.018860554254199746
6908.0 0.0186975046255417
6909.0 0.018565266124233405
6910.0 0.0185553411244775
6911.0 0.018545613633789686
6912.0 0.018531179835328003
6913.0 0.018515419330317466
6914.0 0.01847276050821933
6915.0 0.01837016680842426
6916.0 0.018267798117189368
6917.0 0.01809008596135441
6918.0 0.017901315388842733
6919.0 0.017754246104630254
6920.0 0.01766225016034433
6921.0 0.017570490307352755
6922.0 0.017482147224479973
6923.0 0.017394035171705235
6924.0 0.01731220468100201
6925.0 0.017235747780573928
6926.0 0.01715685762423474
6927.0 0.017054882101803743
6928.0 0.016953070820479768
6929.0 0.01684376139555029
6930.0 0.016730683661588176
6931.0 0.016610958172437316
6932.0 0.01646584072042242
6933.0 0.01632086237797642
6934.0 0.01630741970811095
6935.0 0.016333321294137594
6936.0 0.016330578995324183
6937.0 0.01626953074633892
6938.0 0.01620861446473892
6939.0 0.016049327260535526
6940.0 0.01587673620944349
6941.0 0.015783651959820788
6942.0 0.015791619057906367
6943.0 0.015799695651599954
6944.0 0.015824378923836854
6945.0 0.015849112956867407
6946.0 0.015782038706660145
6947.0 0.015642846519185676
6948.0 0.015517689555511527
6949.0 0.015505328285921698
6950.0 0.015493050911985424
6951.0 0.015357858415760924
6952.0 0.015162199909183894
6953.0 0.014982211260089705
6954.0 0.01485438122405181
6955.0 0.014726616798896445
6956.0 0.01480758476253402
6957.0 0.014947417180041826
6958.0 0.015072184896940332
6959.0 0.015167647090179908
6960.0 0.015263129161484132
6961.0 0.01516982683828006
6962.0 0.015055549768263211
6963.0 0.01490562430670476
6964.0 0.014712064777176244
6965.0 0.014518988958107939
6966.0 0.014370156444479884
6967.0 0.014221382693790242
6968.0 0.014238740012728785
6969.0 0.014381407791376363
6970.0 0.014494615205178984
6971.0 0.014391625032488845
6972.0 0.01428864067181596
6973.0 0.014165179594892175
6974.0 0.014032049503807865
6975.0 0.013956060189353317
6976.0 0.014061065277837528
6977.0 0.014165987631835013
6978.0 0.01414251013607993
6979.0 0.014086894554934682
6980.0 0.014088567051000322
6981.0 0.014196658788527829
6982.0 0.014304688280710178
6983.0 0.0143214577085722
6984.0 0.014329132424114382
6985.0 0.014267007195416348
6986.0 0.014126169136578872
6987.0 0.013984428690798046
6988.0 0.013802262967034663
6989.0 0.013620032112366436
6990.0 0.013554513329566536
6991.0 0.013573486794512155
6992.0 0.013610062910640005
6993.0 0.013755269849583968
6994.0 0.013900342776391513
6995.0 0.013828491782328105
6996.0 0.013659214737145677
6997.0 0.013552873215330472
6998.0 0.013635436765420903
6999.0 0.01371787587446533
7000.0 0.013787373003987732
7001.0 0.013853746595187174
7002.0 0.013857294205965454
7003.0 0.013753992703351554
7004.0 0.01365063489931113
7005.0 0.013645655562879104
7006.0 0.01364911746810915
7007.0 0.013633709890207043
7008.0 0.01359788484151853
7009.0 0.013564359223167989
7010.0 0.013588384884136424
7011.0 0.013612250454817704
7012.0 0.01360402148640914
7013.0 0.013573407298930485
7014.0 0.013541070987397647
7015.0 0.013499332920988804
7016.0 0.013457450480662035
7017.0 0.0135090990545987
7018.0 0.013598817572975139
7019.0 0.013660895665122061
7020.0 0.013644695860632347
7021.0 0.013628358220755957
7022.0 0.01370500006178931
7023.0 0.013801907854474809
7024.0 0.01385992057350583
7025.0 0.013854696570924195
7026.0 0.01384937309849476
7027.0 0.013827735458046685
7028.0 0.013804954682325005
7029.0 0.01379202523662117
7030.0 0.013789339427861494
7031.0 0.013786813376154582
