calculator/instruments/lris/plaintext_files/blue_MIRROR_600-4000.txt
# %ECSV 1.0
# ---
# datatype:
# - {name: WAV, unit: Angstrom, datatype: float32}
# - {name: EFF, datatype: float64}
# meta: !!omap
# - {GRISM: 600/4000}
# - {DICHROIC: MIRROR}
# schema: astropy-2.0
WAV EFF
3200.0 0.063763
3201.0 0.064313
3202.0 0.064813
3203.0 0.065271
3204.0 0.065691
3205.0 0.06608
3206.0 0.06644
3207.0 0.066778
3208.0 0.067096
3209.0 0.067397
3210.0 0.067686
3211.0 0.067963
3212.0 0.068231
3213.0 0.068493
3214.0 0.06875
3215.0 0.069004
3216.0 0.069255
3217.0 0.069506
3218.0 0.069756
3219.0 0.070008
3220.0 0.070261
3221.0 0.070516
3222.0 0.070773
3223.0 0.071034
3224.0 0.071297
3225.0 0.071565
3226.0 0.071836
3227.0 0.072111
3228.0 0.072391
3229.0 0.072674
3230.0 0.072962
3231.0 0.073254
3232.0 0.073551
3233.0 0.073852
3234.0 0.074157
3235.0 0.074467
3236.0 0.074781
3237.0 0.075099
3238.0 0.075422
3239.0 0.07575
3240.0 0.076082
3241.0 0.076418
3242.0 0.076759
3243.0 0.077105
3244.0 0.077454
3245.0 0.077809
3246.0 0.078168
3247.0 0.078532
3248.0 0.078901
3249.0 0.079274
3250.0 0.079652
3251.0 0.080035
3252.0 0.080424
3253.0 0.080817
3254.0 0.081215
3255.0 0.081619
3256.0 0.082028
3257.0 0.082442
3258.0 0.082862
3259.0 0.083288
3260.0 0.083719
3261.0 0.084155
3262.0 0.084598
3263.0 0.085046
3264.0 0.085501
3265.0 0.085961
3266.0 0.086428
3267.0 0.0869
3268.0 0.087379
3269.0 0.087864
3270.0 0.088355
3271.0 0.088853
3272.0 0.089356
3273.0 0.089867
3274.0 0.090383
3275.0 0.090906
3276.0 0.091435
3277.0 0.09197
3278.0 0.092512
3279.0 0.09306
3280.0 0.093615
3281.0 0.094175
3282.0 0.094742
3283.0 0.095314
3284.0 0.095893
3285.0 0.096478
3286.0 0.097068
3287.0 0.097665
3288.0 0.098267
3289.0 0.098875
3290.0 0.099488
3291.0 0.100107
3292.0 0.10073
3293.0 0.10136
3294.0 0.101994
3295.0 0.102633
3296.0 0.103277
3297.0 0.103925
3298.0 0.104578
3299.0 0.105235
3300.0 0.105897
3301.0 0.106562
3302.0 0.107232
3303.0 0.107905
3304.0 0.108582
3305.0 0.109262
3306.0 0.109945
3307.0 0.110631
3308.0 0.11132
3309.0 0.112012
3310.0 0.112706
3311.0 0.113402
3312.0 0.1141
3313.0 0.1148
3314.0 0.115502
3315.0 0.116205
3316.0 0.11691
3317.0 0.117616
3318.0 0.118323
3319.0 0.11903
3320.0 0.119738
3321.0 0.120447
3322.0 0.121156
3323.0 0.121865
3324.0 0.122574
3325.0 0.123283
3326.0 0.123992
3327.0 0.124701
3328.0 0.125408
3329.0 0.126115
3330.0 0.126822
3331.0 0.127527
3332.0 0.128231
3333.0 0.128935
3334.0 0.129636
3335.0 0.130337
3336.0 0.131036
3337.0 0.131734
3338.0 0.13243
3339.0 0.133124
3340.0 0.133817
3341.0 0.134508
3342.0 0.135196
3343.0 0.135883
3344.0 0.136568
3345.0 0.137251
3346.0 0.137932
3347.0 0.138611
3348.0 0.139288
3349.0 0.139963
3350.0 0.140635
3351.0 0.141305
3352.0 0.141974
3353.0 0.14264
3354.0 0.143304
3355.0 0.143966
3356.0 0.144626
3357.0 0.145284
3358.0 0.14594
3359.0 0.146594
3360.0 0.147246
3361.0 0.147896
3362.0 0.148545
3363.0 0.149192
3364.0 0.149838
3365.0 0.150482
3366.0 0.151124
3367.0 0.151766
3368.0 0.152405
3369.0 0.153044
3370.0 0.153681
3371.0 0.154318
3372.0 0.154953
3373.0 0.155588
3374.0 0.156222
3375.0 0.156855
3376.0 0.157488
3377.0 0.158119
3378.0 0.158751
3379.0 0.159382
3380.0 0.160014
3381.0 0.160645
3382.0 0.161275
3383.0 0.161906
3384.0 0.162538
3385.0 0.163169
3386.0 0.163801
3387.0 0.164433
3388.0 0.165066
3389.0 0.165699
3390.0 0.166333
3391.0 0.166968
3392.0 0.167604
3393.0 0.168241
3394.0 0.168879
3395.0 0.169518
3396.0 0.170158
3397.0 0.170799
3398.0 0.171442
3399.0 0.172086
3400.0 0.172732
3401.0 0.173379
3402.0 0.174028
3403.0 0.174678
3404.0 0.17533
3405.0 0.175983
3406.0 0.176637
3407.0 0.177292
3408.0 0.177948
3409.0 0.178605
3410.0 0.179263
3411.0 0.179921
3412.0 0.18058
3413.0 0.181239
3414.0 0.181899
3415.0 0.182559
3416.0 0.183219
3417.0 0.183878
3418.0 0.184537
3419.0 0.185196
3420.0 0.185854
3421.0 0.186511
3422.0 0.187167
3423.0 0.187822
3424.0 0.188476
3425.0 0.189127
3426.0 0.189777
3427.0 0.190425
3428.0 0.191071
3429.0 0.191714
3430.0 0.192355
3431.0 0.192992
3432.0 0.193626
3433.0 0.194257
3434.0 0.194884
3435.0 0.195507
3436.0 0.196125
3437.0 0.196739
3438.0 0.197349
3439.0 0.197953
3440.0 0.198552
3441.0 0.199145
3442.0 0.199732
3443.0 0.200313
3444.0 0.200887
3445.0 0.201455
3446.0 0.202015
3447.0 0.202568
3448.0 0.203114
3449.0 0.203651
3450.0 0.20418
3451.0 0.2047
3452.0 0.205211
3453.0 0.205714
3454.0 0.206209
3455.0 0.206695
3456.0 0.207174
3457.0 0.207644
3458.0 0.208106
3459.0 0.208561
3460.0 0.209008
3461.0 0.209448
3462.0 0.20988
3463.0 0.210305
3464.0 0.210724
3465.0 0.211135
3466.0 0.211539
3467.0 0.211938
3468.0 0.212329
3469.0 0.212715
3470.0 0.213094
3471.0 0.213468
3472.0 0.213836
3473.0 0.214198
3474.0 0.214555
3475.0 0.214907
3476.0 0.215254
3477.0 0.215596
3478.0 0.215934
3479.0 0.216268
3480.0 0.216597
3481.0 0.216923
3482.0 0.217245
3483.0 0.217563
3484.0 0.217878
3485.0 0.21819
3486.0 0.2185
3487.0 0.218807
3488.0 0.219111
3489.0 0.219414
3490.0 0.219715
3491.0 0.220014
3492.0 0.220312
3493.0 0.220609
3494.0 0.220906
3495.0 0.221202
3496.0 0.221498
3497.0 0.221794
3498.0 0.22209
3499.0 0.222387
3500.0 0.222686
3501.0 0.222985
3502.0 0.223286
3503.0 0.223588
3504.0 0.223891
3505.0 0.224195
3506.0 0.2245
3507.0 0.224805
3508.0 0.225111
3509.0 0.225417
3510.0 0.225724
3511.0 0.226031
3512.0 0.226338
3513.0 0.226645
3514.0 0.226952
3515.0 0.227259
3516.0 0.227566
3517.0 0.227872
3518.0 0.228178
3519.0 0.228484
3520.0 0.228789
3521.0 0.229094
3522.0 0.229398
3523.0 0.229701
3524.0 0.230004
3525.0 0.230306
3526.0 0.230607
3527.0 0.230907
3528.0 0.231206
3529.0 0.231504
3530.0 0.231801
3531.0 0.232097
3532.0 0.232392
3533.0 0.232685
3534.0 0.232978
3535.0 0.233269
3536.0 0.233559
3537.0 0.233848
3538.0 0.234135
3539.0 0.234421
3540.0 0.234706
3541.0 0.234989
3542.0 0.235271
3543.0 0.235551
3544.0 0.23583
3545.0 0.236108
3546.0 0.236384
3547.0 0.236658
3548.0 0.236931
3549.0 0.237203
3550.0 0.237473
3551.0 0.237742
3552.0 0.238009
3553.0 0.238274
3554.0 0.238538
3555.0 0.238801
3556.0 0.239062
3557.0 0.239322
3558.0 0.23958
3559.0 0.239836
3560.0 0.240091
3561.0 0.240344
3562.0 0.240596
3563.0 0.240847
3564.0 0.241096
3565.0 0.241343
3566.0 0.241589
3567.0 0.241833
3568.0 0.242076
3569.0 0.242317
3570.0 0.242557
3571.0 0.242795
3572.0 0.243032
3573.0 0.243267
3574.0 0.243501
3575.0 0.243735
3576.0 0.243968
3577.0 0.2442
3578.0 0.244433
3579.0 0.244665
3580.0 0.244898
3581.0 0.245131
3582.0 0.245365
3583.0 0.2456
3584.0 0.245837
3585.0 0.246075
3586.0 0.246314
3587.0 0.246556
3588.0 0.246799
3589.0 0.247046
3590.0 0.247294
3591.0 0.247546
3592.0 0.2478
3593.0 0.248058
3594.0 0.24832
3595.0 0.248585
3596.0 0.248854
3597.0 0.249127
3598.0 0.249405
3599.0 0.249687
3600.0 0.249974
3601.0 0.250265
3602.0 0.250562
3603.0 0.250865
3604.0 0.251172
3605.0 0.251486
3606.0 0.251805
3607.0 0.252131
3608.0 0.252463
3609.0 0.252801
3610.0 0.253146
3611.0 0.253498
3612.0 0.253856
3613.0 0.254222
3614.0 0.254595
3615.0 0.254976
3616.0 0.255364
3617.0 0.25576
3618.0 0.256164
3619.0 0.256576
3620.0 0.256996
3621.0 0.257425
3622.0 0.257862
3623.0 0.258308
3624.0 0.258762
3625.0 0.259225
3626.0 0.259697
3627.0 0.260178
3628.0 0.260669
3629.0 0.261168
3630.0 0.261678
3631.0 0.262196
3632.0 0.262725
3633.0 0.263262
3634.0 0.26381
3635.0 0.264368
3636.0 0.264936
3637.0 0.265513
3638.0 0.266101
3639.0 0.266698
3640.0 0.267306
3641.0 0.267923
3642.0 0.26855
3643.0 0.269186
3644.0 0.269832
3645.0 0.270487
3646.0 0.271152
3647.0 0.271825
3648.0 0.272508
3649.0 0.2732
3650.0 0.2739
3651.0 0.27461
3652.0 0.275327
3653.0 0.276053
3654.0 0.276788
3655.0 0.27753
3656.0 0.278281
3657.0 0.279039
3658.0 0.279805
3659.0 0.280579
3660.0 0.28136
3661.0 0.282148
3662.0 0.282942
3663.0 0.283744
3664.0 0.284553
3665.0 0.285367
3666.0 0.286188
3667.0 0.287015
3668.0 0.287847
3669.0 0.288685
3670.0 0.289529
3671.0 0.290378
3672.0 0.291231
3673.0 0.29209
3674.0 0.292953
3675.0 0.293819
3676.0 0.29469
3677.0 0.295565
3678.0 0.296443
3679.0 0.297324
3680.0 0.298209
3681.0 0.299096
3682.0 0.299986
3683.0 0.300877
3684.0 0.301771
3685.0 0.302667
3686.0 0.303564
3687.0 0.304462
3688.0 0.30536
3689.0 0.30626
3690.0 0.30716
3691.0 0.308059
3692.0 0.308959
3693.0 0.309858
3694.0 0.310756
3695.0 0.311653
3696.0 0.312548
3697.0 0.313442
3698.0 0.314334
3699.0 0.315224
3700.0 0.316111
3701.0 0.316994
3702.0 0.317875
3703.0 0.318753
3704.0 0.319626
3705.0 0.320495
3706.0 0.321361
3707.0 0.322222
3708.0 0.323078
3709.0 0.32393
3710.0 0.324777
3711.0 0.32562
3712.0 0.326457
3713.0 0.32729
3714.0 0.328117
3715.0 0.32894
3716.0 0.329756
3717.0 0.330568
3718.0 0.331374
3719.0 0.332175
3720.0 0.33297
3721.0 0.333759
3722.0 0.334543
3723.0 0.33532
3724.0 0.336091
3725.0 0.336857
3726.0 0.337616
3727.0 0.338369
3728.0 0.339115
3729.0 0.339856
3730.0 0.34059
3731.0 0.341317
3732.0 0.342038
3733.0 0.342752
3734.0 0.343459
3735.0 0.34416
3736.0 0.344854
3737.0 0.345541
3738.0 0.346221
3739.0 0.346894
3740.0 0.34756
3741.0 0.348219
3742.0 0.348872
3743.0 0.349516
3744.0 0.350154
3745.0 0.350785
3746.0 0.351409
3747.0 0.352025
3748.0 0.352634
3749.0 0.353236
3750.0 0.353831
3751.0 0.354418
3752.0 0.354998
3753.0 0.35557
3754.0 0.356136
3755.0 0.356694
3756.0 0.357245
3757.0 0.357788
3758.0 0.358324
3759.0 0.358853
3760.0 0.359375
3761.0 0.359889
3762.0 0.360396
3763.0 0.360896
3764.0 0.361388
3765.0 0.361874
3766.0 0.362352
3767.0 0.362823
3768.0 0.363287
3769.0 0.363744
3770.0 0.364193
3771.0 0.364636
3772.0 0.365072
3773.0 0.3655
3774.0 0.365922
3775.0 0.366337
3776.0 0.366745
3777.0 0.367146
3778.0 0.367541
3779.0 0.367929
3780.0 0.36831
3781.0 0.368685
3782.0 0.369053
3783.0 0.369415
3784.0 0.36977
3785.0 0.370119
3786.0 0.370462
3787.0 0.370799
3788.0 0.371129
3789.0 0.371454
3790.0 0.371772
3791.0 0.372085
3792.0 0.372391
3793.0 0.372692
3794.0 0.372987
3795.0 0.373277
3796.0 0.373561
3797.0 0.37384
3798.0 0.374113
3799.0 0.374381
3800.0 0.374644
3801.0 0.374902
3802.0 0.375155
3803.0 0.375403
3804.0 0.375646
3805.0 0.375884
3806.0 0.376118
3807.0 0.376347
3808.0 0.376572
3809.0 0.376793
3810.0 0.377009
3811.0 0.377221
3812.0 0.377429
3813.0 0.377634
3814.0 0.377834
3815.0 0.378031
3816.0 0.378224
3817.0 0.378413
3818.0 0.378599
3819.0 0.378782
3820.0 0.378962
3821.0 0.379139
3822.0 0.379312
3823.0 0.379483
3824.0 0.379651
3825.0 0.379817
3826.0 0.37998
3827.0 0.380141
3828.0 0.380299
3829.0 0.380455
3830.0 0.38061
3831.0 0.380762
3832.0 0.380913
3833.0 0.381061
3834.0 0.381209
3835.0 0.381355
3836.0 0.381499
3837.0 0.381643
3838.0 0.381785
3839.0 0.381927
3840.0 0.382068
3841.0 0.382208
3842.0 0.382347
3843.0 0.382486
3844.0 0.382625
3845.0 0.382764
3846.0 0.382902
3847.0 0.383041
3848.0 0.38318
3849.0 0.383319
3850.0 0.383459
3851.0 0.383599
3852.0 0.38374
3853.0 0.383882
3854.0 0.384025
3855.0 0.384169
3856.0 0.384315
3857.0 0.384462
3858.0 0.38461
3859.0 0.38476
3860.0 0.384912
3861.0 0.385066
3862.0 0.385222
3863.0 0.38538
3864.0 0.385541
3865.0 0.385704
3866.0 0.385869
3867.0 0.386036
3868.0 0.386205
3869.0 0.386377
3870.0 0.386551
3871.0 0.386727
3872.0 0.386906
3873.0 0.387086
3874.0 0.387269
3875.0 0.387454
3876.0 0.387642
3877.0 0.387831
3878.0 0.388023
3879.0 0.388218
3880.0 0.388414
3881.0 0.388613
3882.0 0.388814
3883.0 0.389017
3884.0 0.389222
3885.0 0.38943
3886.0 0.38964
3887.0 0.389853
3888.0 0.390068
3889.0 0.390285
3890.0 0.390504
3891.0 0.390726
3892.0 0.39095
3893.0 0.391176
3894.0 0.391405
3895.0 0.391637
3896.0 0.39187
3897.0 0.392106
3898.0 0.392344
3899.0 0.392585
3900.0 0.392828
3901.0 0.393074
3902.0 0.393322
3903.0 0.393572
3904.0 0.393825
3905.0 0.394081
3906.0 0.394338
3907.0 0.394599
3908.0 0.394862
3909.0 0.395127
3910.0 0.395395
3911.0 0.395665
3912.0 0.395938
3913.0 0.396213
3914.0 0.396491
3915.0 0.396771
3916.0 0.397054
3917.0 0.397339
3918.0 0.397627
3919.0 0.397918
3920.0 0.398211
3921.0 0.398507
3922.0 0.398805
3923.0 0.399106
3924.0 0.399409
3925.0 0.399715
3926.0 0.400024
3927.0 0.400335
3928.0 0.400649
3929.0 0.400965
3930.0 0.401284
3931.0 0.401606
3932.0 0.40193
3933.0 0.402257
3934.0 0.402586
3935.0 0.402918
3936.0 0.403253
3937.0 0.40359
3938.0 0.40393
3939.0 0.404272
3940.0 0.404617
3941.0 0.404965
3942.0 0.405316
3943.0 0.405668
3944.0 0.406024
3945.0 0.406382
3946.0 0.406742
3947.0 0.407106
3948.0 0.407471
3949.0 0.40784
3950.0 0.40821
3951.0 0.408584
3952.0 0.40896
3953.0 0.409338
3954.0 0.409719
3955.0 0.410102
3956.0 0.410488
3957.0 0.410877
3958.0 0.411267
3959.0 0.411661
3960.0 0.412056
3961.0 0.412455
3962.0 0.412855
3963.0 0.413258
3964.0 0.413663
3965.0 0.414071
3966.0 0.41448
3967.0 0.414893
3968.0 0.415307
3969.0 0.415724
3970.0 0.416143
3971.0 0.416564
3972.0 0.416987
3973.0 0.417413
3974.0 0.41784
3975.0 0.41827
3976.0 0.418701
3977.0 0.419135
3978.0 0.419571
3979.0 0.420009
3980.0 0.420449
3981.0 0.42089
3982.0 0.421334
3983.0 0.421779
3984.0 0.422226
3985.0 0.422675
3986.0 0.423126
3987.0 0.423578
3988.0 0.424032
3989.0 0.424488
3990.0 0.424945
3991.0 0.425404
3992.0 0.425864
3993.0 0.426326
3994.0 0.426789
3995.0 0.427253
3996.0 0.427719
3997.0 0.428186
3998.0 0.428654
3999.0 0.429123
4000.0 0.429594
4001.0 0.430065
4002.0 0.430538
4003.0 0.431011
4004.0 0.431486
4005.0 0.431961
4006.0 0.432437
4007.0 0.432913
4008.0 0.43339
4009.0 0.433868
4010.0 0.434347
4011.0 0.434826
4012.0 0.435305
4013.0 0.435784
4014.0 0.436264
4015.0 0.436744
4016.0 0.437224
4017.0 0.437705
4018.0 0.438185
4019.0 0.438665
4020.0 0.439145
4021.0 0.439624
4022.0 0.440104
4023.0 0.440583
4024.0 0.441062
4025.0 0.44154
4026.0 0.442017
4027.0 0.442494
4028.0 0.44297
4029.0 0.443445
4030.0 0.443919
4031.0 0.444392
4032.0 0.444864
4033.0 0.445335
4034.0 0.445805
4035.0 0.446273
4036.0 0.44674
4037.0 0.447205
4038.0 0.447669
4039.0 0.448131
4040.0 0.448591
4041.0 0.44905
4042.0 0.449507
4043.0 0.449963
4044.0 0.450417
4045.0 0.450869
4046.0 0.45132
4047.0 0.451769
4048.0 0.452216
4049.0 0.452662
4050.0 0.453106
4051.0 0.453548
4052.0 0.453989
4053.0 0.454427
4054.0 0.454865
4055.0 0.4553
4056.0 0.455733
4057.0 0.456165
4058.0 0.456594
4059.0 0.457022
4060.0 0.457448
4061.0 0.457872
4062.0 0.458294
4063.0 0.458714
4064.0 0.459133
4065.0 0.459549
4066.0 0.459963
4067.0 0.460376
4068.0 0.460786
4069.0 0.461194
4070.0 0.4616
4071.0 0.462005
4072.0 0.462407
4073.0 0.462807
4074.0 0.463204
4075.0 0.4636
4076.0 0.463994
4077.0 0.464385
4078.0 0.464774
4079.0 0.465161
4080.0 0.465546
4081.0 0.465928
4082.0 0.466309
4083.0 0.466686
4084.0 0.467062
4085.0 0.467435
4086.0 0.467806
4087.0 0.468175
4088.0 0.468541
4089.0 0.468905
4090.0 0.469266
4091.0 0.469625
4092.0 0.469982
4093.0 0.470336
4094.0 0.470687
4095.0 0.471036
4096.0 0.471383
4097.0 0.471726
4098.0 0.472068
4099.0 0.472407
4100.0 0.472743
4101.0 0.473076
4102.0 0.473407
4103.0 0.473736
4104.0 0.474061
4105.0 0.474385
4106.0 0.474705
4107.0 0.475022
4108.0 0.475337
4109.0 0.47565
4110.0 0.475959
4111.0 0.476266
4112.0 0.47657
4113.0 0.476871
4114.0 0.477169
4115.0 0.477465
4116.0 0.477758
4117.0 0.478047
4118.0 0.478334
4119.0 0.478619
4120.0 0.4789
4121.0 0.479178
4122.0 0.479454
4123.0 0.479727
4124.0 0.479996
4125.0 0.480263
4126.0 0.480527
4127.0 0.480788
4128.0 0.481046
4129.0 0.481301
4130.0 0.481554
4131.0 0.481803
4132.0 0.482049
4133.0 0.482292
4134.0 0.482533
4135.0 0.48277
4136.0 0.483004
4137.0 0.483235
4138.0 0.483464
4139.0 0.483689
4140.0 0.483912
4141.0 0.484131
4142.0 0.484347
4143.0 0.484561
4144.0 0.484771
4145.0 0.484978
4146.0 0.485182
4147.0 0.485384
4148.0 0.485582
4149.0 0.485778
4150.0 0.48597
4151.0 0.486159
4152.0 0.486346
4153.0 0.486529
4154.0 0.48671
4155.0 0.486887
4156.0 0.487062
4157.0 0.487233
4158.0 0.487402
4159.0 0.487567
4160.0 0.48773
4161.0 0.48789
4162.0 0.488047
4163.0 0.488201
4164.0 0.488352
4165.0 0.4885
4166.0 0.488646
4167.0 0.488788
4168.0 0.488928
4169.0 0.489064
4170.0 0.489198
4171.0 0.489329
4172.0 0.489458
4173.0 0.489583
4174.0 0.489706
4175.0 0.489826
4176.0 0.489942
4177.0 0.490057
4178.0 0.490168
4179.0 0.490276
4180.0 0.490382
4181.0 0.490485
4182.0 0.490585
4183.0 0.490682
4184.0 0.490777
4185.0 0.490868
4186.0 0.490957
4187.0 0.491044
4188.0 0.491127
4189.0 0.491208
4190.0 0.491286
4191.0 0.491361
4192.0 0.491434
4193.0 0.491504
4194.0 0.491571
4195.0 0.491636
4196.0 0.491698
4197.0 0.491757
4198.0 0.491814
4199.0 0.491868
4200.0 0.49192
4201.0 0.491969
4202.0 0.492015
4203.0 0.492059
4204.0 0.4921
4205.0 0.492139
4206.0 0.492176
