calculator/instruments/lris/plaintext_files/blue_MIRROR_300-5000.txt
# %ECSV 1.0
# ---
# datatype:
# - {name: WAV, unit: Angstrom, datatype: float32}
# - {name: EFF, datatype: float64}
# meta: !!omap
# - {GRISM: 300/5000}
# - {DICHROIC: MIRROR}
# schema: astropy-2.0
WAV EFF
[from data line 1008]
4508.0 0.462526
4509.0 0.462804
4510.0 0.463082
4511.0 0.46336
4512.0 0.463638
4513.0 0.463916
4514.0 0.464194
4515.0 0.464472
4516.0 0.46475
4517.0 0.465028
4518.0 0.465306
4519.0 0.465584
4520.0 0.465862
4521.0 0.466139
4522.0 0.466417
4523.0 0.466694
4524.0 0.466972
4525.0 0.467249
4526.0 0.467526
4527.0 0.467803
4528.0 0.46808
4529.0 0.468356
4530.0 0.468632
4531.0 0.468908
4532.0 0.469184
4533.0 0.469459
4534.0 0.469734
4535.0 0.470009
4536.0 0.470283
4537.0 0.470557
4538.0 0.47083
4539.0 0.471103
4540.0 0.471376
4541.0 0.471648
4542.0 0.47192
4543.0 0.472191
4544.0 0.472462
4545.0 0.472732
4546.0 0.473002
4547.0 0.473271
4548.0 0.473539
4549.0 0.473807
4550.0 0.474074
4551.0 0.474341
4552.0 0.474607
4553.0 0.474872
4554.0 0.475136
4555.0 0.4754
4556.0 0.475663
4557.0 0.475926
4558.0 0.476187
4559.0 0.476448
4560.0 0.476707
4561.0 0.476967
4562.0 0.477225
4563.0 0.477482
4564.0 0.477738
4565.0 0.477994
4566.0 0.478248
4567.0 0.478502
4568.0 0.478754
4569.0 0.479006
4570.0 0.479257
4571.0 0.479506
4572.0 0.479755
4573.0 0.480003
4574.0 0.480249
4575.0 0.480495
4576.0 0.48074
4577.0 0.480984
4578.0 0.481227
4579.0 0.481468
4580.0 0.481709
4581.0 0.481949
4582.0 0.482188
4583.0 0.482426
4584.0 0.482663
4585.0 0.482899
4586.0 0.483134
4587.0 0.483368
4588.0 0.483601
4589.0 0.483833
4590.0 0.484064
4591.0 0.484294
4592.0 0.484523
4593.0 0.484752
4594.0 0.484979
4595.0 0.485205
4596.0 0.48543
4597.0 0.485654
4598.0 0.485878
4599.0 0.4861
4600.0 0.486321
4601.0 0.486541
4602.0 0.48676
4603.0 0.486979
4604.0 0.487196
4605.0 0.487412
4606.0 0.487628
4607.0 0.487842
4608.0 0.488056
4609.0 0.488268
4610.0 0.48848
4611.0 0.48869
4612.0 0.4889
4613.0 0.489108
4614.0 0.489316
4615.0 0.489523
4616.0 0.489728
4617.0 0.489933
4618.0 0.490137
4619.0 0.49034
4620.0 0.490542
4621.0 0.490743
4622.0 0.490943
4623.0 0.491142
4624.0 0.49134
4625.0 0.491538
4626.0 0.491734
4627.0 0.491929
4628.0 0.492124
4629.0 0.492318
4630.0 0.49251
4631.0 0.492702
4632.0 0.492893
4633.0 0.493083
4634.0 0.493272
4635.0 0.49346
4636.0 0.493647
4637.0 0.493834
4638.0 0.494019
4639.0 0.494204
4640.0 0.494388
4641.0 0.494571
4642.0 0.494753
4643.0 0.494934
4644.0 0.495114
4645.0 0.495294
4646.0 0.495472
4647.0 0.49565
4648.0 0.495827
4649.0 0.496004
4650.0 0.496179
4651.0 0.496354
4652.0 0.496527
4653.0 0.496701
4654.0 0.496873
4655.0 0.497044
4656.0 0.497215
4657.0 0.497385
4658.0 0.497554
4659.0 0.497722
4660.0 0.49789
4661.0 0.498057
4662.0 0.498223
4663.0 0.498388
4664.0 0.498553
4665.0 0.498717
4666.0 0.49888
4667.0 0.499043
4668.0 0.499205
4669.0 0.499366
4670.0 0.499526
4671.0 0.499686
4672.0 0.499845
4673.0 0.500004
4674.0 0.500162
4675.0 0.500319
4676.0 0.500476
4677.0 0.500631
4678.0 0.500787
4679.0 0.500942
4680.0 0.501096
4681.0 0.501249
4682.0 0.501403
4683.0 0.501555
4684.0 0.501707
4685.0 0.501858
4686.0 0.502009
4687.0 0.50216
4688.0 0.502309
4689.0 0.502459
4690.0 0.502607
4691.0 0.502756
4692.0 0.502904
4693.0 0.503051
4694.0 0.503198
4695.0 0.503344
4696.0 0.50349
4697.0 0.503636
4698.0 0.503781
4699.0 0.503926
4700.0 0.50407
4701.0 0.504214
4702.0 0.504358
4703.0 0.504501
4704.0 0.504644
4705.0 0.504787
4706.0 0.504929
4707.0 0.505071
4708.0 0.505212
4709.0 0.505354
4710.0 0.505495
4711.0 0.505635
4712.0 0.505776
4713.0 0.505916
4714.0 0.506056
4715.0 0.506196
4716.0 0.506335
4717.0 0.506475
4718.0 0.506614
4719.0 0.506753
4720.0 0.506891
4721.0 0.50703
4722.0 0.507169
4723.0 0.507307
4724.0 0.507445
4725.0 0.507583
4726.0 0.507721
4727.0 0.507859
4728.0 0.507997
4729.0 0.508135
4730.0 0.508273
4731.0 0.508411
4732.0 0.508548
4733.0 0.508686
4734.0 0.508824
4735.0 0.508961
4736.0 0.509099
4737.0 0.509237
4738.0 0.509375
4739.0 0.509513
4740.0 0.509651
4741.0 0.509789
4742.0 0.509927
4743.0 0.510066
4744.0 0.510204
4745.0 0.510343
4746.0 0.510481
4747.0 0.510621
4748.0 0.51076
4749.0 0.510899
4750.0 0.511039
4751.0 0.511178
4752.0 0.511319
4753.0 0.511459
4754.0 0.5116
4755.0 0.511741
4756.0 0.511882
4757.0 0.512023
4758.0 0.512165
4759.0 0.512308
4760.0 0.51245
4761.0 0.512593
4762.0 0.512736
4763.0 0.51288
4764.0 0.513024
4765.0 0.513169
4766.0 0.513314
4767.0 0.51346
4768.0 0.513606
4769.0 0.513752
4770.0 0.513899
4771.0 0.514047
4772.0 0.514195
4773.0 0.514343
4774.0 0.514493
4775.0 0.514642
4776.0 0.514793
4777.0 0.514944
4778.0 0.515095
4779.0 0.515248
4780.0 0.5154
4781.0 0.515554
4782.0 0.515708
4783.0 0.515863
4784.0 0.516018
4785.0 0.516175
4786.0 0.516332
4787.0 0.51649
4788.0 0.516648
4789.0 0.516808
4790.0 0.516968
4791.0 0.517129
4792.0 0.51729
4793.0 0.517452
4794.0 0.517615
4795.0 0.517779
4796.0 0.517943
4797.0 0.518108
4798.0 0.518274
4799.0 0.51844
4800.0 0.518607
4801.0 0.518775
4802.0 0.518943
4803.0 0.519112
4804.0 0.519281
4805.0 0.519451
4806.0 0.519622
4807.0 0.519794
4808.0 0.519966
4809.0 0.520138
4810.0 0.520312
4811.0 0.520486
4812.0 0.52066
4813.0 0.520835
4814.0 0.52101
4815.0 0.521187
4816.0 0.521363
4817.0 0.52154
4818.0 0.521718
4819.0 0.521897
4820.0 0.522075
4821.0 0.522255
4822.0 0.522435
4823.0 0.522615
4824.0 0.522796
4825.0 0.522977
4826.0 0.523159
4827.0 0.523342
4828.0 0.523524
4829.0 0.523708
4830.0 0.523891
4831.0 0.524076
4832.0 0.52426
4833.0 0.524445
4834.0 0.524631
4835.0 0.524817
4836.0 0.525003
4837.0 0.52519
4838.0 0.525377
4839.0 0.525564
4840.0 0.525752
4841.0 0.52594
4842.0 0.526128
4843.0 0.526317
4844.0 0.526507
4845.0 0.526696
4846.0 0.526886
4847.0 0.527076
4848.0 0.527267
4849.0 0.527457
4850.0 0.527649
4851.0 0.52784
4852.0 0.528032
4853.0 0.528223
4854.0 0.528415
4855.0 0.528607
4856.0 0.5288
4857.0 0.528993
4858.0 0.529186
4859.0 0.529379
4860.0 0.529572
4861.0 0.529766
4862.0 0.529959
4863.0 0.530153
4864.0 0.530347
4865.0 0.530541
4866.0 0.530735
4867.0 0.530929
4868.0 0.531124
4869.0 0.531318
4870.0 0.531513
4871.0 0.531707
4872.0 0.531902
4873.0 0.532097
4874.0 0.532292
4875.0 0.532486
4876.0 0.532681
4877.0 0.532876
4878.0 0.533071
4879.0 0.533266
4880.0 0.53346
4881.0 0.533655
4882.0 0.53385
4883.0 0.534044
4884.0 0.534238
4885.0 0.534433
4886.0 0.534627
4887.0 0.534821
4888.0 0.535015
4889.0 0.535209
4890.0 0.535403
4891.0 0.535596
4892.0 0.53579
4893.0 0.535983
4894.0 0.536176
4895.0 0.536368
4896.0 0.536561
4897.0 0.536753
4898.0 0.536945
4899.0 0.537137
4900.0 0.537328
4901.0 0.537519
4902.0 0.53771
4903.0 0.537901
4904.0 0.538091
4905.0 0.53828
4906.0 0.53847
4907.0 0.538659
4908.0 0.538847
4909.0 0.539036
4910.0 0.539224
4911.0 0.539411
4912.0 0.539598
4913.0 0.539784
4914.0 0.53997
4915.0 0.540156
4916.0 0.540341
4917.0 0.540525
4918.0 0.540709
4919.0 0.540892
4920.0 0.541075
4921.0 0.541257
4922.0 0.541439
4923.0 0.54162
4924.0 0.5418
4925.0 0.54198
4926.0 0.542159
4927.0 0.542337
4928.0 0.542515
4929.0 0.542692
4930.0 0.542869
4931.0 0.543044
4932.0 0.543219
4933.0 0.543393
4934.0 0.543566
4935.0 0.543739
4936.0 0.543911
4937.0 0.544081
4938.0 0.544251
4939.0 0.54442
4940.0 0.544589
4941.0 0.544756
4942.0 0.544922
4943.0 0.545088
4944.0 0.545253
4945.0 0.545416
4946.0 0.545579
4947.0 0.545741
4948.0 0.545902
4949.0 0.546061
4950.0 0.54622
4951.0 0.546378
4952.0 0.546534
4953.0 0.54669
4954.0 0.546844
4955.0 0.546997
4956.0 0.54715
4957.0 0.547301
4958.0 0.54745
4959.0 0.547599
4960.0 0.547746
4961.0 0.547893
4962.0 0.548038
4963.0 0.548181
4964.0 0.548324
4965.0 0.548465
4966.0 0.548605
4967.0 0.548744
4968.0 0.548881
4969.0 0.549017
4970.0 0.549151
4971.0 0.549285
4972.0 0.549417
4973.0 0.549547
4974.0 0.549676
4975.0 0.549803
4976.0 0.549929
4977.0 0.550054
4978.0 0.550177
4979.0 0.550299
4980.0 0.550418
4981.0 0.550537
4982.0 0.550654
4983.0 0.550769
4984.0 0.550883
4985.0 0.550995
4986.0 0.551105
4987.0 0.551214
4988.0 0.551321
4989.0 0.551427
4990.0 0.55153
4991.0 0.551632
4992.0 0.551732
4993.0 0.551831
4994.0 0.551928
4995.0 0.552023
4996.0 0.552116
4997.0 0.552207
4998.0 0.552297
4999.0 0.552384
5000.0 0.55247
5001.0 0.552554
5002.0 0.552636
5003.0 0.552716
5004.0 0.552794
5005.0 0.552871
5006.0 0.552945
5007.0 0.553018
5008.0 0.553089
5009.0 0.553158
5010.0 0.553225
5011.0 0.55329
5012.0 0.553354
5013.0 0.553415
5014.0 0.553475
5015.0 0.553533
5016.0 0.553589
5017.0 0.553644
5018.0 0.553697
5019.0 0.553747
5020.0 0.553797
5021.0 0.553844
5022.0 0.55389
5023.0 0.553934
5024.0 0.553976
5025.0 0.554016
5026.0 0.554055
5027.0 0.554092
5028.0 0.554128
5029.0 0.554161
5030.0 0.554193
5031.0 0.554224
5032.0 0.554252
5033.0 0.554279
5034.0 0.554305
5035.0 0.554328
5036.0 0.55435
5037.0 0.554371
5038.0 0.554389
5039.0 0.554406
5040.0 0.554422
5041.0 0.554436
5042.0 0.554448
5043.0 0.554459
5044.0 0.554469
5045.0 0.554476
5046.0 0.554483
5047.0 0.554487
5048.0 0.55449
5049.0 0.554492
5050.0 0.554492
5051.0 0.554491
5052.0 0.554488
5053.0 0.554483
5054.0 0.554478
5055.0 0.554471
5056.0 0.554462
5057.0 0.554452
5058.0 0.55444
5059.0 0.554427
5060.0 0.554412
5061.0 0.554397
5062.0 0.554379
5063.0 0.554361
5064.0 0.554341
5065.0 0.55432
5066.0 0.554297
5067.0 0.554273
5068.0 0.554248
5069.0 0.554221
5070.0 0.554193
5071.0 0.554164
5072.0 0.554134
5073.0 0.554102
5074.0 0.554069
5075.0 0.554035
5076.0 0.553999
5077.0 0.553963
5078.0 0.553925
5079.0 0.553886
5080.0 0.553845
5081.0 0.553804
5082.0 0.553762
5083.0 0.553718
5084.0 0.553673
5085.0 0.553627
5086.0 0.55358
5087.0 0.553531
5088.0 0.553482
5089.0 0.553432
5090.0 0.55338
5091.0 0.553327
5092.0 0.553274
5093.0 0.553219
5094.0 0.553163
5095.0 0.553107
5096.0 0.553049
5097.0 0.55299
5098.0 0.552931
5099.0 0.55287
5100.0 0.552809
5101.0 0.552746
5102.0 0.552683
5103.0 0.552618
5104.0 0.552553
5105.0 0.552487
5106.0 0.55242
5107.0 0.552352
5108.0 0.552284
5109.0 0.552214
5110.0 0.552144
5111.0 0.552072
5112.0 0.552
5113.0 0.551928
5114.0 0.551854
5115.0 0.55178
5116.0 0.551705
5117.0 0.551629
5118.0 0.551552
5119.0 0.551475
5120.0 0.551397
5121.0 0.551318
5122.0 0.551239
5123.0 0.551159
5124.0 0.551078
5125.0 0.550997
5126.0 0.550915
5127.0 0.550833
5128.0 0.55075
5129.0 0.550666
5130.0 0.550582
5131.0 0.550497
5132.0 0.550411
5133.0 0.550326
5134.0 0.550239
5135.0 0.550152
5136.0 0.550064
5137.0 0.549977
5138.0 0.549888
5139.0 0.549799
5140.0 0.54971
5141.0 0.54962
5142.0 0.54953
5143.0 0.549439
5144.0 0.549348
5145.0 0.549257
5146.0 0.549165
5147.0 0.549073
5148.0 0.548981
5149.0 0.548888
5150.0 0.548795
5151.0 0.548701
5152.0 0.548608
5153.0 0.548513
5154.0 0.548419
5155.0 0.548325
5156.0 0.54823
5157.0 0.548135
5158.0 0.54804
5159.0 0.547944
5160.0 0.547848
5161.0 0.547753
5162.0 0.547657
5163.0 0.547561
5164.0 0.547464
5165.0 0.547368
5166.0 0.547271
5167.0 0.547174
5168.0 0.547078
5169.0 0.546981
5170.0 0.546884
5171.0 0.546787
5172.0 0.54669
5173.0 0.546593
5174.0 0.546495
5175.0 0.546398
5176.0 0.546301
5177.0 0.546204
5178.0 0.546107
5179.0 0.54601
5180.0 0.545913
5181.0 0.545816
5182.0 0.545719
5183.0 0.545622
5184.0 0.545525
5185.0 0.545429
5186.0 0.545332
5187.0 0.545236
5188.0 0.545139
5189.0 0.545043
5190.0 0.544947
5191.0 0.544852
5192.0 0.544756
5193.0 0.544661
5194.0 0.544565
5195.0 0.54447
5196.0 0.544376
5197.0 0.544281
5198.0 0.544187
5199.0 0.544093
5200.0 0.543999
5201.0 0.543906
5202.0 0.543812
5203.0 0.54372
5204.0 0.543627
5205.0 0.543535
5206.0 0.543443
5207.0 0.543352
5208.0 0.54326
5209.0 0.54317
5210.0 0.543079
5211.0 0.542989
5212.0 0.542899
5213.0 0.54281
5214.0 0.542722
5215.0 0.542633
5216.0 0.542545
5217.0 0.542458
5218.0 0.542371
5219.0 0.542284
5220.0 0.542198
5221.0 0.542113
5222.0 0.542028
5223.0 0.541943
5224.0 0.541859
5225.0 0.541776
5226.0 0.541693
5227.0 0.54161
5228.0 0.541528
5229.0 0.541447
5230.0 0.541366
5231.0 0.541286
5232.0 0.541207
5233.0 0.541128
5234.0 0.54105
5235.0 0.540972
5236.0 0.540895
5237.0 0.540819
5238.0 0.540743
5239.0 0.540668
5240.0 0.540594
5241.0 0.54052
5242.0 0.540447
5243.0 0.540375
5244.0 0.540303
5245.0 0.540232
5246.0 0.540163
5247.0 0.540093
5248.0 0.540024
5249.0 0.539956
5250.0 0.539889
5251.0 0.539823
5252.0 0.539757
5253.0 0.539693
5254.0 0.539629
5255.0 0.539565
5256.0 0.539503
5257.0 0.539441
5258.0 0.539381
5259.0 0.539321
5260.0 0.539262
5261.0 0.539203
5262.0 0.539146
5263.0 0.53909
5264.0 0.539034
5265.0 0.538979
5266.0 0.538925
5267.0 0.538873
5268.0 0.538821
5269.0 0.538769
5270.0 0.538719
5271.0 0.538669
5272.0 0.53862
5273.0 0.538573
5274.0 0.538526
5275.0 0.538479
5276.0 0.538434
5277.0 0.538389
5278.0 0.538346
5279.0 0.538303
5280.0 0.538261
5281.0 0.538219
5282.0 0.538179
5283.0 0.538139
5284.0 0.5381
5285.0 0.538062
5286.0 0.538025
5287.0 0.537988
5288.0 0.537952
5289.0 0.537917
5290.0 0.537883
5291.0 0.53785
5292.0 0.537817
5293.0 0.537785
5294.0 0.537753
5295.0 0.537723
5296.0 0.537693
5297.0 0.537664
5298.0 0.537635
5299.0 0.537608
5300.0 0.537581
5301.0 0.537554
5302.0 0.537529
5303.0 0.537504
5304.0 0.53748
5305.0 0.537456
5306.0 0.537433
5307.0 0.537411
5308.0 0.53739
5309.0 0.537369
5310.0 0.537349
5311.0 0.537329
5312.0 0.53731
5313.0 0.537292
5314.0 0.537274
5315.0 0.537257
5316.0 0.537241
5317.0 0.537225
5318.0 0.53721
5319.0 0.537195
5320.0 0.537181
5321.0 0.537167
5322.0 0.537154
5323.0 0.537142
5324.0 0.53713
5325.0 0.537119
5326.0 0.537108
5327.0 0.537099
5328.0 0.537089
5329.0 0.53708
5330.0 0.537071
5331.0 0.537063
5332.0 0.537056
5333.0 0.537049
5334.0 0.537042
5335.0 0.537036
5336.0 0.537031
5337.0 0.537026
5338.0 0.537022
5339.0 0.537017
5340.0 0.537014
5341.0 0.537011
5342.0 0.537008
5343.0 0.537006
5344.0 0.537004
5345.0 0.537002
5346.0 0.537002
5347.0 0.537001
5348.0 0.537001
5349.0 0.537001
5350.0 0.537002
5351.0 0.537003
5352.0 0.537004
5353.0 0.537006
5354.0 0.537008
5355.0 0.537011
5356.0 0.537013
5357.0 0.537017
5358.0 0.53702
5359.0 0.537024
5360.0 0.537028
5361.0 0.537033
5362.0 0.537038
5363.0 0.537043
5364.0 0.537048
5365.0 0.537054
5366.0 0.53706
5367.0 0.537066
5368.0 0.537073
5369.0 0.53708
5370.0 0.537087
5371.0 0.537094
5372.0 0.537102
5373.0 0.537109
5374.0 0.537117
5375.0 0.537126
5376.0 0.537134
5377.0 0.537143
5378.0 0.537152
5379.0 0.537161
5380.0 0.53717
5381.0 0.53718
5382.0 0.537189
5383.0 0.537199
5384.0 0.537209
5385.0 0.537219
5386.0 0.537229
5387.0 0.53724
5388.0 0.537251
5389.0 0.537261
5390.0 0.537272
5391.0 0.537283
5392.0 0.537294
5393.0 0.537305
5394.0 0.537316
5395.0 0.537327
5396.0 0.537339
5397.0 0.53735
5398.0 0.537362
5399.0 0.537373
5400.0 0.537385
5401.0 0.537397
5402.0 0.537408
5403.0 0.53742
5404.0 0.537432
5405.0 0.537444
5406.0 0.537456
5407.0 0.537468
5408.0 0.537479
5409.0 0.537491
5410.0 0.537503
5411.0 0.537515
5412.0 0.537527
5413.0 0.537538
5414.0 0.53755
5415.0 0.537562
5416.0 0.537574
5417.0 0.537585
5418.0 0.537597
5419.0 0.537608
5420.0 0.53762
5421.0 0.537631
5422.0 0.537642
5423.0 0.537654
5424.0 0.537665
5425.0 0.537675
5426.0 0.537686
5427.0 0.537697
5428.0 0.537708
5429.0 0.537718
5430.0 0.537728
5431.0 0.537739
5432.0 0.537749
5433.0 0.537759
5434.0 0.537769
5435.0 0.537778
5436.0 0.537788
5437.0 0.537797
5438.0 0.537806
5439.0 0.537815
5440.0 0.537824
5441.0 0.537833
5442.0 0.537841
5443.0 0.53785
5444.0 0.537857
5445.0 0.537865
5446.0 0.537873
5447.0 0.53788
5448.0 0.537887
5449.0 0.537894
5450.0 0.537901
5451.0 0.537907
5452.0 0.537913
5453.0 0.537919
5454.0 0.537925
5455.0 0.53793
5456.0 0.537936
5457.0 0.53794
5458.0 0.537945
5459.0 0.537949
5460.0 0.537953
5461.0 0.537957
5462.0 0.53796
5463.0 0.537964
5464.0 0.537966
5465.0 0.537969
5466.0 0.537971
5467.0 0.537973
5468.0 0.537975
5469.0 0.537976
5470.0 0.537977
5471.0 0.537978
5472.0 0.537978
5473.0 0.537978
5474.0 0.537978
5475.0 0.537977
5476.0 0.537976
5477.0 0.537974
5478.0 0.537973
5479.0 0.537971
5480.0 0.537968
5481.0 0.537965
5482.0 0.537962
5483.0 0.537958
5484.0 0.537954
5485.0 0.53795
5486.0 0.537945
5487.0 0.53794
5488.0 0.537934
5489.0 0.537929
5490.0 0.537923
5491.0 0.537916
5492.0 0.537908
5493.0 0.537901
5494.0 0.537893
5495.0 0.537885
5496.0 0.537876
5497.0 0.537867
5498.0 0.537857
5499.0 0.537847
5500.0 0.537837
5501.0 0.537826
5502.0 0.537814
5503.0 0.537803
5504.0 0.53779
5505.0 0.537778
5506.0 0.537765
5507.0 0.537751
5508.0 0.537737
5509.0 0.537723
5510.0 0.537708
5511.0 0.537692
5512.0 0.537677
5513.0 0.537661
5514.0 0.537644
