calculator/instruments/lris/plaintext_files/blue_D460_400-3400.txt
# %ECSV 1.0
# ---
# datatype:
# - {name: WAV, unit: Angstrom, datatype: float32}
# - {name: EFF, datatype: float64}
# meta: !!omap
# - {GRISM: 400/3400}
# - {DICHROIC: D460}
# schema: astropy-2.0
WAV EFF
3100.0 0.06261712284875158
3101.0 0.0631357902171537
3102.0 0.06370230512876632
3103.0 0.0643090119766758
3104.0 0.06495016905569684
3105.0 0.06562194856237263
3106.0 0.06631956574238211
3107.0 0.06703823584140421
3108.0 0.06777413105598211
3109.0 0.06852629443525159
3110.0 0.06928898427402737
3111.0 0.07006220057230948
3112.0 0.07084211552664105
3113.0 0.0716277721861579
3114.0 0.07241821359999578
3115.0 0.0732105689155621
3116.0 0.07400388118199264
3117.0 0.07479815039928736
3118.0 0.0755924196165821
3119.0 0.07638573188301263
3120.0 0.07717713024771473
3121.0 0.07796661471068843
3122.0 0.07875322832106947
3123.0 0.07953792802972211
3124.0 0.08032071383664631
3125.0 0.08109967184011369
3126.0 0.08187671594185263
3127.0 0.08265184614186316
3128.0 0.08342314853841684
3129.0 0.08419253703324212
3130.0 0.08496001162633895
3131.0 0.08572557231770736
3132.0 0.08648826215648316
3133.0 0.08724999504439475
3134.0 0.0880098140305779
3135.0 0.08876867606589683
3136.0 0.08952562419948737
3137.0 0.09028257233307789
3138.0 0.09103760656493999
3139.0 0.0917926407968021
3140.0 0.0925467180778
3141.0 0.0933007953587979
3142.0 0.09405391568893158
3143.0 0.09480703601906526
3144.0 0.09556015634919895
3145.0 0.09631327667933264
3146.0 0.09706639700946632
3147.0 0.09781856038873579
3148.0 0.09857168071886947
3149.0 0.09932384409813895
3150.0 0.10007600747740843
3151.0 0.10082817085667789
3152.0 0.10158033423594737
3153.0 0.10233154066435264
3154.0 0.10308274709275789
3155.0 0.10383299657029896
3156.0 0.10458228909697578
3157.0 0.10533062467278842
3158.0 0.10607800329773685
3159.0 0.10682442497182104
3160.0 0.10756893274417684
3161.0 0.10831248356566842
3162.0 0.10905316353456737
3163.0 0.10979288655260211
3164.0 0.11052973871804421
3165.0 0.11126372003089369
3166.0 0.11199483049115053
3167.0 0.11272402704967895
3168.0 0.11344939580475054
3169.0 0.11417093675636526
3170.0 0.11488864990452316
3171.0 0.11560349220008842
3172.0 0.11631354974133264
3173.0 0.1170188225282558
3174.0 0.11772026751172211
3175.0 0.11841692774086737
3176.0 0.11910784626482736
3177.0 0.11979398003446631
3178.0 0.12047437209892001
3179.0 0.12114902245818841
3180.0 0.12181793111227157
3181.0 0.12248109806116947
3182.0 0.12313852330488209
3183.0 0.12378924989254526
3184.0 0.12443327782415896
3185.0 0.12507060709972317
3186.0 0.12570123771923788
3187.0 0.12632516968270316
3188.0 0.12694240299011894
3189.0 0.12755293764148526
3190.0 0.1281558166859379
3191.0 0.12875104012347685
3192.0 0.12933956490496631
3193.0 0.1299204340795421
3194.0 0.13049460459806841
3195.0 0.13106111950968105
3196.0 0.13161997881438
3197.0 0.13217213946302947
3198.0 0.13271664450476528
3199.0 0.13325349393958738
3200.0 0.13378364471836002
3201.0 0.13430709684108316
3202.0 0.13482193640602844
3203.0 0.1353310342657884
3204.0 0.13583247651863475
3205.0 0.13632722011543158
3206.0 0.13681526505617897
3207.0 0.13729661134087684
3208.0 0.13777221592038946
3209.0 0.13824016489298843
3210.0 0.13870332911126632
3211.0 0.13915979467349474
3212.0 0.1396095615796737
3213.0 0.1400545437315316
3214.0 0.1404937841782042
3215.0 0.1409282398705558
3216.0 0.1413569538577221
3217.0 0.14178088309056738
3218.0 0.1422009845199558
3219.0 0.14261534424415895
3220.0 0.14302587616490528
3221.0 0.14343258028219474
3222.0 0.14383545659602737
3223.0 0.14423546205726737
3224.0 0.14463163971505053
3225.0 0.14502398956937684
3226.0 0.14541442552197476
3227.0 0.14580199062198
3228.0 0.14618764182025684
3229.0 0.14657042216594104
3230.0 0.14695224556076106
3231.0 0.14733119810298845
3232.0 0.14771015064521578
3233.0 0.14808718928571474
3234.0 0.1484642279262137
3235.0 0.14884030961584843
3236.0 0.14921639130548317
3237.0 0.14959151604425366
3238.0 0.1499675977338884
3239.0 0.15034367942352317
3240.0 0.1507207180640221
3241.0 0.15109871365538527
3242.0 0.15147766619761263
3243.0 0.15185853264156843
3244.0 0.15224035603638844
3245.0 0.15262409333293683
3246.0 0.1530097445312137
3247.0 0.15339826658208316
3248.0 0.15378870253468105
3249.0 0.15418200933987158
3250.0 0.15457818699765474
3251.0 0.15497723550803053
3252.0 0.15538011182186315
3253.0 0.15578585898828842
3254.0 0.15619543395817054
3255.0 0.15660883673150947
3256.0 0.1570260673083053
3257.0 0.1574471256885579
3258.0 0.1578729688231316
3259.0 0.1583026397611621
3260.0 0.1587370954535137
3261.0 0.15917633590018632
3262.0 0.15962036110118
3263.0 0.16006917105649474
3264.0 0.16052276576613053
3265.0 0.16098114523008739
3266.0 0.1614452663992295
3267.0 0.16191512927355683
3268.0 0.16238977690220527
3269.0 0.16286920928517473
3270.0 0.1633553403241937
3271.0 0.1638462561175337
3272.0 0.16434291361605896
3273.0 0.16484531281976947
3274.0 0.16535345372866528
3275.0 0.16586733634274634
3276.0 0.16638696066201264
3277.0 0.16691232668646422
3278.0 0.16744343441610104
3279.0 0.16798028385092315
3280.0 0.16852383194179474
3281.0 0.16907216478698736
3282.0 0.16962623933736526
3283.0 0.17018605559292843
3284.0 0.17075257050454107
3285.0 0.17132387017047473
3286.0 0.17190091154159368
3287.0 0.1724836946178979
3288.0 0.17307221939938736
3289.0 0.1736655289351979
3290.0 0.17426458017619367
3291.0 0.17486937312237474
3292.0 0.17547895082287684
3293.0 0.17609427022856422
3294.0 0.17671437438857263
3295.0 0.17734022025376633
3296.0 0.17797085087328107
3297.0 0.17860626624711684
3298.0 0.1792464663752737
3299.0 0.1798914512577516
3300.0 0.1805402639436863
3301.0 0.1811948183348063
3302.0 0.18185320052938317
3303.0 0.18251541052741685
3304.0 0.1831824052797716
3305.0 0.18385322783558314
3306.0 0.1845288351457158
3307.0 0.18520731330844104
3308.0 0.18588961927462316
3309.0 0.1865757530442621
3310.0 0.1872657146173579
3311.0 0.18795854704304632
3312.0 0.18865425032132738
3313.0 0.18935378140306525
3314.0 0.1900561833373958
3315.0 0.19076049917345472
3316.0 0.19146864281297055
3317.0 0.19217870035421475
3318.0 0.19289162874805157
3319.0 0.19360647104361683
3320.0 0.19432418419177475
3321.0 0.19504285429079685
3322.0 0.1957643952424116
3323.0 0.19648689314489054
3324.0 0.1972122618999621
3325.0 0.1979385876058979
3326.0 0.1986658702626979
3327.0 0.19939506682122632
3328.0 0.20012522033061897
3329.0 0.20085633079087578
3330.0 0.20158839820199687
3331.0 0.2023204656131179
3332.0 0.20305444692596736
3333.0 0.20378747128795263
3334.0 0.2045214526008021
3335.0 0.20525543391365159
3336.0 0.20598941522650105
3337.0 0.20672243958848632
3338.0 0.20745642090133581
3339.0 0.20818944526332106
3340.0 0.2089215126744421
3341.0 0.20965262313469896
3342.0 0.21038373359495577
3343.0 0.2111129301534842
3344.0 0.21184212671201264
3345.0 0.21256940936881263
3346.0 0.21329477812388423
3347.0 0.2140191899280916
3348.0 0.21474264478143473
3349.0 0.21546322878218527
3350.0 0.21618285583207159
3351.0 0.21689961202936525
3352.0 0.21761541127579473
3353.0 0.21832833966963158
3354.0 0.21903935416174003
3355.0 0.21974845475212001
3356.0 0.22045468448990738
3357.0 0.22115804337510211
3358.0 0.2218585314077042
3359.0 0.2225571055385779
3360.0 0.22325280881685897
3361.0 0.22394564124254737
3362.0 0.22463560281564315
3363.0 0.22532173658528212
3364.0 0.22600595645319263
3365.0 0.22668634851764632
3366.0 0.22736386972950737
3367.0 0.2280375631379116
3368.0 0.22870934264458737
3369.0 0.2293763373969421
3370.0 0.23004046129670422
3371.0 0.23070171434387368
3372.0 0.23135913958758633
3373.0 0.23201273702784211
3374.0 0.23266250666464106
3375.0 0.23330940544884737
3376.0 0.23395247642959685
3377.0 0.2345917196068895
3378.0 0.23522713498072526
3379.0 0.2358587225511042
3380.0 0.23648743926889054
3381.0 0.2371113712323558
3382.0 0.23773243234322844
3383.0 0.2383496656506442
3384.0 0.23896211420373895
3385.0 0.23957169190424105
3386.0 0.2401774418012863
3387.0 0.24077936389487473
3388.0 0.24137745818500633
3389.0 0.24197172467168104
3390.0 0.24256216335489894
3391.0 0.24314877423466
3392.0 0.2437315573109642
3393.0 0.24431146953467578
3394.0 0.24488659700406631
3395.0 0.2454588536208642
3396.0 0.2460272824342053
3397.0 0.24659284039495372
3398.0 0.24715457055224524
3399.0 0.24771247290607998
3400.0 0.24826750440732212
3401.0 0.2488187081051074
3402.0 0.24936704095030002
3403.0 0.24991250294290002
3404.0 0.2504541371320431
3405.0 0.2509929004685937
3406.0 0.2515287929525516
3407.0 0.25206181458391685
3408.0 0.25259196536268946
3409.0 0.2531192452888695
3410.0 0.25364365436245684
3411.0 0.25416519258345155
3412.0 0.2546838599518537
3413.0 0.2552006134185274
3414.0 0.25571449603260843
3415.0 0.25622550779409686
3416.0 0.25673460565385686
3417.0 0.2572417896118884
3418.0 0.2577461027173274
3419.0 0.2582485019210379
3420.0 0.25874898722302
3421.0 0.2592466016724095
3422.0 0.25974325917093477
3423.0 0.2602370458168674
3424.0 0.2607298755119358
3425.0 0.2612198343544116
3426.0 0.26170883624602315
3427.0 0.2621959242359063
3428.0 0.26268109832406106
3429.0 0.26316531546135163
3430.0 0.26364761869691367
3431.0 0.2641289649816116
3432.0 0.264608397364581
3433.0 0.2650868727966863
3434.0 0.26556343432706314
3435.0 0.2660390389065758
3436.0 0.2665146434860884
3437.0 0.26698737721300847
3438.0 0.26746011093992844
3439.0 0.2679318877159842
3440.0 0.26840175059031157
3441.0 0.26887161346463895
3442.0 0.2693405193881021
3443.0 0.26980846836070105
3444.0 0.27027546038243583
3445.0 0.2707414954533063
3446.0 0.2712065735733127
3447.0 0.27167165169331897
3448.0 0.2721357728624611
3449.0 0.2725998940316031
3450.0 0.2730630582498811
3451.0 0.2735252655172947
3452.0 0.2739865158338442
3453.0 0.2744487231012579
3454.0 0.27490901646694316
3455.0 0.2753693098326284
3456.0 0.2758296031983137
3457.0 0.2762889396131347
3458.0 0.2767482760279558
3459.0 0.27720761244277686
3460.0 0.2776659919067337
3461.0 0.2781243713706905
3462.0 0.2785827508346474
3463.0 0.27904017334774
3464.0 0.27949759586083267
3465.0 0.2799550183739253
3466.0 0.28041148393615367
3467.0 0.2808689064492463
3468.0 0.28132537201147473
3469.0 0.2817818375737032
3470.0 0.28223734618506735
3471.0 0.2826938117472958
3472.0 0.28314932035866003
3473.0 0.2836048289700242
3474.0 0.28406033758138843
3475.0 0.28451488924188845
3476.0 0.28496944090238846
3477.0 0.2854239925628884
3478.0 0.2858785442233884
3479.0 0.2863321389330242
3480.0 0.28678573364265997
3481.0 0.2872393283522958
3482.0 0.2876919661110674
3483.0 0.288144603869839
3484.0 0.28859724162861056
3485.0 0.28904892243651786
3486.0 0.2895006032444253
3487.0 0.2899513271014684
3488.0 0.29040205095851157
3489.0 0.2908518178646905
3490.0 0.29130062782000526
3491.0 0.29174943777532
3492.0 0.2921972907797705
3493.0 0.2926451437842211
3494.0 0.29309108288694313
3495.0 0.2935370219896653
3496.0 0.29398200414152315
3497.0 0.2944260293425168
3498.0 0.2948700545435105
3499.0 0.2953121658427758
3500.0 0.29575332019117684
3501.0 0.2961935175887137
3502.0 0.2966327580353863
3503.0 0.29707104153119473
3504.0 0.29750836807613895
3505.0 0.29794378071935473
3506.0 0.2983782364117063
3507.0 0.29881173515319365
3508.0 0.29924331999295267
3509.0 0.29967394788184737
3510.0 0.3001026618690137
3511.0 0.3005294619544516
3512.0 0.30095530508902524
3513.0 0.3013792343218705
3514.0 0.3018012496529874
3515.0 0.30222230803324
3516.0 0.3026404955609
3517.0 0.30305772613769577
3518.0 0.30347208586189894
3519.0 0.3038854886352379
3520.0 0.30429602055598426
3521.0 0.30470559552586635
3522.0 0.30511134269229157
3523.0 0.3055161329078526
3524.0 0.3059180522708211
3525.0 0.30631805773206106
3526.0 0.30671519234070843
3527.0 0.3071104130476274
3528.0 0.3075027629019537
3529.0 0.3078931988545516
3530.0 0.3082807639545569
3531.0 0.30866545820196944
3532.0 0.3090472815967895
3533.0 0.3094262341390169
3534.0 0.3098023158286516
3535.0 0.31017648361655786
3536.0 0.3105468236010074
3537.0 0.3109142927328642
3538.0 0.31127889101212847
3539.0 0.3116415753896642
3540.0 0.31199947501287895
3541.0 0.31235546073436526
3542.0 0.3127076186523947
3543.0 0.31305690571783157
3544.0 0.31340236497981155
3545.0 0.31374495338919894
3546.0 0.3140846709459937
3547.0 0.31442056069933155
3548.0 0.3147526226492126
3549.0 0.31508181374650107
3550.0 0.3154071770403326
3551.0 0.31572966948157155
3552.0 0.3160483341193537
3553.0 0.316363170953679
3554.0 0.3166751369354116
3555.0 0.3169832751136874
3556.0 0.31728758548850633
3557.0 0.3175880680598684
3558.0 0.3178847228277737
3559.0 0.31817850674308634
3560.0 0.3184684628549421
3561.0 0.31875459116334104
3562.0 0.31903689166828314
3563.0 0.31931536436976843
3564.0 0.31959000926779685
3565.0 0.3198617833132327
3566.0 0.32012877260434736
3567.0 0.3203928910428695
3568.0 0.3206531816779347
3569.0 0.3209096445095431
3570.0 0.3211622795376948
3571.0 0.3214110867623895
3572.0 0.32165606618362735
3573.0 0.3218981747522726
3574.0 0.32213549856659685
3575.0 0.3223699515283284
3576.0 0.32260057668660314
3577.0 0.32282737404142103
3578.0 0.32305130054364634
3579.0 0.3232704422915505
3580.0 0.32348671318686206
3581.0 0.3237001132295811
3582.0 0.32390872851797897
3583.0 0.32411447295378426
3584.0 0.32431734653699684
3585.0 0.3245163923167526
3586.0 0.32471161029305157
3587.0 0.3249030004658937
3588.0 0.32509247673700736
3589.0 0.3252771682538
3590.0 0.325458988918
3591.0 0.3256379387296074
3592.0 0.3258140176886221
3593.0 0.32598626884417997
3594.0 0.32615469219628107
3595.0 0.3263212016466537
3596.0 0.3264838832935695
3597.0 0.32664465103875684
3598.0 0.3268015909804874
3599.0 0.3269556600696253
3600.0 0.32710685830617053
3601.0 0.3272561426409874
3602.0 0.32740159917234735
3603.0 0.3275451418019789
3604.0 0.3276858135790179
3605.0 0.32782361450346426
3606.0 0.3279595015261821
3607.0 0.3280925176963074
3608.0 0.32822266301384
3609.0 0.32835185138050843
3610.0 0.3284781688945842
3611.0 0.3286025725069316
3612.0 0.32872410526668633
3613.0 0.32884468107557685
3614.0 0.3289623860318747
3615.0 0.32907913403730843
3616.0 0.32919301119014943
3617.0 0.3293059313921263
3618.0 0.32941789464323895
3619.0 0.32952794399262314
3620.0 0.32963607944027895
3621.0 0.32974325793707054
3622.0 0.3298485225321337
3623.0 0.32995378712719686
3624.0 0.3300571378205316
3625.0 0.3301595315630021
3626.0 0.33026192530547266
3627.0 0.33036240514621473
3628.0 0.33046288498695686
3629.0 0.3305624078768347
3630.0 0.33066193076671263
3631.0 0.3307604967057263
3632.0 0.33085906264474
3633.0 0.33095762858375366
3634.0 0.33105523757190314
3635.0 0.33115380351091683
3636.0 0.3312514124990663
3637.0 0.33134997843808
3638.0 0.33144854437709365
3639.0 0.33154711031610734
3640.0 0.33164663320598525
3641.0 0.3317471130467274
3642.0 0.33184759288746946
3643.0 0.33194998662994
3644.0 0.3320523803724105
3645.0 0.3321557310657453
3646.0 0.3322600387099442
3647.0 0.3323662602558716
3648.0 0.33247248180179895
3649.0 0.3325815742003189
3650.0 0.33269066659883895
3651.0 0.3328026298499516
3652.0 0.3329155500519284
3653.0 0.3330303841556337
3654.0 0.3331471321610674
3655.0 0.3332657940682295
3656.0 0.33338636987712
3657.0 0.3335098165386032
3658.0 0.33363517710181473
3659.0 0.33376245156675477
3660.0 0.3338916399334232
3661.0 0.3340246561035484
3662.0 0.3341595861754021
3663.0 0.3342973870998484
3664.0 0.3344380588768874
3665.0 0.334581601506519
3666.0 0.33472801498874316
3667.0 0.33487729932356
3668.0 0.3350294545109695
3669.0 0.3351854375018358
3670.0 0.33534524829615897
3671.0 0.3355079299430747
3672.0 0.33567348244258316
3673.0 0.33584381969641264
3674.0 0.3360170278028347
3675.0 0.33619502066357787
3676.0 0.3363758843769137
3677.0 0.3365605758937063
3678.0 0.33675005216482
3679.0 0.33694335623939053
3680.0 0.33714048811741787
3681.0 0.33734240474976634
3682.0 0.3375481491855716
3683.0 0.3377586783756979
3684.0 0.3379730353692811
3685.0 0.33819217711718524
3686.0 0.33841610361941055
3687.0 0.3386448148759568
3688.0 0.33887831088682424
3689.0 0.33911659165201263
3690.0 0.3393596571715221
3691.0 0.3396075074453526
3692.0 0.3398601424735042
3693.0 0.34011851920684105
3694.0 0.340381680694499
3695.0 0.34064962693647793
3696.0 0.34092331488364214
3697.0 0.3412027445359916
3698.0 0.3414869589426621
3699.0 0.3417759581036537
3700.0 0.34207069896983056
3701.0 0.34237118154119267
3702.0 0.34267740581774
