calculator/instruments/lris/plaintext_files/blue_D460_600-4000.txt
# %ECSV 1.0
# ---
# datatype:
# - {name: WAV, unit: Angstrom, datatype: float32}
# - {name: EFF, datatype: float64}
# meta: !!omap
# - {GRISM: 600/4000}
# - {DICHROIC: D460}
# schema: astropy-2.0
WAV EFF
[from data line 603]
3803.0 0.3592422252772242
3804.0 0.35947476433722736
3805.0 0.3597025186429095
3806.0 0.3599264451451348
3807.0 0.36014558689303894
3808.0 0.36036090083748634
3809.0 0.3605723869784768
3810.0 0.3607790883651463
3811.0 0.3609819619483589
3812.0 0.36118100772811473
3813.0 0.3613771826552779
3814.0 0.36156857282812
3815.0 0.3617570921483695
3816.0 0.3619417836651621
3817.0 0.3621226473784979
3818.0 0.3623006402392411
3819.0 0.3624757622473916
3820.0 0.3626480134029495
3821.0 0.36281739370591476
3822.0 0.36298294620542315
3823.0 0.36314658480320317
3824.0 0.3633073525483905
3825.0 0.3634662063918495
3826.0 0.3636221893827158
3827.0 0.3637762584718537
3828.0 0.36392745670839893
3829.0 0.3640767410432158
3830.0 0.36422506842716845
3831.0 0.3643705249585284
3832.0 0.36451502453902423
3833.0 0.36465665326692737
3834.0 0.36479828199483055
3835.0 0.36493799682100525
3836.0 0.36507579774545157
3837.0 0.3652135986698979
3838.0 0.36534948569261577
3839.0 0.3654853727153337
3840.0 0.3656203027871874
3841.0 0.36575427590817683
3842.0 0.3658872920783021
3843.0 0.36602030824842735
3844.0 0.36615332441855264
3845.0 0.3662863405886779
3846.0 0.366418399807939
3847.0 0.36655141597806423
3848.0 0.3666844321481895
3849.0 0.36681744831831475
3850.0 0.3669514214393042
3851.0 0.3670853945602937
3852.0 0.3672203246321474
3853.0 0.36735621165486526
3854.0 0.36749305562844736
3855.0 0.3676308565528937
3856.0 0.36777057137906843
3857.0 0.3679112431561074
3858.0 0.36805287188401054
3859.0 0.3681964145136421
3860.0 0.3683418710450021
3861.0 0.36848924147809053
3862.0 0.3686385258129074
3863.0 0.36878972404945265
3864.0 0.36894379313859055
3865.0 0.3690997761294568
3866.0 0.3692576730220516
3867.0 0.36941748381637474
3868.0 0.3695792085124263
3869.0 0.36974380406107055
3870.0 0.36991031351144316
3871.0 0.3700787368635442
3872.0 0.37025003106823795
3873.0 0.3704222822237958
3874.0 0.3705974042319463
3875.0 0.3707744401418253
3876.0 0.37095434690429685
3877.0 0.3711352106176326
3878.0 0.37131894518356107
3879.0 0.3715055506020821
3880.0 0.37169311297146734
3881.0 0.37188354619344527
3882.0 0.3720758933171516
3883.0 0.3722701543425863
3884.0 0.3724663292697495
3885.0 0.37266537504950525
3886.0 0.37286633473098946
3887.0 0.3730701652650663
3888.0 0.3732759097008716
3889.0 0.37348356803840527
3890.0 0.37369314027766737
3891.0 0.3739055833695221
3892.0 0.3741199403631053
3893.0 0.3743362112584169
3894.0 0.37455535300632103
3895.0 0.3747773656068179
3896.0 0.37500033515817893
3897.0 0.37522617556213267
3898.0 0.3754539298678148
3899.0 0.3756845550260895
3900.0 0.37591709408609264
3901.0 0.3761525039986884
3902.0 0.37638982781301267
3903.0 0.3766290655290652
3904.0 0.37687117409771054
3905.0 0.37711615351894845
3906.0 0.3773620898910506
3907.0 0.37761185406660946
3908.0 0.37786353214389684
3909.0 0.37811712412291265
3910.0 0.37837358695452106
3911.0 0.3786319636878579
3912.0 0.3788932112737874
3913.0 0.37915637276144526
3914.0 0.3794224051016958
3915.0 0.37969035134367474
3916.0 0.37996116843824634
3917.0 0.38023389943454633
3918.0 0.38050950128343897
3919.0 0.3807879739849242
3920.0 0.38106836058813787
3921.0 0.38135161804394424
3922.0 0.381636789401479
3923.0 0.38192483161160634
3924.0 0.3822147877234621
3925.0 0.3825076146879105
3926.0 0.3828033125049516
3927.0 0.38310092422372105
3928.0 0.38340140679508317
3929.0 0.3837038032681737
3930.0 0.3840090705938568
3931.0 0.38431720877213266
3932.0 0.38462726085213683
3933.0 0.38494018378473366
3934.0 0.385255020619059
3935.0 0.38557272830597683
3936.0 0.38589330684548734
3937.0 0.38621579928672634
3938.0 0.38654116258055793
3939.0 0.3868684397761179
3940.0 0.3871985878242705
3941.0 0.3875316067250158
3942.0 0.3878674964783537
3943.0 0.38820434318255576
3944.0 0.38854501769021477
3945.0 0.38888760609960216
3946.0 0.38923210841071787
3947.0 0.38958043852529056
3948.0 0.3899297255907274
3949.0 0.390282840459621
3950.0 0.39063691227937897
3951.0 0.3909948119025937
3952.0 0.39135462542753685
3953.0 0.3917163528542084
3954.0 0.39208095113347263
3955.0 0.3924474633144653
3956.0 0.39281684634805053
3957.0 0.39318910023422843
3958.0 0.39356231107127054
3959.0 0.39393934971176947
3960.0 0.3943173453031326
3961.0 0.39469916869795263
3962.0 0.39508194904363686
3963.0 0.3954676002419137
3964.0 0.39585516534191895
3965.0 0.39624560129451686
3966.0 0.396636994197979
3967.0 0.39703221490489793
3968.0 0.39742839256268103
3969.0 0.39782744107305684
3970.0 0.39822840348516103
3971.0 0.39863127979899365
3972.0 0.39903607001455477
3973.0 0.3994437310827084
3974.0 0.3998523491017263
3975.0 0.4002638379733368
3976.0 0.40067628379581155
3977.0 0.40109160047087894
3978.0 0.40150883104767476
3979.0 0.40192797552619897
3980.0 0.4023490339064516
3981.0 0.4027710492375684
3982.0 0.4031959354212779
3983.0 0.4036217785558516
3984.0 0.4040495355921537
3985.0 0.40447920653018427
3986.0 0.4049107913699432
3987.0 0.4053433331605663
3988.0 0.40577778885291793
3989.0 0.4062141584469979
3990.0 0.40665148499194215
3991.0 0.40709072543861474
3992.0 0.4075309228361516
3993.0 0.40797303413541686
3994.0 0.4084161023855463
3995.0 0.40886012758654
3996.0 0.4093060666892621
3997.0 0.40975296274284845
3998.0 0.41020081574729894
3999.0 0.41064962570261365
4000.0 0.41110034955965685
4001.0 0.4115510734167
4002.0 0.4120037111754716
4003.0 0.41245634893424316
4004.0 0.41291090059474317
4005.0 0.4133654522552431
4006.0 0.4138209608666074
4007.0 0.4142764694779716
4008.0 0.4147329350402
4009.0 0.4151903575532926
4010.0 0.41564873701724947
4011.0 0.4161071164812063
4012.0 0.4165654959451632
4013.0 0.41702387540912
4014.0 0.41748321182394105
4015.0 0.41794254823876215
4016.0 0.4184018846535832
4017.0 0.41886217801926845
4018.0 0.4193215144340895
4019.0 0.41978085084891054
4020.0 0.4202401872637316
4021.0 0.42069856672768846
4022.0 0.42115790314250945
4023.0 0.42161628260646633
4024.0 0.42207466207042316
4025.0 0.42253208458351577
4026.0 0.4229885501457442
4027.0 0.42344501570797266
4028.0 0.42390052431933684
4029.0 0.42435507597983685
4030.0 0.42480867068947264
4031.0 0.4252613084482442
4032.0 0.4257129892561516
4033.0 0.42616371311319473
4034.0 0.4266134800193737
4035.0 0.4270613330238242
4036.0 0.42750822907741054
4037.0 0.42795321122926844
4038.0 0.4283972364302621
4039.0 0.42883934772952736
4040.0 0.42927954512706423
4041.0 0.42971878557373683
4042.0 0.43015611211868104
4043.0 0.43059248171276104
4044.0 0.43102693740511266
4045.0 0.4314594791957358
4046.0 0.43189106403549476
4047.0 0.43232073497352524
4048.0 0.4327484920098274
4049.0 0.4331752920952653
4050.0 0.43360017827897473
4051.0 0.4340231505609558
4052.0 0.4344451658920726
4053.0 0.43486431037059686
4054.0 0.43528345484912107
4055.0 0.4356997284750526
4056.0 0.4361140881992558
4057.0 0.43652749097259474
4058.0 0.43693802289334105
4059.0 0.43734759786322314
4060.0 0.43775525893137684
4061.0 0.4381610060978021
4062.0 0.43856483936249896
4063.0 0.43896675872546737
4064.0 0.4393677211375716
4065.0 0.43976581269708315
4066.0 0.4401619903548663
4067.0 0.4405572110617853
4068.0 0.44094956091611154
4069.0 0.44133999686870945
4070.0 0.441728518919579
4071.0 0.44211608401958424
4072.0 0.44250077826699685
4073.0 0.4428835586126811
4074.0 0.44326346810577266
4075.0 0.443642420648
4076.0 0.44401945928849895
4077.0 0.4443936270764053
4078.0 0.4447658809625832
4079.0 0.44513622094703265
4080.0 0.44550464702975373
4081.0 0.4458702022598821
4082.0 0.44623480053914627
4083.0 0.4465955710149537
4084.0 0.4469553845398968
4085.0 0.44731232721224734
4086.0 0.4476673559828695
4087.0 0.44802047085176316
4088.0 0.4483707148680642
4089.0 0.44871904498263687
4090.0 0.44906450424461686
4091.0 0.44940804960486846
4092.0 0.4497496810633916
4093.0 0.4500884416693221
4094.0 0.45042433142266003
4095.0 0.45075830727426947
4096.0 0.4510903692241505
4097.0 0.4514186033705747
4098.0 0.45174588056613474
4099.0 0.4520702869091021
4100.0 0.4523918223994769
4101.0 0.45271048703725897
4102.0 0.45302723777331266
4103.0 0.45334207460763787
4104.0 0.4536530836385063
4105.0 0.45396313571851055
4106.0 0.4542693599950579
4107.0 0.4545727134190126
4108.0 0.45487415294123895
4109.0 0.45517367856173685
4110.0 0.45546937637877793
4111.0 0.45576316029409053
4112.0 0.45605407335681053
4113.0 0.4563421155669379
4114.0 0.45662728692447263
4115.0 0.45691054438027895
4116.0 0.45719093098349267
4117.0 0.45746748978324947
4118.0 0.4577421346812779
4119.0 0.45801486567757793
4120.0 0.45828376887042105
4121.0 0.45854980121067157
4122.0 0.45881391964919366
4123.0 0.4590751672351232
4124.0 0.4593325870175958
4125.0 0.45958809289834
4126.0 0.45984072792649155
4127.0 0.46009049210205055
4128.0 0.46033738542501684
4129.0 0.46058140789539054
4130.0 0.4608235164640358
4131.0 0.4610617972292242
4132.0 0.46129720714182
4133.0 0.4615297462018232
4134.0 0.4617603713600979
4135.0 0.4619871687149158
4136.0 0.46221109521714104
4137.0 0.4624321508667737
4138.0 0.4626512926146779
4139.0 0.46286660655912526
4140.0 0.46308000660184423
4141.0 0.4632895788411063
4142.0 0.46349628022777584
4143.0 0.46370106771271685
4144.0 0.46390202739420106
4145.0 0.46410011622309266
4146.0 0.46429533419939156
4147.0 0.4644886382739621
4148.0 0.4646781145450758
4149.0 0.46486567691446107
4150.0 0.4650494114803895
4151.0 0.4652302751937253
4152.0 0.46540922500533266
4153.0 0.46558434701348317
4154.0 0.46575755511990524
4155.0 0.46592693542287056
4156.0 0.4660944018241074
4157.0 0.4662580404218874
4158.0 0.466419765117939
4159.0 0.4665776620105337
4160.0 0.4667336450014
4161.0 0.4668867571396737
4162.0 0.46703699842535473
4163.0 0.46718436885844317
4164.0 0.46732886843893895
4165.0 0.4674704971668421
4166.0 0.4676102119930169
4167.0 0.4677460990157347
4168.0 0.46788007213672417
4169.0 0.46801021745425686
4170.0 0.46813844887006106
4171.0 0.46826380943327267
4172.0 0.4683872560947558
4173.0 0.4685068749527821
4174.0 0.46862457990907996
4175.0 0.46873941401278524
4176.0 0.4688504203130337
4177.0 0.46896046966241794
4178.0 0.46906669120834527
4179.0 0.46917004190168
4180.0 0.4692714786932863
4181.0 0.46937004463230003
4182.0 0.4694657397187211
4183.0 0.46955856395254947
4184.0 0.4696494742846495
4185.0 0.4697365568132927
4186.0 0.46982172544020734
4187.0 0.46990498016539367
4188.0 0.46998440708712313
4189.0 0.4700619201071242
4190.0 0.47013656227453265
4191.0 0.47020833358934844
4192.0 0.4702781910024358
4193.0 0.47034517756293054
4194.0 0.47040929327083264
4195.0 0.47047149507700636
4196.0 0.4705308260305874
4197.0 0.4705872861315758
4198.0 0.4706418323308358
4199.0 0.4706935076775032
4200.0 0.47074326912244213
4201.0 0.47079015971478844
4202.0 0.4708341794545421
4203.0 0.4708762852925674
4204.0 0.470915520278
4205.0 0.47095284136170423
4206.0 0.47098824854368
4207.0 0.47102078487306315
4208.0 0.47105140730071793
4209.0 0.47107915887578
4210.0 0.4711040395982495
4211.0 0.47112796336985474
4212.0 0.4711490162888674
4213.0 0.4711681553061516
4214.0 0.47118442347084316
4215.0 0.4711987777338063
4216.0 0.4712112180950411
4217.0 0.4712217445545474
4218.0 0.47122940016146103
4219.0 0.47123514186664633
4220.0 0.47123896967010315
4221.0 0.4712408835718316
4222.0 0.4712408835718316
4223.0 0.47123896967010315
4224.0 0.4712341849157821
4225.0 0.47122844321059687
4226.0 0.47121983065281897
4227.0 0.47121026114417686
4228.0 0.4711987777338063
4229.0 0.47118442347084316
4230.0 0.4711691122570158
4231.0 0.47115188714146
4232.0 0.4711327481241758
4233.0 0.47111169520516316
4234.0 0.4710887283844221
4235.0 0.47106480461281686
4236.0 0.4710389669394832
4237.0 0.4710112153644211
4238.0 0.4709815498876306
4239.0 0.4709509274599758
4240.0 0.47091839113059264
4241.0 0.47088489785034526
4242.0 0.47084949066836945
4243.0 0.47081216958466526
4244.0 0.47077389155009686
4245.0 0.4707346565646642
4246.0 0.4706935076775032
4247.0 0.4706514018394779
4248.0 0.4706073820997242
4249.0 0.4705624054091063
4250.0 0.47051551481676
4251.0 0.4704676672735495
4252.0 0.47041886277947476
4253.0 0.4703691013345358
4254.0 0.4703183829387327
4255.0 0.4702657506412011
4256.0 0.47021216139280525
4257.0 0.4701576151935453
4258.0 0.47010211204342106
4259.0 0.47004565194243264
4260.0 0.46998823489058
4261.0 0.46992986088786315
4262.0 0.46987052993428213
4263.0 0.46981024202983684
4264.0 0.4697489971745274
4265.0 0.46968679536835367
4266.0 0.46962459356218
4267.0 0.4695604778542779
4268.0 0.4694963621463758
4269.0 0.4694312894876095
4270.0 0.469365259877979
4271.0 0.4692992302683484
4272.0 0.4692312867569895
4273.0 0.4691633432456305
4274.0 0.4690953997342716
4275.0 0.4690264992720484
4276.0 0.4689566418589611
4277.0 0.4688867844458737
4278.0 0.4688159700819221
4279.0 0.46874515571797054
4280.0 0.46867338440315476
4281.0 0.468601613088339
4282.0 0.4685288848226589
4283.0 0.468456156556979
4284.0 0.468383428291299
4285.0 0.46830974307475476
4286.0 0.46823605785821054
4287.0 0.4681623726416663
4288.0 0.4680877304742579
4289.0 0.46801308830684946
4290.0 0.4679384461394411
4291.0 0.46786380397203264
4292.0 0.4677891618046242
4293.0 0.4677135626863516
4294.0 0.46763796356807896
4295.0 0.46756332140067053
4296.0 0.46748772228239793
4297.0 0.4674121231641253
4298.0 0.46733652404585263
4299.0 0.46726092492758003
4300.0 0.4671853258093074
4301.0 0.46710972669103473
4302.0 0.4670341275727621
4303.0 0.4669585284544895
4304.0 0.46688292933621683
4305.0 0.46680828716880846
4306.0 0.4667326880505358
4307.0 0.46665804588312737
4308.0 0.46658340371571894
4309.0 0.4665078045974463
4310.0 0.4664341193809021
4311.0 0.4663594772134937
4312.0 0.46628483504608526
4313.0 0.46621114982954104
4314.0 0.4661374646129969
4315.0 0.4660647363473168
4316.0 0.46599105113077266
4317.0 0.4659183228650926
4318.0 0.46584559459941266
4319.0 0.4657738232845969
4320.0 0.46570205196978104
4321.0 0.46563028065496526
4322.0 0.4655594662910137
4323.0 0.4654886519270621
4324.0 0.4654178375631105
4325.0 0.46534798015002315
4326.0 0.4652781227369358
4327.0 0.4652092222747126
4328.0 0.4651403218124895
4329.0 0.46507142135026636
4330.0 0.4650034778389074
4331.0 0.46493649127841263
4332.0 0.4648695047179179
4333.0 0.46480251815742313
4334.0 0.46473648854779265
4335.0 0.4646704589381621
4336.0 0.4646053862793958
4337.0 0.4645403136206295
4338.0 0.4644761979127274
4339.0 0.4644130391556895
4340.0 0.4643489234477874
4341.0 0.4642867216416137
4342.0 0.46422451983544
4343.0 0.46416231802926633
4344.0 0.4641010731739568
4345.0 0.4640407852695116
4346.0 0.4639804973650663
4347.0 0.46392020946062107
4348.0 0.4638618354579042
4349.0 0.4638025045043232
4350.0 0.46374508745247056
4351.0 0.46368671344975365
4352.0 0.46362929639790107
4353.0 0.46357283629691265
4354.0 0.46351637619592423
4355.0 0.4634618299966642
4356.0 0.46340632684654
4357.0 0.46335178064728
4358.0 0.46329723444802
4359.0 0.4632436451996242
4360.0 0.46319101290209264
4361.0 0.46313838060456103
4362.0 0.4630857483070295
4363.0 0.4630350299112263
4364.0 0.46298335456455897
4365.0 0.4629326361687558
4366.0 0.4628828747238169
4367.0 0.4628331132788779
4368.0 0.4627833518339389
4369.0 0.46273454733986424
4370.0 0.4626866997966537
4371.0 0.4626388522534432
4372.0 0.4625910047102327
4373.0 0.4625441141178863
4374.0 0.46249722352554
4375.0 0.46245128988405787
4376.0 0.4624053562425758
4377.0 0.46236037955195786
4378.0 0.46231540286134004
4379.0 0.4622704261707221
4380.0 0.4622264064309684
4381.0 0.46218238669121475
4382.0 0.4621383669514611
4383.0 0.4620953041625716
4384.0 0.4620522413736821
4385.0 0.46201013553565684
4386.0 0.4619680296976316
4387.0 0.46192592385960635
4388.0 0.461883818021581
4389.0 0.46184266913442
4390.0 0.46180152024725896
4391.0 0.4617613283109621
4392.0 0.46172017942380106
4393.0 0.4616799874875042
4394.0 0.4616397955512074
4395.0 0.46159960361491054
4396.0 0.46156036862947786
4397.0 0.4615211336440453
4398.0 0.46148189865861267
4399.0 0.46144266367318
4400.0 0.46140342868774736
4401.0 0.46136419370231474
4402.0 0.4613259156677463
4403.0 0.46128763763317787
4404.0 0.46124840264774525
4405.0 0.46121012461317684
4406.0 0.46117184657860844
4407.0 0.46113356854404
