calculator/instruments/lris/plaintext_files/blue_D680_400-3400.txt
# %ECSV 1.0
# ---
# datatype:
# - {name: WAV, unit: Angstrom, datatype: float32}
# - {name: EFF, datatype: float64}
# meta: !!omap
# - {GRISM: 400/3400}
# - {DICHROIC: D680}
# schema: astropy-2.0
WAV EFF
3100.0 0.06412532
3101.0 0.06465648
3102.0 0.06523664
3103.0 0.06585796
3104.0 0.06651456
3105.0 0.06720252
3106.0 0.06791694000000001
3107.0 0.06865292
3108.0 0.06940654
3109.0 0.07017682
3110.0 0.07095788
3111.0 0.07174972
3112.0 0.07254842
3113.0 0.073353
3114.0 0.07416247999999999
3115.0 0.07497392
3116.0 0.07578634
3117.0 0.07659974
3118.0 0.07741313999999999
3119.0 0.07822556
3120.0 0.07903602
3121.0 0.07984452
3122.0 0.08065008
3123.0 0.08145368
3124.0 0.08225531999999999
3125.0 0.08305304000000001
3126.0 0.0838488
3127.0 0.0846426
3128.0 0.08543248
3129.0 0.0862204
3130.0 0.08700636
3131.0 0.08779036
3132.0 0.08857142
3133.0 0.0893515
3134.0 0.09012962
3135.0 0.09090675999999999
3136.0 0.09168193999999999
3137.0 0.09245711999999999
3138.0 0.09323034
3139.0 0.09400355999999999
3140.0 0.09477580000000001
3141.0 0.09554804
3142.0 0.0963193
3143.0 0.09709055999999999
3144.0 0.09786182
3145.0 0.09863308
3146.0 0.09940434
3147.0 0.10017462
3148.0 0.10094588
3149.0 0.10171616
3150.0 0.10248644
3151.0 0.10325672
3152.0 0.104027
3153.0 0.1047963
3154.0 0.1055656
3155.0 0.10633392
3156.0 0.10710125999999999
3157.0 0.10786762
3158.0 0.10863300000000001
3159.0 0.10939739999999999
3160.0 0.11015984
3161.0 0.11092129999999999
3162.0 0.11167982
3163.0 0.11243736
3164.0 0.11319196
3165.0 0.11394362
3166.0 0.11469233999999999
3167.0 0.11543909999999999
3168.0 0.11618194
3169.0 0.11692085999999999
3170.0 0.11765586
3171.0 0.11838792
3172.0 0.11911508
3173.0 0.11983734
3174.0 0.12055568
3175.0 0.12126912000000001
3176.0 0.12197667999999999
3177.0 0.12267933999999998
3178.0 0.12337612
3179.0 0.12406701999999999
3180.0 0.12475204
3181.0 0.12543118
3182.0 0.12610443999999998
3183.0 0.12677084
3184.0 0.12743038
3185.0 0.12808306
3186.0 0.12872888
3187.0 0.12936783999999998
3188.0 0.12999993999999998
3189.0 0.13062517999999998
3190.0 0.13124258
3191.0 0.13185214
3192.0 0.13245484
3193.0 0.1330497
3194.0 0.13363769999999997
3195.0 0.13421786
3196.0 0.13479017999999998
3197.0 0.13535564
3198.0 0.13591326
3199.0 0.13646304
3200.0 0.13700596
3201.0 0.13754202
3202.0 0.13806926
3203.0 0.13859062
3204.0 0.13910414000000001
3205.0 0.1396108
3206.0 0.1401106
3207.0 0.14060354
3208.0 0.14109059999999998
3209.0 0.14156982
3210.0 0.14204413999999999
3211.0 0.1425116
3212.0 0.1429722
3213.0 0.1434279
3214.0 0.14387772
3215.0 0.14432264
3216.0 0.14476167999999998
3217.0 0.14519582
3218.0 0.14562604
3219.0 0.14605038
3220.0 0.1464708
3221.0 0.1468873
3222.0 0.14729988
3223.0 0.14770951999999998
3224.0 0.14811523999999998
3225.0 0.14851704
3226.0 0.14891688
3227.0 0.14931378
3228.0 0.14970872000000002
3229.0 0.15010072
3230.0 0.15049174
3231.0 0.15087982
3232.0 0.15126789999999998
3233.0 0.15165402
3234.0 0.15204014
3235.0 0.15242528
3236.0 0.15281042
3237.0 0.15319458
3238.0 0.15357972
3239.0 0.15396485999999998
3240.0 0.15435098
3241.0 0.15473808
3242.0 0.15512615999999999
3243.0 0.1555162
3244.0 0.15590722
3245.0 0.1563002
3246.0 0.15669514
3247.0 0.15709302
3248.0 0.15749285999999998
3249.0 0.15789564
3250.0 0.15830136
3251.0 0.15871002
3252.0 0.15912259999999998
3253.0 0.15953811999999998
3254.0 0.15995756
3255.0 0.16038091999999998
3256.0 0.1608082
3257.0 0.1612394
3258.0 0.1616755
3259.0 0.16211551999999999
3260.0 0.16256044
3261.0 0.16301026000000002
3262.0 0.16346498
3263.0 0.1639246
3264.0 0.16438912
3265.0 0.16485854
3266.0 0.16533383999999998
3267.0 0.16581501999999998
3268.0 0.1663011
3269.0 0.16679207999999998
3270.0 0.16728991999999998
3271.0 0.16779266
3272.0 0.16830128
3273.0 0.16881578
3274.0 0.16933615999999999
3275.0 0.16986242000000001
3276.0 0.17039456
3277.0 0.17093258
3278.0 0.17147648
3279.0 0.17202626
3280.0 0.1725829
3281.0 0.17314444
3282.0 0.17371186
3283.0 0.17428516
3284.0 0.17486532000000002
3285.0 0.17545038
3286.0 0.17604131999999997
3287.0 0.17663813999999997
3288.0 0.17724083999999998
3289.0 0.17784844
3290.0 0.17846192
3291.0 0.17908128
3292.0 0.17970554
3293.0 0.18033568
3294.0 0.18097072
3295.0 0.18161164000000002
3296.0 0.18225746
3297.0 0.18290818
3298.0 0.1835638
3299.0 0.18422432
3300.0 0.18488875999999999
3301.0 0.18555908
3302.0 0.18623332
3303.0 0.18691148
3304.0 0.18759454
3305.0 0.18828151999999998
3306.0 0.18897339999999999
3307.0 0.18966822
3308.0 0.19036696
3309.0 0.19106962
3310.0 0.1917762
3311.0 0.19248572
3312.0 0.19319818
3313.0 0.19391455999999999
3314.0 0.19463388
3315.0 0.19535516
3316.0 0.19608036
3317.0 0.19680751999999999
3318.0 0.19753762
3319.0 0.19826968
3320.0 0.19900468
3321.0 0.19974066
3322.0 0.20047958
3323.0 0.20121948
3324.0 0.20196231999999997
3325.0 0.20270614
3326.0 0.20345094
3327.0 0.20419769999999998
3328.0 0.20494544
3329.0 0.20569416
3330.0 0.20644386
3331.0 0.20719356
3332.0 0.20794522
3333.0 0.2086959
3334.0 0.20944756
3335.0 0.21019922000000002
3336.0 0.21095088
3337.0 0.21170155999999998
3338.0 0.21245322
3339.0 0.2132039
3340.0 0.2139536
3341.0 0.21470232
3342.0 0.21545103999999998
3343.0 0.2161978
3344.0 0.21694456
3345.0 0.21768936
3346.0 0.2184322
3347.0 0.21917406
3348.0 0.21991493999999998
3349.0 0.22065288
3350.0 0.22138984
3351.0 0.22212386
3352.0 0.2228569
3353.0 0.22358699999999998
3354.0 0.22431514
3355.0 0.22504132
3356.0 0.22576456
3357.0 0.22648486
3358.0 0.22720221999999998
3359.0 0.22791762
3360.0 0.22863007999999999
3361.0 0.2293396
3362.0 0.23004618
3363.0 0.23074883999999998
3364.0 0.23144953999999998
3365.0 0.23214632000000002
3366.0 0.23284016
3367.0 0.23353008
3368.0 0.23421804
3369.0 0.23490109999999997
3370.0 0.23558121999999998
3371.0 0.23625839999999998
3372.0 0.23693166000000002
3373.0 0.237601
3374.0 0.23826642
3375.0 0.2389289
3376.0 0.23958746
3377.0 0.2402421
3378.0 0.24089282
3379.0 0.24153961999999998
3380.0 0.24218348
3381.0 0.24282244
3382.0 0.24345846000000002
3383.0 0.24409055999999998
3384.0 0.24471775999999998
3385.0 0.24534202
3386.0 0.24596236
3387.0 0.24657877999999997
3388.0 0.24719128
3389.0 0.24779985999999998
3390.0 0.24840451999999996
3391.0 0.24900526
3392.0 0.24960207999999998
3393.0 0.25019596
3394.0 0.25078494
3395.0 0.25137097999999997
3396.0 0.2519531
3397.0 0.25253228
3398.0 0.25310753999999996
3399.0 0.25367888
3400.0 0.25424728
3401.0 0.25481176
3402.0 0.2553733
3403.0 0.25593190000000005
3404.0 0.25648657999999996
3405.0 0.25703832
3406.0 0.25758712
3407.0 0.25813298
3408.0 0.2586759
3409.0 0.25921588
3410.0 0.25975292
3411.0 0.26028702
3412.0 0.26081818
3413.0 0.26134738
3414.0 0.26187364
3415.0 0.26239696
3416.0 0.26291832000000004
3417.0 0.26343772
3418.0 0.26395418
3419.0 0.26446868
3420.0 0.26498121999999996
3421.0 0.26549082
3422.0 0.26599944
3423.0 0.26650512000000004
3424.0 0.26700982
3425.0 0.26751158
3426.0 0.26801236
3427.0 0.26851117999999996
3428.0 0.26900804
3429.0 0.26950392
3430.0 0.26999784
3431.0 0.27049078
3432.0 0.27098175999999996
3433.0 0.27147175999999995
3434.0 0.2719598
3435.0 0.27244686
3436.0 0.27293392
3437.0 0.27341804000000003
3438.0 0.27390216
3439.0 0.2743853
3440.0 0.27486648
3441.0 0.27534766
3442.0 0.27582786
3443.0 0.27630708
3444.0 0.27678532
3445.0 0.27726258
3446.0 0.27773886000000003
3447.0 0.27821514
3448.0 0.27869044000000004
3449.0 0.27916574
3450.0 0.27964006
3451.0 0.28011339999999996
3452.0 0.28058576
3453.0 0.2810591
3454.0 0.28153047999999997
3455.0 0.28200186
3456.0 0.28247324
3457.0 0.28294364
3458.0 0.28341404
3459.0 0.28388443999999996
3460.0 0.28435386
3461.0 0.28482328
3462.0 0.2852927
3463.0 0.28576113999999997
3464.0 0.28622958000000004
3465.0 0.28669802
3466.0 0.28716548000000003
3467.0 0.28763392
3468.0 0.28810137999999996
3469.0 0.28856884
3470.0 0.28903532
3471.0 0.28950277999999996
3472.0 0.28996926
3473.0 0.29043574
3474.0 0.29090222
3475.0 0.29136772
3476.0 0.29183322
3477.0 0.29229871999999996
3478.0 0.29276421999999996
3479.0 0.29322874
3480.0 0.29369325999999996
3481.0 0.29415778
3482.0 0.29462132
3483.0 0.29508486
3484.0 0.2955484
3485.0 0.29601096
3486.0 0.29647352
3487.0 0.2969351
3488.0 0.29739668
3489.0 0.29785728
3490.0 0.2983169
3491.0 0.29877652
3492.0 0.29923516
3493.0 0.2996938
3494.0 0.30015048
3495.0 0.30060716
3496.0 0.30106286
3497.0 0.30151757999999995
3498.0 0.30197229999999997
3499.0 0.30242506
3500.0 0.30287684
3501.0 0.30332764
3502.0 0.30377746
3503.0 0.3042263
3504.0 0.30467415999999997
3505.0 0.30512005999999997
3506.0 0.30556498
3507.0 0.30600891999999996
3508.0 0.3064509
3509.0 0.3068919
3510.0 0.30733094
3511.0 0.30776802000000003
3512.0 0.30820411999999997
3513.0 0.30863826
3514.0 0.30907044
3515.0 0.30950163999999997
3516.0 0.3099299
3517.0 0.31035718
3518.0 0.31078152000000003
3519.0 0.31120488
3520.0 0.3116253
3521.0 0.31204474
3522.0 0.31246026
3523.0 0.3128748
3524.0 0.3132864
3525.0 0.31369604
3526.0 0.31410274
3527.0 0.31450748
3528.0 0.31490928
3529.0 0.31530911999999994
3530.0 0.31570602000000003
3531.0 0.31609997999999995
3532.0 0.316491
3533.0 0.31687908000000004
3534.0 0.31726422
3535.0 0.31764739999999997
3536.0 0.31802666
3537.0 0.31840298
3538.0 0.31877636000000004
3539.0 0.31914778
3540.0 0.31951430000000003
3541.0 0.31987886
3542.0 0.32023949999999995
3543.0 0.32059719999999997
3544.0 0.32095098
3545.0 0.32130182
3546.0 0.32164972
3547.0 0.3219937
3548.0 0.32233375999999997
3549.0 0.32267088
3550.0 0.32300407999999997
3551.0 0.32333434
3552.0 0.32366068
3553.0 0.3239831
3554.0 0.32430258
3555.0 0.32461814
3556.0 0.32492978
3557.0 0.32523749999999996
3558.0 0.3255413
3559.0 0.32584216
3560.0 0.3261391
3561.0 0.32643212
3562.0 0.32672122
3563.0 0.3270064
3564.0 0.32728766
3565.0 0.32756598000000003
3566.0 0.3278394
3567.0 0.32810987999999996
3568.0 0.32837644
3569.0 0.32863908
3570.0 0.3288978
3571.0 0.3291526
3572.0 0.32940347999999997
3573.0 0.32965142
3574.0 0.32989446
3575.0 0.33013456
3576.0 0.33037074
3577.0 0.330603
3578.0 0.33083232
3579.0 0.33105673999999996
3580.0 0.33127821999999996
3581.0 0.33149676
3582.0 0.3317104
3583.0 0.3319211
3584.0 0.33212886
3585.0 0.3323327
3586.0 0.33253262
3587.0 0.33272862000000003
3588.0 0.33292266
3589.0 0.33311179999999996
3590.0 0.333298
3591.0 0.33348126
3592.0 0.33366158
3593.0 0.33383798
3594.0 0.33401046
3595.0 0.33418098
3596.0 0.33434758
3597.0 0.33451221999999997
3598.0 0.33467294
3599.0 0.33483072
3600.0 0.33498556
3601.0 0.33513844
3602.0 0.33528739999999996
3603.0 0.33543439999999997
3604.0 0.33557845999999997
3605.0 0.33571958
3606.0 0.33585874
3607.0 0.33599496
3608.0 0.33612824
3609.0 0.33626054
3610.0 0.33638989999999996
3611.0 0.33651729999999996
3612.0 0.33664175999999996
3613.0 0.33676523999999997
3614.0 0.33688577999999997
3615.0 0.33700534
3616.0 0.33712195999999994
3617.0 0.33723759999999997
3618.0 0.33735226
3619.0 0.33746496
3620.0 0.33757570000000003
3621.0 0.33768546
3622.0 0.33779326000000004
3623.0 0.33790106000000003
3624.0 0.3380069
3625.0 0.33811176
3626.0 0.33821662
3627.0 0.33831952
3628.0 0.33842242
3629.0 0.33852434
3630.0 0.33862625999999996
3631.0 0.3387272
3632.0 0.33882814
3633.0 0.33892908
3634.0 0.33902903999999995
3635.0 0.33912998
3636.0 0.33922994
3637.0 0.33933088
3638.0 0.33943181999999994
3639.0 0.33953276
3640.0 0.33963467999999997
3641.0 0.33973758
3642.0 0.33984047999999994
3643.0 0.33994534
3644.0 0.3400502
3645.0 0.34015604
3646.0 0.34026286
3647.0 0.34037164000000003
3648.0 0.34048042
3649.0 0.34059214
3650.0 0.34070385999999997
3651.0 0.34081852
3652.0 0.34093416
3653.0 0.34105176
3654.0 0.34117132
3655.0 0.34129284
3656.0 0.34141632
3657.0 0.34154274
3658.0 0.34167112
3659.0 0.34180146
3660.0 0.34193376
3661.0 0.34206998
3662.0 0.34220816
3663.0 0.34234928
3664.0 0.34249334
3665.0 0.34264034000000004
3666.0 0.34279028
3667.0 0.34294315999999997
3668.0 0.34309898
3669.0 0.34325872
3670.0 0.34342237999999997
3671.0 0.34358898
3672.0 0.34375851999999996
3673.0 0.34393295999999995
3674.0 0.34411033999999996
3675.0 0.34429262
3676.0 0.34447784
3677.0 0.34466697999999996
3678.0 0.34486102
3679.0 0.34505898
3680.0 0.34526086
3681.0 0.34546763999999996
3682.0 0.34567834000000003
3683.0 0.34589394
3684.0 0.34611346000000004
3685.0 0.34633788
3686.0 0.3465672
3687.0 0.34680141999999997
3688.0 0.34704054
3689.0 0.34728456
3690.0 0.34753348
3691.0 0.3477873
3692.0 0.34804602
3693.0 0.34831061999999996
3694.0 0.34858012
3695.0 0.34885452
3696.0 0.3491348
3697.0 0.34942095999999995
3698.0 0.34971202
3699.0 0.35000798
3700.0 0.35030982
3701.0 0.35061754
3702.0 0.35093114
3703.0 0.35124964000000003
3704.0 0.351575
3705.0 0.35190526
3706.0 0.35224140000000004
3707.0 0.35258342000000004
3708.0 0.35293132
3709.0 0.35328608
3710.0 0.35364574
3711.0 0.35401128
3712.0 0.3543827
3713.0 0.35476098
3714.0 0.35514416
3715.0 0.3555342
3716.0 0.35593012
3717.0 0.35633191999999997
3718.0 0.35674058
3719.0 0.35715414
3720.0 0.35757456
3721.0 0.35800086
3722.0 0.35843401999999996
3723.0 0.35887208000000004
3724.0 0.359317
3725.0 0.35976779999999997
3726.0 0.36022448
3727.0 0.36068802
3728.0 0.36115744
3729.0 0.36163273999999995
3730.0 0.36211392
3731.0 0.36260098
3732.0 0.36309392
3733.0 0.36359372
3734.0 0.3640994
3735.0 0.36461096
3736.0 0.3651284
3737.0 0.36565172
3738.0 0.36618091999999997
3739.0 0.366716
3740.0 0.36725695999999997
3741.0 0.36780379999999996
3742.0 0.36835554
3743.0 0.36891414
3744.0 0.36947764
3745.0 0.37004702
3746.0 0.37062228
3747.0 0.37120341999999995
3748.0 0.37178946
3749.0 0.3723804
3750.0 0.37297722
3751.0 0.37357991999999995
3752.0 0.37418654
3753.0 0.37480001999999996
3754.0 0.37541742
3755.0 0.37604069999999995
3756.0 0.3766679
3757.0 0.37730097999999995
3758.0 0.37793896
3759.0 0.37858184
3760.0 0.37922863999999995
3761.0 0.37988034
3762.0 0.38053694
3763.0 0.38119843999999997
3764.0 0.38186385999999994
3765.0 0.3825332
3766.0 0.38320743999999995
3767.0 0.38388658
3768.0 0.38456866
3769.0 0.38525465999999997
3770.0 0.38594556
3771.0 0.38663939999999997
3772.0 0.38733715999999996
3773.0 0.38803884
3774.0 0.38874443999999997
3775.0 0.38945298
3776.0 0.39016544
3777.0 0.39088084
3778.0 0.39160016
3779.0 0.39232144
3780.0 0.39304663999999995
3781.0 0.39377478
3782.0 0.39450586
3783.0 0.3952389
3784.0 0.39597488000000003
3785.0 0.3967138
3786.0 0.39745566
3787.0 0.3981985
3788.0 0.39894525999999997
3789.0 0.39969299999999996
3790.0 0.4004427
3791.0 0.40119534
3792.0 0.40194896
3793.0 0.40270454
3794.0 0.40346208
3795.0 0.40422157999999997
3796.0 0.40498108
3797.0 0.40574254
3798.0 0.40650596
3799.0 0.40726937999999996
3800.0 0.40803476
3801.0 0.40880112
3802.0 0.40956748000000004
3803.0 0.41033482
3804.0 0.41110216
3805.0 0.41187048
3806.0 0.41263978
3807.0 0.4134081
3808.0 0.4141774
3809.0 0.4149467
3810.0 0.41571600000000003
3811.0 0.41648431999999996
3812.0 0.41725263999999995
3813.0 0.41802096
3814.0 0.4187883
3815.0 0.41955564
3816.0 0.420322
3817.0 0.42108737999999996
3818.0 0.4218508
3819.0 0.42261422
3820.0 0.42337665999999996
3821.0 0.42413713999999997
3822.0 0.42489664
3823.0 0.42565418
3824.0 0.42641074
3825.0 0.42716534
3826.0 0.42791798000000003
3827.0 0.42866866
3828.0 0.42941737999999996
3829.0 0.43016414000000003
3830.0 0.43090796
3831.0 0.4316508
3832.0 0.43238972
3833.0 0.43312668000000004
3834.0 0.43386167999999997
3835.0 0.43459276
3836.0 0.43532188
3837.0 0.43604805999999996
3838.0 0.4367713
3839.0 0.43749062
3840.0 0.43820699999999996
3841.0 0.43892043999999997
3842.0 0.43963093999999997
3843.0 0.44033752
3844.0 0.44104116
3845.0 0.4417399
3846.0 0.44243667999999997
3847.0 0.44312856
3848.0 0.44381652
3849.0 0.44450154
3850.0 0.44518166
3851.0 0.44585786
3852.0 0.44653014
3853.0 0.44719752
3854.0 0.44786097999999996
3855.0 0.44852052000000003
3856.0 0.44917614
3857.0 0.44982588
3858.0 0.4504717
3859.0 0.4511136
3860.0 0.45174962
3861.0 0.45238172000000004
3862.0 0.45300892
3863.0 0.45363024
3864.0 0.45424763999999995
3865.0 0.45486013999999997
3866.0 0.45546676
3867.0 0.45606946
3868.0 0.45666628
3869.0 0.45725721999999996
3870.0 0.45784423999999996
3871.0 0.45842538
3872.0 0.45900064
3873.0 0.45957099999999995
3874.0 0.46013646
3875.0 0.46069604000000003
3876.0 0.46124973999999996
3877.0 0.46179755999999994
3878.0 0.46234047999999994
3879.0 0.46287752
