calculator/instruments/lris/plaintext_files/blue_D500_400-3400.txt
# %ECSV 1.0
# ---
# datatype:
# - {name: WAV, unit: Angstrom, datatype: float32}
# - {name: EFF, datatype: float64}
# meta: !!omap
# - {GRISM: 400/3400}
# - {DICHROIC: D500}
# schema: astropy-2.0
WAV EFF
[from data line 602]
3702.0 0.3501908005216068
3703.0 0.350508628600261
3704.0 0.3508333022067632
3705.0 0.35116286547601383
3706.0 0.35149829634056273
3707.0 0.3518395948004099
3708.0 0.3521867608555552
3709.0 0.35254077243854853
3710.0 0.35289967368429037
3711.0 0.3532644425253304
3712.0 0.35363507896166874
3713.0 0.354012560925855
3714.0 0.3543949325527897
3715.0 0.3547841497075724
3716.0 0.35517923445765337
3717.0 0.3555801868030325
3718.0 0.3559879846762596
3719.0 0.3564006722122352
3720.0 0.35682020527605873
3721.0 0.35724560593518057
3722.0 0.35767785212215025
3723.0 0.3581149879718685
3724.0 0.3585589693494347
3725.0 0.35900881832229914
3726.0 0.3594645348904618
3727.0 0.3599270969864724
3728.0 0.36039552667778124
3729.0 0.3608698239643882
3730.0 0.36134998884629355
3731.0 0.36183602132349707
3732.0 0.3623279213959988
3733.0 0.3628266669963485
3734.0 0.36333128019199645
3735.0 0.3638417609829425
3736.0 0.36435810936918694
3737.0 0.36488032535072956
3738.0 0.36540840892757037
3739.0 0.36594236009970943
3740.0 0.36648217886714674
3741.0 0.3670278652298823
3742.0 0.3675784412553664
3743.0 0.36813586280869837
3744.0 0.3686981740247789
3745.0 0.36926635283615766
3746.0 0.3698403992428347
3747.0 0.37042031324480984
3748.0 0.37100511690953364
3749.0 0.37159481023700586
3750.0 0.3721903711597764
3751.0 0.3727917996778451
3752.0 0.3733971399261127
3753.0 0.37400932570222817
3754.0 0.3746254232085425
3755.0 0.37524738831015503
3756.0 0.3758732651419664
3757.0 0.376505009569076
3758.0 0.3771416436589341
3759.0 0.3777831674115408
3760.0 0.3784286028943462
3761.0 0.3790789280399003
3762.0 0.3797341428482028
3763.0 0.3803942473192538
3764.0 0.3810582635205037
3765.0 0.3817261914519524
3766.0 0.3823990090461496
3767.0 0.38307671630309537
3768.0 0.38375735735769023
3769.0 0.3844419101424839
3770.0 0.3851313525900261
3771.0 0.3858237288352174
3772.0 0.3865200168106076
3773.0 0.38722021651619654
3774.0 0.38792432795198434
3775.0 0.3886313731854213
3776.0 0.38934233014905695
3777.0 0.3900562209103418
3778.0 0.3907740234018255
3779.0 0.3914937817584086
3780.0 0.39221745184519047
3781.0 0.39294405572962143
3782.0 0.3936735934117016
3783.0 0.39440508695888116
3784.0 0.3951395143037098
3785.0 0.39587687544618755
3786.0 0.39661717038631444
3787.0 0.397358443258991
3788.0 0.3981036278618664
3789.0 0.39884979039729157
3790.0 0.3995979087978161
3791.0 0.4003489609959897
3792.0 0.4011009911267131
3793.0 0.4018549771225358
3794.0 0.402610918983458
3795.0 0.40336881670947955
3796.0 0.4041267144355012
3797.0 0.40488656802662215
3798.0 0.40564837748284255
3799.0 0.40641018693906295
3800.0 0.4071739522603828
3801.0 0.40793869551425227
3802.0 0.4087034387681218
3803.0 0.40946915995454103
3804.0 0.4102348811409602
3805.0 0.41100158025992917
3806.0 0.4117692573114478
3807.0 0.41253595643041674
3808.0 0.41330363348193533
3809.0 0.414071310533454
3810.0 0.4148389875849726
3811.0 0.4156056867039415
3812.0 0.4163723858229104
3813.0 0.4171390849418794
3814.0 0.4179048061282986
3815.0 0.4186705273147178
3816.0 0.41943527056858737
3817.0 0.42019903588990715
3818.0 0.42096084534612754
3819.0 0.42172265480234794
3820.0 0.4224834863260186
3821.0 0.4232423619845899
3822.0 0.4240002597106115
3823.0 0.42475620157153365
3824.0 0.4255111654999062
3825.0 0.4262641735631792
3826.0 0.42701522576135287
3827.0 0.42776432209442705
3828.0 0.42851146256240186
3829.0 0.42925664716527734
3830.0 0.42999889797050356
3831.0 0.4307401708431802
3832.0 0.43147753198565797
3833.0 0.43221293726303633
3834.0 0.43294638667531526
3835.0 0.43367592435739544
3836.0 0.4344035061743761
3837.0 0.4351281541937077
3838.0 0.4358498684153902
3839.0 0.4365676709068739
3840.0 0.4372825396007084
3841.0 0.4379944744968938
3842.0 0.4387034755954301
3843.0 0.4394085649637676
3844.0 0.44011072053445605
3845.0 0.4408079864423959
3846.0 0.4415032964852363
3847.0 0.44219371686532827
3848.0 0.4428802255152213
3849.0 0.4435638003674653
3850.0 0.4442424855569607
3851.0 0.4449172590162574
3852.0 0.4455881207453552
3853.0 0.4462540928117045
3854.0 0.44691615314785493
3855.0 0.44757430175380664
3856.0 0.4482285386295594
3857.0 0.448876907910014
3858.0 0.4495213654602698
3859.0 0.45016191128032673
3860.0 0.45079658950508544
3861.0 0.45142735599964534
3862.0 0.4520532328314567
3863.0 0.4526732420679698
3864.0 0.45328933957428413
3865.0 0.4539005474178499
3866.0 0.4545058876661175
3867.0 0.4551073161841862
3868.0 0.4557028771069567
3869.0 0.456292570434429
3870.0 0.45687835203170246
3871.0 0.4574582660336777
3872.0 0.4580323124403547
3873.0 0.45860146918428313
3874.0 0.4591657362654631
3875.0 0.4597241357513448
3876.0 0.46027666764192826
3877.0 0.4608233319372135
3878.0 0.46136510656975016
3879.0 0.4619010136069887
3880.0 0.46243105304892895
3881.0 0.46295620282812067
3882.0 0.46347450707946447
3883.0 0.4639879216680597
3884.0 0.4644954686613567
3885.0 0.4649971480593556
3886.0 0.46549295986205613
3887.0 0.4659829040694584
3888.0 0.4664660027490129
3889.0 0.46694421176581874
3890.0 0.4674165531873264
3891.0 0.4678820490809861
3892.0 0.4683426553118972
3893.0 0.4687964160149605
3894.0 0.4692452870552752
3895.0 0.469687312567742
3896.0 0.4701224925523609
3897.0 0.4705527828742312
3898.0 0.47097720560080325
3899.0 0.4713947827995274
3900.0 0.471807470335503
3901.0 0.4722133123436307
3902.0 0.47261328675646014
3903.0 0.47300641564144164
3904.0 0.47339465486367466
3905.0 0.47377604855805966
3906.0 0.47415255258969624
3907.0 0.4745222110934848
3908.0 0.47488600200197517
3909.0 0.4752439253151673
3910.0 0.4755950031005115
3911.0 0.47594119122310713
3912.0 0.47628151175040456
3913.0 0.4766149867498541
3914.0 0.476943572086555
3915.0 0.47726531189540805
3916.0 0.47758216204151255
3917.0 0.47789216665976914
3918.0 0.4781972816152772
3919.0 0.4784955510429373
3920.0 0.4787889308078489
3921.0 0.47907644297746227
3922.0 0.4793580875517774
3923.0 0.4796338645307942
3924.0 0.47990377391451283
3925.0 0.480168793635483
3926.0 0.48042794576115494
3927.0 0.4806812302915286
3928.0 0.4809296251591537
3929.0 0.4811711744989309
3930.0 0.4814088121085093
3931.0 0.4816396041902397
3932.0 0.48186648454177133
3933.0 0.482086519365455
3934.0 0.4823026424589399
3935.0 0.4825128979571265
3936.0 0.48271728586001494
3937.0 0.48291678410015476
3938.0 0.4831113926775461
3939.0 0.48330111159218897
3940.0 0.48348496291153353
3941.0 0.48366490250067934
3942.0 0.48383897449452684
3943.0 0.48400815682562587
3944.0 0.4841734274265261
3945.0 0.484332830432128
3946.0 0.4844873437749815
3947.0 0.48463794538763605
3948.0 0.4847836573375422
3949.0 0.4849244796246997
3950.0 0.48506041224910873
3951.0 0.48519243314331895
3952.0 0.48531956437478063
3953.0 0.4854418059434938
3954.0 0.48556013578200813
3955.0 0.48567455389032366
3956.0 0.48578408233589065
3957.0 0.48588969905125884
3958.0 0.48599140403642815
3959.0 0.486088219358849
3960.0 0.48618112295107097
3961.0 0.4862701148130941
3962.0 0.4863551949449185
3963.0 0.48643734127909377
3964.0 0.4865145979505205
3965.0 0.4865879428917484
3966.0 0.48665835403532715
3967.0 0.4867238755161574
3968.0 0.4867874411318882
3969.0 0.4868461170848705
3970.0 0.4869018592402038
3971.0 0.48695368966533814
3972.0 0.4870025862928234
3973.0 0.48704757119010983
3974.0 0.48708962228974717
3975.0 0.48712873959173536
3976.0 0.48716492309607445
3977.0 0.48719719487021473
3978.0 0.4872265328467059
3979.0 0.4872539149580976
3980.0 0.4872773853392906
3981.0 0.4872979219228344
3982.0 0.4873165026412788
3983.0 0.48733117162952433
3984.0 0.4873438847526705
3985.0 0.48735366407816755
3986.0 0.48736148753856523
3987.0 0.4873663772013137
3988.0 0.48736833306641314
3989.0 0.48736833306641314
3990.0 0.4873663772013137
3991.0 0.48736148753856523
3992.0 0.4873546420107173
3993.0 0.48734486268522026
3994.0 0.4873341054271735
3995.0 0.4873204143714776
3996.0 0.4873047674506823
3997.0 0.4872871646647876
3998.0 0.4872685839463432
3999.0 0.4872470694302497
4000.0 0.4872245769816065
4001.0 0.48719915073531417
4002.0 0.4871727465564721
4003.0 0.4871453644450804
4004.0 0.48711504853603954
4005.0 0.4870837546944489
4006.0 0.487050504987759
4007.0 0.48701627734851927
4008.0 0.4869810717767299
4009.0 0.4869439103398411
4010.0 0.48690577097040255
4011.0 0.48686567573586464
4012.0 0.48682558050132674
4013.0 0.4867835294016894
4014.0 0.4867405003695024
4015.0 0.48669551547221596
4016.0 0.4866505305749295
4017.0 0.48660456774509336
4018.0 0.4865576269827075
4019.0 0.4865097082877719
4020.0 0.486459833727737
4021.0 0.48640995916770197
4022.0 0.48636008460766705
4023.0 0.48630825418253265
4024.0 0.48625642375739825
4025.0 0.4862036153997142
4026.0 0.48615080704203006
4027.0 0.48609702075179634
4028.0 0.48604225652901284
4029.0 0.48598749230622934
4030.0 0.4859317501508961
4031.0 0.4858760079955629
4032.0 0.4858202658402297
4033.0 0.48576354575234687
4034.0 0.48570682566446394
4035.0 0.4856491276440313
4036.0 0.4855914296235987
4037.0 0.48553373160316604
4038.0 0.48547505565018373
4039.0 0.4854173576297512
4040.0 0.4853586816767688
4041.0 0.4853000057237865
4042.0 0.4852413297708042
4043.0 0.4851826538178219
4044.0 0.48512299993228986
4045.0 0.48506432397930754
4046.0 0.48500564802632523
4047.0 0.48494599414079326
4048.0 0.48488731818781095
4049.0 0.4848286422348286
4050.0 0.48476898834929655
4051.0 0.48471031239631424
4052.0 0.4846516364433319
4053.0 0.48459296049034967
4054.0 0.4845342845373673
4055.0 0.4844765865169347
4056.0 0.48441791056395234
4057.0 0.4843602125435198
4058.0 0.48430251452308715
4059.0 0.48424481650265455
4060.0 0.48418711848222196
4061.0 0.4841303983943391
4062.0 0.48407367830645615
4063.0 0.4840169582185732
4064.0 0.48396121606324
4065.0 0.48390547390790684
4066.0 0.4838497317525736
4067.0 0.4837939895972404
4068.0 0.48373922537445696
4069.0 0.48368446115167346
4070.0 0.4836306748614396
4071.0 0.48357688857120584
4072.0 0.48352310228097206
4073.0 0.48347029392328794
4074.0 0.4834174855656039
4075.0 0.4833646772079198
4076.0 0.48331284678278547
4077.0 0.48326101635765106
4078.0 0.4832101638650664
4079.0 0.4831593113724817
4080.0 0.4831094368124467
4081.0 0.48305956225241176
4082.0 0.4830096876923768
4083.0 0.48296079106489154
4084.0 0.482912872369956
4085.0 0.4828639757424707
4086.0 0.4828170349800848
4087.0 0.48276911628514935
4088.0 0.4827221755227635
4089.0 0.4826752347603776
4090.0 0.48262927193054145
4091.0 0.482584287033255
4092.0 0.48253832420341886
4093.0 0.4824933393061324
4094.0 0.482448354408846
4095.0 0.48240434744410926
4096.0 0.4823603404793725
4097.0 0.4823173114471855
4098.0 0.4822742824149985
4099.0 0.4822312533828114
4100.0 0.4821892022831741
4101.0 0.4821461732509871
4102.0 0.4821051000838994
4103.0 0.4820630489842621
4104.0 0.48202197581717443
4105.0 0.48198090265008686
4106.0 0.48193982948299924
4107.0 0.48189973424846133
4108.0 0.4818586610813737
4109.0 0.4818185658468358
4110.0 0.48177944854484755
4111.0 0.48173935331030965
4112.0 0.48170023600832146
4113.0 0.48166111870633327
4114.0 0.481622001404345
4115.0 0.48158288410235683
4116.0 0.48154376680036864
4117.0 0.4815046494983804
4118.0 0.4814665101289419
4119.0 0.4814283707595034
4120.0 0.4813892534575152
4121.0 0.4813511140880767
4122.0 0.48131297471863815
4123.0 0.4812748353491996
4124.0 0.48123669597976115
4125.0 0.4811985566103227
4126.0 0.48116041724088415
4127.0 0.4811222778714456
4128.0 0.4810841385020071
4129.0 0.4810459991325686
4130.0 0.48100785976313015
4131.0 0.4809687424611419
4132.0 0.48093060309170343
4133.0 0.4808924637222649
4134.0 0.48085334642027666
4135.0 0.48081422911828847
4136.0 0.4807751118163003
4137.0 0.4807359945143121
4138.0 0.48069687721232385
4139.0 0.48065775991033566
4140.0 0.4806176646757977
4141.0 0.4805785473738095
4142.0 0.4805374742067219
4143.0 0.480497378972184
4144.0 0.48045630580509635
4145.0 0.48041621057055844
4146.0 0.4803751374034708
4147.0 0.4803330863038335
4148.0 0.48029103520419614
4149.0 0.48024898410455885
4150.0 0.4802069330049215
4151.0 0.4801639039727345
4152.0 0.48011989700799773
4153.0 0.48007686797581073
4154.0 0.48003286101107395
4155.0 0.4799878761137875
4156.0 0.47994289121650113
4157.0 0.4798969283866649
4158.0 0.4798519434893785
4159.0 0.47980500272699267
4160.0 0.4797580619646068
4161.0 0.47971014326967126
4162.0 0.4796622245747357
4163.0 0.4796133279472504
4164.0 0.47956345338721545
4165.0 0.4795135788271805
4166.0 0.4794627263345958
4167.0 0.4794118738420111
4168.0 0.4793600434168767
4169.0 0.47930821299174237
4170.0 0.4792544267015086
4171.0 0.4792006404112748
4172.0 0.4791458761884913
4173.0 0.4790901340331581
4174.0 0.4790343918778249
4175.0 0.478977671789942
4176.0 0.4789199737695094
4177.0 0.4788612978165271
4178.0 0.4788026218635448
4179.0 0.47874199004546303
4180.0 0.4786813582273813
4181.0 0.4786197484767499
4182.0 0.4785581387261184
4183.0 0.4784945731103876
4184.0 0.47843002956210706
4185.0 0.4783654860138265
4186.0 0.4782999645329962
4187.0 0.4782324871870666
4188.0 0.4781650098411369
4189.0 0.4780965545626576
4190.0 0.4780271213516285
4191.0 0.4779567102080497
4192.0 0.4778853211319212
4193.0 0.47781295412324304
4194.0 0.47773960918201513
4195.0 0.4776652863082375
4196.0 0.47759096343445995
4197.0 0.47751468469558295
4198.0 0.47743742802415623
4199.0 0.4773591934201798
4200.0 0.47727998088365364
4201.0 0.47720076834712755
4202.0 0.47711959994550196
4203.0 0.47703745361132677
4204.0 0.4769543293446018
4205.0 0.4768702271453271
4206.0 0.4767851470135028
4207.0 0.4766990889491287
4208.0 0.47661205295220493
4209.0 0.4765240390227315
4210.0 0.47643504716070834
4211.0 0.47634507736613546
4212.0 0.4762531517064631
4213.0 0.47616122604679084
4214.0 0.4760683224545688
4215.0 0.4759734629972474
4216.0 0.47587860353992606
4217.0 0.4757817882175052
4218.0 0.47568399496253466
4219.0 0.4755862017075641
4220.0 0.47548645258749417
4221.0 0.47538572553487457
4222.0 0.47528402054970526
4223.0 0.47518133763198617
4224.0 0.4750766988491677
4225.0 0.47497206006634923
4226.0 0.4748664433509811
4227.0 0.4747588707705135
4228.0 0.4746512981900459
4229.0 0.4745417697444789
4230.0 0.4744312633663622
4231.0 0.47431977905569583
4232.0 0.4742082947450294
4233.0 0.4740948545692636
4234.0 0.4739794585283984
4235.0 0.4738640624875332
4236.0 0.47374768851411825
4237.0 0.4736303366081536
4238.0 0.4735120067696393
4239.0 0.47339172106602556
4240.0 0.4732714353624118
4241.0 0.47314919379369863
4242.0 0.4730269522249855
4243.0 0.4729027547911729
4244.0 0.47277757942481063
4245.0 0.4726524040584484
4246.0 0.4725252728269867
4247.0 0.4723971636629753
4248.0 0.4722690544989639
4249.0 0.4721389894698531
4250.0 0.4720079465081926
4251.0 0.4718759256139824
4252.0 0.47174292678722246
4253.0 0.4716089500279128
4254.0 0.4714749732686032
4255.0 0.4713390406441942
4256.0 0.47120213008723544
4257.0 0.4710652195302767
4258.0 0.47092635310821856
4259.0 0.4707865087536107
4260.0 0.4706466643990029
4261.0 0.4705058421118453
4262.0 0.4703630639595883
4263.0 0.4702202858073314
4264.0 0.47007652972252467
4265.0 0.46993179570516835
4266.0 0.46978608375526226
4267.0 0.46963939387280645
4268.0 0.469491726057801
4269.0 0.46934405824279546
4270.0 0.46919443456269055
4271.0 0.46904481088258565
4272.0 0.46889420926993103
4273.0 0.46874262972472674
4274.0 0.4685910501795224
4275.0 0.4684375147692187
4276.0 0.46828397935891497
4277.0 0.4681294660160615
4278.0 0.4679739747406584
4279.0 0.46781848346525523
4280.0 0.4676620142573024
4281.0 0.46750456711679983
4282.0 0.4673461420437476
4283.0 0.46718673903814567
4284.0 0.4670283139650934
4285.0 0.46686793302694174
4286.0 0.46670657415624034
4287.0 0.466545215285539
4288.0 0.46638287848228793
4289.0 0.46622054167903687
4290.0 0.46605722694323604
4291.0 0.4658939122074353
4292.0 0.4657286416065351
4293.0 0.4655643489381846
4294.0 0.4653981004047347
4295.0 0.4652318518712848
4296.0 0.4650656033378349
4297.0 0.46489837687183533
4298.0 0.464730172473286
4299.0 0.4645619680747367
4300.0 0.4643937636761874
4301.0 0.4642245813450884
4302.0 0.4640544210814397
4303.0 0.4638852387503407
4304.0 0.46371410055414225
4305.0 0.46354296235794384
4306.0 0.46337182416174544
4307.0 0.4631997080329973
