calculator/instruments/lris/plaintext_files/blue_D680_300-5000.txt
# %ECSV 1.0
# ---
# datatype:
# - {name: WAV, unit: Angstrom, datatype: float32}
# - {name: EFF, datatype: float64}
# meta: !!omap
# - {GRISM: 300/5000}
# - {DICHROIC: D680}
# schema: astropy-2.0
WAV EFF
[from data line 785]
4285.0 0.40368454
4286.0 0.40390308
4287.0 0.40412161999999996
4288.0 0.40433917999999996
4289.0 0.40455576
4290.0 0.40477136
4291.0 0.40498597999999997
4292.0 0.4052006
4293.0 0.40541424
4294.0 0.40562788
4295.0 0.40583956
4296.0 0.40605124
4297.0 0.40626194
4298.0 0.40647264
4299.0 0.40668138
4300.0 0.40689012
4301.0 0.40709886
4302.0 0.40730662
4303.0 0.40751339999999997
4304.0 0.40772018
4305.0 0.40792597999999997
4306.0 0.40813178
4307.0 0.4083366
4308.0 0.40854044
4309.0 0.40874428
4310.0 0.40894811999999997
4311.0 0.40915098
4312.0 0.40935286
4313.0 0.40955474
4314.0 0.40975662
4315.0 0.40995751999999996
4316.0 0.41015841999999997
4317.0 0.41035834
4318.0 0.41055826
4319.0 0.41075818
4320.0 0.41095712
4321.0 0.41115606
4322.0 0.41135402
4323.0 0.41155295999999997
4324.0 0.41175092
4325.0 0.4119479
4326.0 0.41214586000000003
4327.0 0.41234284
4328.0 0.41253982
4329.0 0.41273582
4330.0 0.4129328
4331.0 0.41312879999999996
4332.0 0.4133248
4333.0 0.4135208
4334.0 0.41371582
4335.0 0.41391182
4336.0 0.41410684
4337.0 0.41430185999999997
4338.0 0.41449786
4339.0 0.41469288
4340.0 0.41488692
4341.0 0.41508194
4342.0 0.41527696000000003
4343.0 0.41547198
4344.0 0.415667
4345.0 0.41586104
4346.0 0.41605606
4347.0 0.41625108
4348.0 0.41644512
4349.0 0.41664014
4350.0 0.41683516
4351.0 0.41703018
4352.0 0.4172252
4353.0 0.41742022
4354.0 0.41761524
4355.0 0.41781026
4356.0 0.41800528000000003
4357.0 0.41820128
4358.0 0.4183963
4359.0 0.4185923
4360.0 0.4187883
4361.0 0.4189843
4362.0 0.41918029999999995
4363.0 0.4193763
4364.0 0.41957328
4365.0 0.41977026
4366.0 0.41996723999999996
4367.0 0.42016422
4368.0 0.4203612
4369.0 0.42055916000000004
4370.0 0.42075712
4371.0 0.42095508
4372.0 0.42115401999999996
4373.0 0.42135296
4374.0 0.4215519
4375.0 0.42175182
4376.0 0.42195173999999996
4377.0 0.42215166
4378.0 0.42235256
4379.0 0.42255346
4380.0 0.42275436
4381.0 0.42295526
4382.0 0.42315714
4383.0 0.42336
4384.0 0.42356286
4385.0 0.42376572
4386.0 0.42396956
4387.0 0.4241734
4388.0 0.42437724
4389.0 0.42458206
4390.0 0.42478785999999996
4391.0 0.42499366
4392.0 0.42519946000000003
4393.0 0.42540624
4394.0 0.42561302
4395.0 0.42582077999999995
4396.0 0.42602952
4397.0 0.42623826000000004
4398.0 0.42644699999999996
4399.0 0.42665672
4400.0 0.42686644
4401.0 0.42707713999999997
4402.0 0.42728881999999996
4403.0 0.42750049999999995
4404.0 0.42771316
4405.0 0.42792582
4406.0 0.42813946
4407.0 0.4283531
4408.0 0.42856772
4409.0 0.42878234
4410.0 0.42899891999999995
4411.0 0.42921452
4412.0 0.42943208
4413.0 0.42964963999999994
4414.0 0.42986719999999995
4415.0 0.43008672
4416.0 0.43030526
4417.0 0.43052576
4418.0 0.43074626
4419.0 0.43096774
4420.0 0.43118922
4421.0 0.43141167999999996
4422.0 0.43163512
4423.0 0.43185856
4424.0 0.43208298
4425.0 0.43230838
4426.0 0.43253378
4427.0 0.43276015999999995
4428.0 0.43298751999999996
4429.0 0.43321585999999995
4430.0 0.4334442
4431.0 0.43367352
4432.0 0.43390283999999996
4433.0 0.43413314000000003
4434.0 0.43436442
4435.0 0.43459668
4436.0 0.43482894
4437.0 0.43506217999999997
4438.0 0.4352964
4439.0 0.43553062
4440.0 0.43576582
4441.0 0.436002
4442.0 0.43623915999999996
4443.0 0.43647632
4444.0 0.43671445999999997
4445.0 0.43695358
4446.0 0.4371927
4447.0 0.43743378
4448.0 0.43767485999999994
4449.0 0.43791594
4450.0 0.43815898000000003
4451.0 0.43840202
4452.0 0.43864604
4453.0 0.43889005999999997
4454.0 0.43913604
4455.0 0.43938202
4456.0 0.43962799999999996
4457.0 0.43987594
4458.0 0.44012388
4459.0 0.44037279999999995
4460.0 0.4406227
4461.0 0.44087358
4462.0 0.44112446
4463.0 0.44137632
4464.0 0.44162818
4465.0 0.441882
4466.0 0.44213581999999996
4467.0 0.44239062
4468.0 0.44264542
4469.0 0.44290218
4470.0 0.44315894
4471.0 0.4434157
4472.0 0.44367344000000003
4473.0 0.44393216
4474.0 0.44419186
4475.0 0.44445155999999997
4476.0 0.44471224000000004
4477.0 0.44497292
4478.0 0.44523458
4479.0 0.44549624
4480.0 0.44575887999999997
4481.0 0.4460225
4482.0 0.44628612
4483.0 0.44654974
4484.0 0.44681434
4485.0 0.44707991999999996
4486.0 0.4473455
4487.0 0.44761108
4488.0 0.44787763999999997
4489.0 0.44814518
4490.0 0.44841174
4491.0 0.44868026
4492.0 0.4489478
4493.0 0.44921632
4494.0 0.44948484
4495.0 0.44975434
4496.0 0.45002384
4497.0 0.45029334
4498.0 0.45056381999999995
4499.0 0.45083332
4500.0 0.4511038
4501.0 0.45137526
4502.0 0.45164574
4503.0 0.45191719999999996
4504.0 0.45218866
4505.0 0.45246011999999997
4506.0 0.45273158
4507.0 0.45300402
4508.0 0.45327548
4509.0 0.45354792
4510.0 0.45382036
4511.0 0.45409279999999996
4512.0 0.45436524
4513.0 0.45463768
4514.0 0.45491012
4515.0 0.45518256
4516.0 0.455455
4517.0 0.45572744
4518.0 0.45599987999999997
4519.0 0.45627232
4520.0 0.45654476
4521.0 0.45681622
4522.0 0.45708866000000004
4523.0 0.45736012
4524.0 0.45763255999999997
4525.0 0.45790402
4526.0 0.45817547999999997
4527.0 0.45844694
4528.0 0.45871839999999997
4529.0 0.45898888
4530.0 0.45925936
4531.0 0.45952983999999997
4532.0 0.45980032
4533.0 0.46006982
4534.0 0.46033932
4535.0 0.46060882
4536.0 0.46087734
4537.0 0.46114586
4538.0 0.46141340000000003
4539.0 0.46168094
4540.0 0.46194848
4541.0 0.46221504
4542.0 0.4624816
4543.0 0.46274718000000004
4544.0 0.46301275999999997
4545.0 0.46327735999999997
4546.0 0.46354196
4547.0 0.46380558
4548.0 0.46406822
4549.0 0.46433085999999996
4550.0 0.46459252
4551.0 0.46485418
4552.0 0.46511486
4553.0 0.46537456
4554.0 0.46563328
4555.0 0.465892
4556.0 0.46614974
4557.0 0.46640748
4558.0 0.46666326
4559.0 0.46691903999999995
4560.0 0.46717285999999997
4561.0 0.46742765999999997
4562.0 0.4676805
4563.0 0.46793236
4564.0 0.46818324
4565.0 0.46843411999999995
4566.0 0.46868304
4567.0 0.46893196
4568.0 0.46917892
4569.0 0.46942587999999996
4570.0 0.46967186
4571.0 0.46991587999999995
4572.0 0.47015989999999996
4573.0 0.47040294
4574.0 0.47064402
4575.0 0.4708851
4576.0 0.47112519999999997
4577.0 0.47136432
4578.0 0.47160246
4579.0 0.47183864
4580.0 0.47207482
4581.0 0.47231002
4582.0 0.47254424
4583.0 0.47277748
4584.0 0.47300974
4585.0 0.47324102
4586.0 0.47347132
4587.0 0.47370064
4588.0 0.47392898
4589.0 0.47415634
4590.0 0.47438272
4591.0 0.47460811999999997
4592.0 0.47483253999999997
4593.0 0.47505696000000003
4594.0 0.47527942
4595.0 0.4755009
4596.0 0.47572139999999996
4597.0 0.47594092
4598.0 0.47616043999999996
4599.0 0.47637799999999997
4600.0 0.47659458
4601.0 0.47681018
4602.0 0.4770248
4603.0 0.47723941999999997
4604.0 0.47745208
4605.0 0.47766376
4606.0 0.47787544
4607.0 0.47808516
4608.0 0.47829488
4609.0 0.47850264
4610.0 0.47871040000000004
4611.0 0.4789162
4612.0 0.479122
4613.0 0.47932584
4614.0 0.47952967999999996
4615.0 0.47973254
4616.0 0.47993344
4617.0 0.48013434
4618.0 0.48033425999999996
4619.0 0.4805332
4620.0 0.48073116
4621.0 0.48092814
4622.0 0.48112414000000003
4623.0 0.48131916
4624.0 0.4815132
4625.0 0.48170724
4626.0 0.48189932
4627.0 0.48209042
4628.0 0.48228152
4629.0 0.48247164
4630.0 0.48265979999999997
4631.0 0.48284795999999996
4632.0 0.48303514000000003
4633.0 0.48322134
4634.0 0.48340656
4635.0 0.4835908
4636.0 0.48377406
4637.0 0.48395731999999997
4638.0 0.48413861999999996
4639.0 0.48431991999999996
4640.0 0.48450023999999997
4641.0 0.48467958
4642.0 0.48485794
4643.0 0.48503532
4644.0 0.48521172
4645.0 0.48538812
4646.0 0.48556256000000003
4647.0 0.485737
4648.0 0.48591046
4649.0 0.48608392
4650.0 0.48625542
4651.0 0.48642692
4652.0 0.48659646
4653.0 0.48676698
4654.0 0.48693554
4655.0 0.48710312
4656.0 0.4872707
4657.0 0.4874373
4658.0 0.48760292
4659.0 0.48776756
4660.0 0.4879322
4661.0 0.48809586
4662.0 0.48825854
4663.0 0.48842024
4664.0 0.48858194
4665.0 0.48874266
4666.0 0.48890239999999996
4667.0 0.48906214
4668.0 0.4892209
4669.0 0.48937867999999995
4670.0 0.48953548
4671.0 0.48969228000000004
4672.0 0.48984809999999995
4673.0 0.49000392
4674.0 0.49015875999999997
4675.0 0.49031262
4676.0 0.49046648000000004
4677.0 0.49061838
4678.0 0.49077126
4679.0 0.49092315999999997
4680.0 0.49107407999999997
4681.0 0.49122401999999993
4682.0 0.49137494000000004
4683.0 0.49152389999999996
4684.0 0.49167286
4685.0 0.49182084000000004
4686.0 0.49196882000000003
4687.0 0.4921168
4688.0 0.49226282
4689.0 0.49240982
4690.0 0.49255486000000004
4691.0 0.49270087999999995
4692.0 0.49284592
4693.0 0.49298998
4694.0 0.49313404000000005
4695.0 0.49327712
4696.0 0.4934202
4697.0 0.49356327999999994
4698.0 0.49370538
4699.0 0.49384747999999995
4700.0 0.4939886
4701.0 0.49412972000000005
4702.0 0.49427084
4703.0 0.49441097999999994
4704.0 0.49455111999999996
4705.0 0.49469125999999997
4706.0 0.49483041999999994
4707.0 0.49496958
4708.0 0.49510776
4709.0 0.49524692
4710.0 0.4953851
4711.0 0.4955222999999999
4712.0 0.49566048
4713.0 0.49579768
4714.0 0.49593487999999997
4715.0 0.49607207999999997
4716.0 0.4962083
4717.0 0.4963455
4718.0 0.49648172
4719.0 0.49661794
4720.0 0.49675317999999996
4721.0 0.4968894
4722.0 0.49702561999999995
4723.0 0.4971608599999999
4724.0 0.4972961
4725.0 0.49743134
4726.0 0.49756658
4727.0 0.49770181999999996
4728.0 0.49783706
4729.0 0.4979723
4730.0 0.49810753999999996
4731.0 0.49824277999999994
4732.0 0.49837704
4733.0 0.49851228
4734.0 0.49864752000000007
4735.0 0.49878178
4736.0 0.49891701999999993
4737.0 0.49905226
4738.0 0.4991875
4739.0 0.49932274
4740.0 0.49945797999999997
4741.0 0.49959322000000006
4742.0 0.49972846
4743.0 0.49986468
4744.0 0.49999992
4745.0 0.50013614
4746.0 0.5002713799999999
4747.0 0.50040858
4748.0 0.5005448
4749.0 0.50068102
4750.0 0.50081822
4751.0 0.50095444
4752.0 0.50109262
4753.0 0.5012298199999999
4754.0 0.501368
4755.0 0.50150618
4756.0 0.5016443599999999
4757.0 0.50178254
4758.0 0.5019217
4759.0 0.50206184
4760.0 0.5022009999999999
4761.0 0.50234114
4762.0 0.5024812799999999
4763.0 0.5026224
4764.0 0.50276352
4765.0 0.5029056199999999
4766.0 0.5030477200000001
4767.0 0.5031908
4768.0 0.50333388
4769.0 0.50347696
4770.0 0.50362102
4771.0 0.50376606
4772.0 0.5039111
4773.0 0.50405614
4774.0 0.50420314
4775.0 0.5043491600000001
4776.0 0.5044971399999999
4777.0 0.50464512
4778.0 0.5047931
4779.0 0.50494304
4780.0 0.505092
4781.0 0.5052429199999999
4782.0 0.5053938400000001
4783.0 0.50554574
4784.0 0.50569764
4785.0 0.5058515
4786.0 0.50600536
4787.0 0.5061602
4788.0 0.5063150399999999
4789.0 0.50647184
4790.0 0.50662864
4791.0 0.50678642
4792.0 0.5069442000000001
4793.0 0.50710296
4794.0 0.5072627000000001
4795.0 0.50742342
4796.0 0.5075841400000001
4797.0 0.50774584
4798.0 0.50790852
4799.0 0.5080712000000001
4800.0 0.5082348600000001
4801.0 0.5083995
4802.0 0.50856414
4803.0 0.50872976
4804.0 0.50889538
4805.0 0.50906198
4806.0 0.50922956
4807.0 0.50939812
4808.0 0.50956668
4809.0 0.50973524
4810.0 0.50990576
4811.0 0.51007628
4812.0 0.5102468
4813.0 0.5104183
4814.0 0.5105898
4815.0 0.5107632599999999
4816.0 0.51093574
4817.0 0.5111092
4818.0 0.51128364
4819.0 0.5114590600000001
4820.0 0.5116335
4821.0 0.5118099
4822.0 0.5119863
4823.0 0.5121627000000001
4824.0 0.51234008
4825.0 0.51251746
4826.0 0.51269582
4827.0 0.51287516
4828.0 0.5130535199999999
4829.0 0.5132338399999999
4830.0 0.51341318
4831.0 0.51359448
4832.0 0.5137748
4833.0 0.5139561
4834.0 0.5141383799999999
4835.0 0.51432066
4836.0 0.51450294
4837.0 0.5146862
4838.0 0.51486946
4839.0 0.51505272
4840.0 0.51523696
4841.0 0.5154211999999999
4842.0 0.5156054400000001
4843.0 0.5157906600000001
4844.0 0.51597686
4845.0 0.5161620800000001
4846.0 0.51634828
4847.0 0.51653448
4848.0 0.5167216600000001
4849.0 0.51690786
4850.0 0.51709602
4851.0 0.5172831999999999
4852.0 0.5174713599999999
4853.0 0.51765854
4854.0 0.5178467
4855.0 0.51803486
4856.0 0.518224
4857.0 0.51841314
4858.0 0.5186022800000001
4859.0 0.51879142
4860.0 0.51898056
4861.0 0.51917068
4862.0 0.5193598199999999
4863.0 0.51954994
4864.0 0.51974006
4865.0 0.51993018
4866.0 0.5201203
4867.0 0.5203104199999999
4868.0 0.52050152
4869.0 0.5206916399999999
4870.0 0.52088274
4871.0 0.5210728600000001
4872.0 0.52126396
4873.0 0.5214550600000001
4874.0 0.52164616
4875.0 0.52183628
4876.0 0.5220273799999999
4877.0 0.52221848
4878.0 0.5224095799999999
4879.0 0.52260068
4880.0 0.5227908
4881.0 0.5229819
4882.0 0.523173
4883.0 0.52336312
4884.0 0.52355324
4885.0 0.52374434
4886.0 0.52393446
4887.0 0.52412458
4888.0 0.5243147
4889.0 0.52450482
4890.0 0.5246949399999999
4891.0 0.52488408
4892.0 0.5250741999999999
4893.0 0.52526334
4894.0 0.52545248
4895.0 0.52564064
4896.0 0.5258297799999999
4897.0 0.52601794
4898.0 0.5262061
4899.0 0.52639426
4900.0 0.5265814400000001
4901.0 0.5267686199999999
4902.0 0.5269558
4903.0 0.5271429799999999
4904.0 0.52732918
4905.0 0.5275143999999999
4906.0 0.5277006
4907.0 0.52788582
4908.0 0.52807006
4909.0 0.52825528
4910.0 0.52843952
4911.0 0.52862278
4912.0 0.52880604
4913.0 0.5289883200000001
4914.0 0.5291705999999999
4915.0 0.5293528799999999
4916.0 0.52953418
4917.0 0.5297145
4918.0 0.52989482
4919.0 0.5300741600000001
4920.0 0.5302534999999999
4921.0 0.53043186
4922.0 0.53061022
4923.0 0.5307876
4924.0 0.530964
4925.0 0.5311404
4926.0 0.5313158199999999
4927.0 0.53149026
4928.0 0.5316647
4929.0 0.53183816
4930.0 0.53201162
4931.0 0.53218312
4932.0 0.53235462
4933.0 0.53252514
4934.0 0.53269468
4935.0 0.53286422
4936.0 0.53303278
4937.0 0.53319938
4938.0 0.53336598
4939.0 0.5335316
4940.0 0.53369722
4941.0 0.53386088
4942.0 0.53402356
4943.0 0.53418624
4944.0 0.53434794
4945.0 0.53450768
4946.0 0.53466742
4947.0 0.53482618
4948.0 0.53498396
4949.0 0.53513978
4950.0 0.5352956
4951.0 0.53545044
4952.0 0.53560332
4953.0 0.5357562
4954.0 0.53590712
4955.0 0.53605706
4956.0 0.536207
4957.0 0.53635498
4958.0 0.536501
4959.0 0.53664702
4960.0 0.53679108
4961.0 0.53693514
4962.0 0.53707724
4963.0 0.53721738
4964.0 0.53735752
4965.0 0.5374957
4966.0 0.5376329
4967.0 0.53776912
4968.0 0.5379033799999999
4969.0 0.5380366599999999
4970.0 0.53816798
4971.0 0.5382993
4972.0 0.53842866
4973.0 0.53855606
4974.0 0.5386824800000001
4975.0 0.5388069400000001
4976.0 0.53893042
4977.0 0.53905292
4978.0 0.53917346
4979.0 0.53929302
4980.0 0.5394096399999999
4981.0 0.53952626
4982.0 0.53964092
4983.0 0.5397536199999999
4984.0 0.53986534
4985.0 0.5399751
4986.0 0.5400828999999999
4987.0 0.54018972
4988.0 0.54029458
4989.0 0.54039846
4990.0 0.5404994
4991.0 0.54059936
4992.0 0.54069736
4993.0 0.5407943799999999
4994.0 0.5408894399999999
4995.0 0.54098254
4996.0 0.54107368
4997.0 0.54116286
4998.0 0.54125106
4999.0 0.54133632
5000.0 0.5414206
5001.0 0.54150292
5002.0 0.54158328
5003.0 0.5416616799999999
5004.0 0.54173812
5005.0 0.54181358
5006.0 0.5418861
5007.0 0.54195764
5008.0 0.54202722
5009.0 0.5420948400000001
5010.0 0.5421604999999999
5011.0 0.5422241999999999
5012.0 0.54228692
5013.0 0.5423467
5014.0 0.5424055
5015.0 0.54246234
5016.0 0.54251722
5017.0 0.54257112
5018.0 0.5426230599999999
5019.0 0.54267206
5020.0 0.54272106
5021.0 0.54276712
5022.0 0.5428122
5023.0 0.54285532
5024.0 0.54289648
5025.0 0.5429356799999999
5026.0 0.5429739
5027.0 0.54301016
5028.0 0.54304544
5029.0 0.54307778
5030.0 0.54310914
5031.0 0.54313952
5032.0 0.54316696
5033.0 0.5431934199999999
5034.0 0.5432189000000001
5035.0 0.5432414400000001
5036.0 0.543263
5037.0 0.54328358
5038.0 0.54330122
5039.0 0.5433178799999999
5040.0 0.54333356
5041.0 0.54334728
5042.0 0.54335904
5043.0 0.54336982
5044.0 0.54337962
5045.0 0.54338648
5046.0 0.54339334
5047.0 0.54339726
5048.0 0.5434002
5049.0 0.54340216
5050.0 0.54340216
5051.0 0.5434011799999999
5052.0 0.5433982399999999
5053.0 0.54339334
5054.0 0.54338844
5055.0 0.54338158
5056.0 0.54337276
5057.0 0.54336296
5058.0 0.5433512
5059.0 0.54333846
5060.0 0.54332376
5061.0 0.54330906
5062.0 0.54329142
5063.0 0.5432737799999999
5064.0 0.5432541799999999
5065.0 0.5432336
5066.0 0.5432110600000001
5067.0 0.54318754
5068.0 0.5431630399999999
5069.0 0.54313658
5070.0 0.54310914
5071.0 0.54308072
5072.0 0.54305132
5073.0 0.54301996
5074.0 0.54298762
5075.0 0.5429543
5076.0 0.54291902
5077.0 0.54288374
5078.0 0.5428465
5079.0 0.54280828
5080.0 0.5427681
5081.0 0.5427279199999999
