calculator/instruments/lris/plaintext_files/blue_D680_600-4000.txt
# %ECSV 1.0
# ---
# datatype:
# - {name: WAV, unit: Angstrom, datatype: float32}
# - {name: EFF, datatype: float64}
# meta: !!omap
# - {GRISM: 600/4000}
# - {DICHROIC: D680}
# schema: astropy-2.0
WAV EFF
[from data line 1600]
4800.0 0.44560207999999996
4801.0 0.44554622
4802.0 0.44549036
4803.0 0.4454345
4804.0 0.44537962
4805.0 0.44532474
4806.0 0.44527084
4807.0 0.44521694
4808.0 0.44516303999999995
4809.0 0.44511012
4810.0 0.4450572
4811.0 0.44500526
4812.0 0.44495332
4813.0 0.44490236
4814.0 0.4448514
4815.0 0.44480044
4816.0 0.44475045999999996
4817.0 0.44470146
4818.0 0.44465245999999997
4819.0 0.44460346
4820.0 0.44455543999999997
4821.0 0.44450742
4822.0 0.44446038
4823.0 0.44441432
4824.0 0.44436825999999996
4825.0 0.4443222
4826.0 0.44427712
4827.0 0.44423204
4828.0 0.44418794
4829.0 0.44414384
4830.0 0.44410072
4831.0 0.44405858
4832.0 0.44401643999999996
4833.0 0.4439743
4834.0 0.44393313999999995
4835.0 0.44389296
4836.0 0.44385278
4837.0 0.4438126
4838.0 0.44377437999999997
4839.0 0.44373518
4840.0 0.44369794
4841.0 0.44365972
4842.0 0.44362345999999997
4843.0 0.44358719999999996
4844.0 0.44355093999999995
4845.0 0.44351566
4846.0 0.44348038
4847.0 0.44344608
4848.0 0.44341275999999996
4849.0 0.44337944
4850.0 0.4433471
4851.0 0.44331476
4852.0 0.44328241999999995
4853.0 0.44325203999999996
4854.0 0.44322068
4855.0 0.44319128
4856.0 0.4431609
4857.0 0.4431315
4858.0 0.44310308
4859.0 0.44307466
4860.0 0.44304722
4861.0 0.44302076
4862.0 0.44299331999999997
4863.0 0.44296685999999996
4864.0 0.44294138
4865.0 0.4429159
4866.0 0.4428914
4867.0 0.4428669
4868.0 0.44284239999999997
4869.0 0.44281887999999997
4870.0 0.44279536
4871.0 0.44277282
4872.0 0.44275028
4873.0 0.44272871999999996
4874.0 0.44270618
4875.0 0.4426856
4876.0 0.44266404
4877.0 0.44264346
4878.0 0.44262288
4879.0 0.44260328
4880.0 0.4425827
4881.0 0.44256407999999997
4882.0 0.44254447999999996
4883.0 0.44252586
4884.0 0.44250723999999997
4885.0 0.44248763999999996
4886.0 0.44247000000000003
4887.0 0.44245138
4888.0 0.44243374
4889.0 0.4424161
4890.0 0.44239846
4891.0 0.44238082
4892.0 0.44236317999999997
4893.0 0.44234554000000004
4894.0 0.4423279
4895.0 0.44231124
4896.0 0.4422936
4897.0 0.44227595999999997
4898.0 0.44225832
4899.0 0.44224166
4900.0 0.44222402
4901.0 0.44220638
4902.0 0.44218873999999997
4903.0 0.4421711
4904.0 0.44215346
4905.0 0.44213484
4906.0 0.4421172
4907.0 0.44209857999999996
4908.0 0.44207996
4909.0 0.44206036
4910.0 0.44204173999999996
4911.0 0.44202214
4912.0 0.44200254
4913.0 0.44198196
4914.0 0.44196138
4915.0 0.44193982
4916.0 0.44191825999999995
4917.0 0.4418967
4918.0 0.44187416
4919.0 0.44185162
4920.0 0.4418281
4921.0 0.44180359999999996
4922.0 0.4417791
4923.0 0.44175361999999996
4924.0 0.44172814
4925.0 0.44170168
4926.0 0.44167424
4927.0 0.4416468
4928.0 0.44161838
4929.0 0.44158897999999996
4930.0 0.4415586
4931.0 0.44152724
4932.0 0.44149489999999997
4933.0 0.44146255999999995
4934.0 0.44142924
4935.0 0.44139494
4936.0 0.44135868
4937.0 0.44132242
4938.0 0.4412842
4939.0 0.44124598
4940.0 0.44120677999999997
4941.0 0.44116562
4942.0 0.44112446
4943.0 0.44108134
4944.0 0.44103724
4945.0 0.44099118
4946.0 0.44094512
4947.0 0.4408971
4948.0 0.44084908
4949.0 0.44079812
4950.0 0.44074715999999997
4951.0 0.44069326
4952.0 0.44063936
4953.0 0.44058447999999995
4954.0 0.44052666
4955.0 0.44046884000000003
4956.0 0.44040905999999996
4957.0 0.44034732
4958.0 0.44028459999999997
4959.0 0.44021992
4960.0 0.44015426
4961.0 0.44008762
4962.0 0.44001804
4963.0 0.43994748
4964.0 0.43987594
4965.0 0.43980146
4966.0 0.439726
4967.0 0.43964956
4968.0 0.43957115999999996
4969.0 0.43948982
4970.0 0.4394075
4971.0 0.4393242
4972.0 0.43923894
4973.0 0.43915074
4974.0 0.43906254
4975.0 0.4389714
4976.0 0.4388783
4977.0 0.43878422
4978.0 0.4386872
4979.0 0.4385892
4980.0 0.43848924
4981.0 0.43838732
4982.0 0.43828344
4983.0 0.4381776
4984.0 0.4380698
4985.0 0.43796102
4986.0 0.4378493
4987.0 0.43773562
4988.0 0.43762096
4989.0 0.43750336
4990.0 0.43738478000000003
4991.0 0.43726326
4992.0 0.43713978
4993.0 0.43701532
4994.0 0.43688792
4995.0 0.43675954
4996.0 0.43662822
4997.0 0.43649592000000004
4998.0 0.43636068
4999.0 0.43622446
5000.0 0.4360853
5001.0 0.43594516
5002.0 0.43580208
5003.0 0.43565704
5004.0 0.43551101999999997
5005.0 0.43536304
5006.0 0.43521212
5007.0 0.43506021999999994
5008.0 0.43490636
5009.0 0.43475053999999996
5010.0 0.43459374
5011.0 0.43443400000000004
5012.0 0.43427328
5013.0 0.43411059999999996
5014.0 0.43394595999999996
5015.0 0.43378034
5016.0 0.43361276
5017.0 0.43344321999999996
5018.0 0.43327171999999997
5019.0 0.43310022000000004
5020.0 0.43292578
5021.0 0.43275035999999995
5022.0 0.43257298
5023.0 0.43239461999999995
5024.0 0.43221528
5025.0 0.43203398
5026.0 0.43185169999999995
5027.0 0.43166844
5028.0 0.43148322
5029.0 0.43129702000000003
5030.0 0.43110886
5031.0 0.43091972
5032.0 0.43073058
5033.0 0.43053948
5034.0 0.4303474
5035.0 0.43015336
5036.0 0.42995932
5037.0 0.4297643
5038.0 0.42956829999999996
5039.0 0.42937033999999996
5040.0 0.42917238
5041.0 0.42897344
5042.0 0.42877352
5043.0 0.4285736
5044.0 0.42837172
5045.0 0.42816984
5046.0 0.42796698
5047.0 0.42776314
5048.0 0.4275593
5049.0 0.42735448000000004
5050.0 0.42714867999999995
5051.0 0.42694287999999997
5052.0 0.4267361
5053.0 0.42652932
5054.0 0.42632253999999997
5055.0 0.42611477999999997
5056.0 0.42590604
5057.0 0.42569828
5058.0 0.42548953999999994
5059.0 0.42527982
5060.0 0.42507108
5061.0 0.42486135999999997
5062.0 0.42465164
5063.0 0.42444192
5064.0 0.42423122
5065.0 0.4240215
5066.0 0.4238108
5067.0 0.42360108
5068.0 0.42339136
5069.0 0.42318066
5070.0 0.42296996
5071.0 0.42276024
5072.0 0.42254953999999995
5073.0 0.42233982
5074.0 0.4221301
5075.0 0.42192038
5076.0 0.42171066
5077.0 0.42150192
5078.0 0.42129318
5079.0 0.42108444
5080.0 0.42087569999999996
5081.0 0.42066793999999996
5082.0 0.42046018
5083.0 0.42025242
5084.0 0.42004564
5085.0 0.41983886
5086.0 0.41963208
5087.0 0.41942628
5088.0 0.41922048
5089.0 0.41901565999999996
5090.0 0.41881182
5091.0 0.41860699999999995
5092.0 0.41840414000000004
5093.0 0.41820029999999997
5094.0 0.41799842
5095.0 0.41779654
5096.0 0.41759466
5097.0 0.41739376
5098.0 0.41719384
5099.0 0.41699391999999996
5100.0 0.41679498
5101.0 0.41659603999999995
5102.0 0.41639808
5103.0 0.4162011
5104.0 0.41600412
5105.0 0.41580812
5106.0 0.4156131
5107.0 0.41541807999999997
5108.0 0.41522404
5109.0 0.41502999999999995
5110.0 0.41483694
5111.0 0.41464486
5112.0 0.41445277999999997
5113.0 0.41426167999999997
5114.0 0.41407156
5115.0 0.41388144
5116.0 0.41369229999999996
5117.0 0.41350414
5118.0 0.41331597999999997
5119.0 0.41312782000000003
5120.0 0.41294162
5121.0 0.41275444
5122.0 0.41256922
5123.0 0.412384
5124.0 0.41219878
5125.0 0.41201552
5126.0 0.41183127999999997
5127.0 0.41164802
5128.0 0.41146573999999997
5129.0 0.41128346
5130.0 0.41110216
5131.0 0.41092086
5132.0 0.41074054000000004
5133.0 0.41056022
5134.0 0.41037989999999996
5135.0 0.41020056
5136.0 0.4100222
5137.0 0.40984286
5138.0 0.4096645
5139.0 0.40948712
5140.0 0.40930974
5141.0 0.40913138
5142.0 0.40895497999999997
5143.0 0.40877759999999996
5144.0 0.4086012
5145.0 0.40842480000000003
5146.0 0.4082484
5147.0 0.40807298000000003
5148.0 0.40789658
5149.0 0.40772116
5150.0 0.40754574
5151.0 0.40737032
5152.0 0.4071949
5153.0 0.40701948
5154.0 0.40684406
5155.0 0.40666863999999997
5156.0 0.40649322
5157.0 0.40631779999999995
5158.0 0.40614237999999997
5159.0 0.40596696
5160.0 0.40579154
5161.0 0.40561611999999997
5162.0 0.40543972
5163.0 0.40526332
5164.0 0.40508789999999995
5165.0 0.4049115
5166.0 0.4047351
5167.0 0.40455772
5168.0 0.40438132
5169.0 0.40420394
5170.0 0.40402558
5171.0 0.4038482
5172.0 0.40366984
5173.0 0.40349147999999996
5174.0 0.40331312
5175.0 0.40313378
5176.0 0.40295346
5177.0 0.40277412
5178.0 0.40259281999999996
5179.0 0.4024125
5180.0 0.4022312
5181.0 0.40204989999999996
5182.0 0.40186762000000004
5183.0 0.40168436
5184.0 0.40150109999999994
5185.0 0.40131784
5186.0 0.40113360000000003
5187.0 0.40094936
5188.0 0.40076414
5189.0 0.40057892
5190.0 0.40039272
5191.0 0.40020553999999997
5192.0 0.40001835999999996
5193.0 0.39983118
5194.0 0.39964302
5195.0 0.39945388000000004
5196.0 0.39926474
5197.0 0.39907462
5198.0 0.39888450000000003
5199.0 0.39869438
5200.0 0.39850230000000003
5201.0 0.39831120000000003
5202.0 0.39811814
5203.0 0.39792605999999997
5204.0 0.397733
5205.0 0.39753896
5206.0 0.39734492
5207.0 0.39714989999999994
5208.0 0.39695586
5209.0 0.39675986
5210.0 0.39656386
5211.0 0.39636786
5212.0 0.39617186
5213.0 0.39597488000000003
5214.0 0.3957779
5215.0 0.39557993999999996
5216.0 0.39538295999999995
5217.0 0.395185
5218.0 0.39498704
5219.0 0.3947881
5220.0 0.39459014
5221.0 0.3943912
5222.0 0.39419226
5223.0 0.39399429999999996
5224.0 0.39379536000000004
5225.0 0.39359642
5226.0 0.39339748
5227.0 0.39319854
5228.0 0.39300058
5229.0 0.39280164
5230.0 0.39260368
5231.0 0.39240571999999996
5232.0 0.39220776
5233.0 0.39201078
5234.0 0.39181282
5235.0 0.39161682
5236.0 0.39141983999999996
5237.0 0.39122384
5238.0 0.39102882
5239.0 0.3908338
5240.0 0.39063976
5241.0 0.39044572
5242.0 0.39025266
5243.0 0.39006156
5244.0 0.38986948
5245.0 0.38967936
5246.0 0.38949022
5247.0 0.38930107999999997
5248.0 0.38911389999999996
5249.0 0.38892672
5250.0 0.3887415
5251.0 0.38855725999999996
5252.0 0.388374
5253.0 0.38819172
5254.0 0.3880114
5255.0 0.38783206000000003
5256.0 0.38765468
5257.0 0.38747828
5258.0 0.38730384
5259.0 0.38713038
5260.0 0.3869579
5261.0 0.38678836
5262.0 0.3866198
5263.0 0.38645418
5264.0 0.38628954
5265.0 0.38612686
5266.0 0.38596614
5267.0 0.38580738
5268.0 0.38565058
5269.0 0.38549574000000003
5270.0 0.38534285999999995
5271.0 0.38519193999999995
5272.0 0.38504395999999996
5273.0 0.38489794
5274.0 0.38475388
5275.0 0.38461178
5276.0 0.38447262
5277.0 0.38433639999999997
5278.0 0.38420116
5279.0 0.38406984
5280.0 0.3839395
5281.0 0.38381308
5282.0 0.38368862
5283.0 0.38356612
5284.0 0.38344656
5285.0 0.38332994
5286.0 0.38321626000000003
5287.0 0.38310454
5288.0 0.38299575999999996
5289.0 0.38288992
5290.0 0.38278702
5291.0 0.38268705999999997
5292.0 0.38258906
5293.0 0.382494
5294.0 0.38240187999999997
5295.0 0.3823127
5296.0 0.38222646
5297.0 0.38214316
5298.0 0.3820628
5299.0 0.38198538
5300.0 0.3819109
5301.0 0.38183935999999996
5302.0 0.38177076
5303.0 0.38170412
5304.0 0.38164139999999996
5305.0 0.38158162
5306.0 0.38152478
5307.0 0.38147087999999996
5308.0 0.38141894000000004
5309.0 0.38137092
5310.0 0.38132584
5311.0 0.3812837
5312.0 0.38124351999999995
5313.0 0.38120726
5314.0 0.38117296
5315.0 0.38114258
5316.0 0.38111416000000004
5317.0 0.38108867999999996
5318.0 0.38106614
5319.0 0.38104654
5320.0 0.38102988
5321.0 0.38101518
5322.0 0.38100342
5323.0 0.3809946
5324.0 0.38098872
5325.0 0.3809848
5326.0 0.38098382000000003
5327.0 0.38098578
5328.0 0.38098970000000004
5329.0 0.38099557999999994
5330.0 0.38100538
5331.0 0.38101616
5332.0 0.38102988
5333.0 0.38104556
5334.0 0.38106418
5335.0 0.38108475999999997
5336.0 0.3811073
5337.0 0.38113179999999997
5338.0 0.38115825999999997
5339.0 0.38118766
5340.0 0.38121804
5341.0 0.38125136
5342.0 0.38128565999999997
5343.0 0.38132192
5344.0 0.38136014
5345.0 0.38139934
5346.0 0.38144148
5347.0 0.3814846
5348.0 0.38152968
5349.0 0.38157574
5350.0 0.38162376
5351.0 0.38167275999999994
5352.0 0.38172274
5353.0 0.38177468000000003
5354.0 0.3818276
5355.0 0.38188248
5356.0 0.38193736
5357.0 0.38199321999999997
5358.0 0.38205103999999995
5359.0 0.38210886
5360.0 0.38216863999999995
5361.0 0.38222842
5362.0 0.38228918
5363.0 0.38235092
5364.0 0.38241265999999996
5365.0 0.38247636
5366.0 0.38253908000000003
5367.0 0.38260375999999996
5368.0 0.38266844
5369.0 0.38273312
5370.0 0.38279878
5371.0 0.38286444000000003
5372.0 0.3829301
5373.0 0.38299674
5374.0 0.38306337999999995
5375.0 0.38313001999999996
5376.0 0.38319666
5377.0 0.38326427999999996
5378.0 0.38333092
5379.0 0.38339853999999995
5380.0 0.38346518
5381.0 0.38353279999999995
5382.0 0.38359944
5383.0 0.38366706
5384.0 0.3837337
5385.0 0.38380132
5386.0 0.38386796
5387.0 0.3839346
5388.0 0.38400124
5389.0 0.3840669
5390.0 0.38413354
5391.0 0.3841992
5392.0 0.38426486
5393.0 0.38433052
5394.0 0.38439618
5395.0 0.38446184
5396.0 0.38452652
5397.0 0.3845912
5398.0 0.38465588
5399.0 0.38471958
5400.0 0.38478426
5401.0 0.38484894000000003
5402.0 0.38491264
5403.0 0.38497634
5404.0 0.38504004000000003
5405.0 0.38510373999999997
5406.0 0.38516743999999997
5407.0 0.38523114
5408.0 0.38529484
5409.0 0.38535756
5410.0 0.38542126
5411.0 0.38548496
5412.0 0.38554866
5413.0 0.38561334
5414.0 0.38567704
5415.0 0.38574172
5416.0 0.3858064
5417.0 0.38587108
5418.0 0.38593674
5419.0 0.3860024
5420.0 0.38606904000000003
5421.0 0.38613568
5422.0 0.3862033
5423.0 0.38627092
5424.0 0.38633952
5425.0 0.3864091
5426.0 0.38647966
5427.0 0.38655022
5428.0 0.38662176
5429.0 0.38669428
5430.0 0.38676876
5431.0 0.38684324
5432.0 0.38691968
5433.0 0.38699612
5434.0 0.38707452
5435.0 0.38715488000000003
5436.0 0.38723524
5437.0 0.38731756
5438.0 0.38740184
5439.0 0.3874871
5440.0 0.38757334
5441.0 0.38766154
5442.0 0.3877517
5443.0 0.38784382
5444.0 0.38793691999999996
5445.0 0.38803296000000004
5446.0 0.38812998
5447.0 0.38822896
5448.0 0.3883299
5449.0 0.38843279999999997
5450.0 0.38853766
5451.0 0.38864447999999996
5452.0 0.38875424
5453.0 0.38886595999999995
5454.0 0.38897963999999996
5455.0 0.38909528
5456.0 0.38921288
5457.0 0.38933342
5458.0 0.38945591999999996
5459.0 0.38958038
5460.0 0.38970778
5461.0 0.38983811999999995
5462.0 0.38996944
5463.0 0.3901037
5464.0 0.39024089999999995
5465.0 0.39038006
5466.0 0.39052216
5467.0 0.39066622
5468.0 0.39081224
5469.0 0.3909612
5470.0 0.3911131
5471.0 0.39126696
5472.0 0.39142278
5473.0 0.39158154
5474.0 0.39174324
5475.0 0.3919069
5476.0 0.3920735
5477.0 0.39224107999999996
5478.0 0.39241258
5479.0 0.39258506
5480.0 0.39276146
5481.0 0.39293883999999996
5482.0 0.39311915999999997
5483.0 0.39330144
5484.0 0.39348568
5485.0 0.39367285999999996
5486.0 0.393862
5487.0 0.39405408000000003
5488.0 0.39424714
5489.0 0.39444313999999997
5490.0 0.3946411
5491.0 0.39484102
5492.0 0.3950429
5493.0 0.39524772
5494.0 0.39545352
5495.0 0.39566128
5496.0 0.39587198
5497.0 0.39608366
5498.0 0.39629828
5499.0 0.39651388000000004
5500.0 0.39673242
5501.0 0.39695194
5502.0 0.3971744
5503.0 0.39739783999999995
5504.0 0.39762324
5505.0 0.39785158000000004
5506.0 0.39808089999999996
5507.0 0.39831218
5508.0 0.39854542
5509.0 0.39878062
5510.0 0.39901778
5511.0 0.3992569
5512.0 0.39949798
5513.0 0.39974102
5514.0 0.39998602
5515.0 0.40023298
5516.0 0.4004819
5517.0 0.40073278
5518.0 0.40098659999999997
5519.0 0.4012414
5520.0 0.40149914
5521.0 0.40175884
5522.0 0.4020205
5523.0 0.4022851
5524.0 0.40255068
5525.0 0.40282017999999997
5526.0 0.40309066
5527.0 0.40336408
5528.0 0.40364044
5529.0 0.40391876
5530.0 0.40419903999999995
5531.0 0.40448226000000004
5532.0 0.40476841999999996
5533.0 0.40505653999999996
5534.0 0.4053476
5535.0 0.4056416
5536.0 0.40593756
5537.0 0.40623548
5538.0 0.40653732
5539.0 0.40684112
5540.0 0.40714688
5541.0 0.40745558
5542.0 0.40776624
5543.0 0.40807983999999997
5544.0 0.40839539999999996
5545.0 0.4087139
5546.0 0.40903338
5547.0 0.40935482
5548.0 0.4096792
5549.0 0.41000456
5550.0 0.41033188000000004
5551.0 0.41066018
5552.0 0.41098946
5553.0 0.41131971999999994
5554.0 0.41165095999999995
5555.0 0.41198318
5556.0 0.4123154
5557.0 0.41264664
5558.0 0.41297885999999995
5559.0 0.41331009999999996
5560.0 0.41364036
5561.0 0.41396964
5562.0 0.41429696
5563.0 0.41462232
5564.0 0.41494572
5565.0 0.41526716
5566.0 0.41558566
5567.0 0.41590024
5568.0 0.41621188
5569.0 0.41652058
5570.0 0.41682438
5571.0 0.41712425999999997
5572.0 0.41741923999999997
5573.0 0.4177103
5574.0 0.41799645999999996
5575.0 0.4182787
5576.0 0.41855506
5577.0 0.41882847999999995
5578.0 0.41909699999999994
5579.0 0.41936258
5580.0 0.41962424
5581.0 0.41988393999999996
5582.0 0.42014167999999996
5583.0 0.42039941999999997
5584.0 0.42065813999999996
5585.0 0.42091881999999997
5586.0 0.42118342000000003
5587.0 0.42145488
5588.0 0.42173516
5589.0 0.4220272
5590.0 0.42233492
