calculator/instruments/lris/plaintext_files/blue_D680_300-5000.txt
# %ECSV 1.0
# ---
# datatype:
# - {name: WAV, unit: Angstrom, datatype: float32}
# - {name: EFF, datatype: float64}
# meta: !!omap
# - {GRISM: 300/5000}
# - {DICHROIC: D680}
# schema: astropy-2.0
WAV EFF
[from data line 2355]
5855.0 0.5115667118596443
5856.0 0.5116266702155563
5857.0 0.5116936914045123
5858.0 0.5117626547369095
5859.0 0.5118276329737835
5860.0 0.5118913542229293
5861.0 0.5119562033041318
5862.0 0.512018613448559
5863.0 0.5120829628552248
5864.0 0.5121494715896658
5865.0 0.5122184605299391
5866.0 0.5122890242461425
5867.0 0.512361634016123
5868.0 0.512436184096578
5869.0 0.5125269969343974
5870.0 0.5126211695411474
5871.0 0.5127024187431991
5872.0 0.5127716023154598
5873.0 0.5128418564892774
5874.0 0.5129164375529021
5875.0 0.5129929568994083
5876.0 0.5130750764126105
5877.0 0.5131630303442253
5878.0 0.5132501057042902
5879.0 0.51333414153601
5880.0 0.5134191461016784
5881.0 0.5135122832419219
5882.0 0.5136080754728736
5883.0 0.5137030993675786
5884.0 0.5137951112873875
5885.0 0.5138871220577823
5886.0 0.5139655461852457
5887.0 0.514041524839096
5888.0 0.5141309521153101
5889.0 0.5142426112346135
5890.0 0.5143562159282854
5891.0 0.5144610604721737
5892.0 0.5145671873803739
5893.0 0.5146727248668707
5894.0 0.5147766377378156
5895.0 0.5148828782447252
5896.0 0.5149974428915235
5897.0 0.515112980945642
5898.0 0.5152170483967831
5899.0 0.515314756684017
5900.0 0.5154132782227901
5901.0 0.5155170666830258
5902.0 0.5156227922103217
5903.0 0.5157228940457239
5904.0 0.5158227443114592
5905.0 0.515927059721601
5906.0 0.5160418108043181
5907.0 0.5161575305755904
5908.0 0.5162711513552282
5909.0 0.5163851108775301
5910.0 0.5165030007632465
5911.0 0.516626495204859
5912.0 0.5167509600945367
5913.0 0.5168751730634694
5914.0 0.5170002778441302
5915.0 0.5171211073438561
5916.0 0.5172357163033705
5917.0 0.5173515286722411
5918.0 0.5174730331307786
5919.0 0.5175945327902163
5920.0 0.5177189078693031
5921.0 0.5178463904276136
5922.0 0.5179721647840979
5923.0 0.5180905790703086
5924.0 0.5182099549145044
5925.0 0.5183444525371658
5926.0 0.5184838283014017
5927.0 0.5186224370049499
5928.0 0.5187577594160909
5929.0 0.5188940495682658
5930.0 0.5190215274297443
5931.0 0.5191481042387681
5932.0 0.5192780415816589
5933.0 0.5194115713728198
5934.0 0.519547035573025
5935.0 0.5196937306544264
5936.0 0.5198428346909714
5937.0 0.5199900167634015
5938.0 0.5201363206439799
5939.0 0.5202833859028504
5940.0 0.520428663606591
5941.0 0.5205749083371414
5942.0 0.5207259975410847
5943.0 0.5208818742591876
5944.0 0.5210356202335833
5945.0 0.5211812434892227
5946.0 0.521327831583473
5947.0 0.521462274845362
5948.0 0.5215920976389612
5949.0 0.5217285854446126
5950.0 0.5218793602612904
5951.0 0.522031100427698
5952.0 0.5221949164594132
5953.0 0.522360544071472
5954.0 0.522520297037466
5955.0 0.5226711616999303
5956.0 0.522822019489804
5957.0 0.522978057884582
5958.0 0.5231332221271431
5959.0 0.5232872856799068
5960.0 0.5234386499318509
5961.0 0.5235912276628852
5962.0 0.5237466996500246
5963.0 0.5239031347025863
5964.0 0.5240609042289389
5965.0 0.5242198459618191
5966.0 0.524379833687869
5967.0 0.5245449958280641
5968.0 0.5247101550502435
5969.0 0.5248782022436329
5970.0 0.5250468546928093
5971.0 0.5252127376045085
5972.0 0.5253712639876311
5973.0 0.5255297811415383
5974.0 0.5256996838544357
5975.0 0.5258711424932565
5976.0 0.5260400972513158
5977.0 0.5262067000495204
5978.0 0.526374267031926
5979.0 0.5265306663906767
5980.0 0.5266877945153993
5981.0 0.5268493172524719
5982.0 0.527014585841654
5983.0 0.5271819039966753
5984.0 0.5273590083854485
5985.0 0.5275370818740076
5986.0 0.5277088182588772
5987.0 0.5278781060890004
5988.0 0.5280452303914607
5989.0 0.5282098168323096
5990.0 0.5283734233868509
5991.0 0.5285465492888757
5992.0 0.5287222283300945
5993.0 0.5288893949126728
5994.0 0.5290363320114713
5995.0 0.5291842154115944
5996.0 0.5293152076009362
5997.0 0.5294437313638345
5998.0 0.5296068483157639
5999.0 0.5298162448194789
6000.0 0.5300266289514001
6001.0 0.530244682096024
6002.0 0.5304637289221392
6003.0 0.5306497779743229
6004.0 0.5308088012376578
6005.0 0.5309690089551179
6006.0 0.5311398910941822
6007.0 0.5313097951887121
6008.0 0.5314866918543307
6009.0 0.5316655870951794
6010.0 0.5318460258025267
6011.0 0.5320231356625212
6012.0 0.5322012102226953
6013.0 0.532371957222271
6014.0 0.5325393858579565
6015.0 0.5327077712783571
6016.0 0.5328780261346474
6017.0 0.5330482714528065
6018.0 0.5332269915451756
6019.0 0.5334076196633162
6020.0 0.5335842518694505
6021.0 0.5337571814475858
6022.0 0.5339301052468981
6023.0 0.5341032083246388
6024.0 0.534276303866019
6025.0 0.5344482400236779
6026.0 0.5346192986150569
6027.0 0.5347900295458801
6028.0 0.5349574446640842
6029.0 0.5351258175436104
6030.0 0.5353014807741275
6031.0 0.5354810318390907
6032.0 0.5356602636628413
6033.0 0.5358384891593584
6034.0 0.5360167113708566
6035.0 0.5361924909246679
6036.0 0.5363688434565528
6037.0 0.5365462727016527
6038.0 0.5367265382078082
6039.0 0.5369077715409518
6040.0 0.5370840756049494
6041.0 0.537259984630264
6042.0 0.537433797927596
6043.0 0.5376042778642612
6044.0 0.5377747220047246
6045.0 0.5379437214599329
6046.0 0.5381127134776766
6047.0 0.5382798587177465
6048.0 0.5384463649856981
6049.0 0.5386128031746052
6050.0 0.5387778980012247
6051.0 0.5389420160319676
6052.0 0.5391011194039553
6053.0 0.5392565571525403
6054.0 0.5394164825265236
6055.0 0.5395889386730052
6056.0 0.5397613923833876
6057.0 0.5399275007743326
6058.0 0.5400923420788322
6059.0 0.5402595525836303
6060.0 0.5404300151562086
6061.0 0.5405995073116703
6062.0 0.5407652030894763
6063.0 0.540930563999447
6064.0 0.5410966807810984
6065.0 0.5412646671731758
6066.0 0.541430144005572
6067.0 0.5415828782635781
6068.0 0.5417346329010416
6069.0 0.5418903461364692
6070.0 0.5420504512956972
6071.0 0.5422095701588479
6072.0 0.5423741007678159
6073.0 0.5425376611884241
6074.0 0.5426897269489885
6075.0 0.5428361200322833
6076.0 0.5429847924333175
6077.0 0.5431427339113041
6078.0 0.5432997031312626
6079.0 0.5434615742886753
6080.0 0.5436225858957604
6081.0 0.5437762631221642
6082.0 0.543914451233434
6083.0 0.5440526254362403
6084.0 0.5441897278186052
6085.0 0.54432480106923
6086.0 0.5444776932937992
6087.0 0.5446491482841741
6088.0 0.5448181282259481
6089.0 0.5449767191442562
6090.0 0.54513434307262
6091.0 0.5452769669483837
6092.0 0.545408054556953
6093.0 0.5455403349891819
6094.0 0.5456719218154588
6095.0 0.5458025287937627
6096.0 0.5459342898896751
6097.0 0.5460641816140854
6098.0 0.5461976922126616
6099.0 0.5463430206597181
6100.0 0.5464873788499289
6101.0 0.5466403904829457
6102.0 0.5467944087753354
6103.0 0.5469429198819197
6104.0 0.5470818428352473
6105.0 0.5472207614393028
6106.0 0.5473387412980174
6107.0 0.5474557065242974
6108.0 0.547578166477726
6109.0 0.5477061263857134
6110.0 0.54783362543568
6111.0 0.5479691724997933
6112.0 0.5481037491729203
6113.0 0.5482293985684187
6114.0 0.5483491955394887
6115.0 0.5484711925474716
6116.0 0.5486022838656942
6117.0 0.5487324047178995
6118.0 0.5488556555740304
6119.0 0.5489767173610988
6120.0 0.5490989558544112
6121.0 0.5492254888038286
6122.0 0.5493510511619412
6123.0 0.5494707967267725
6124.0 0.5495875761855994
6125.0 0.549708877015075
6126.0 0.5498369672064657
6127.0 0.5499631224407864
6128.0 0.5500834396648125
6129.0 0.5502025426689984
6130.0 0.5503254607380694
6131.0 0.550449969425059
6132.0 0.55057302264431
6133.0 0.5506757792248187
6134.0 0.5507785253528112
6135.0 0.5508731629071115
6136.0 0.550965132228159
6137.0 0.5510569289647377
6138.0 0.5511562805433009
6139.0 0.5512546554178934
6140.0 0.5513569688778347
6141.0 0.5514599467608073
6142.0 0.5515659361301275
6143.0 0.5516779987031987
6144.0 0.5517900583548129
6145.0 0.5519036848245161
6146.0 0.5520177223905841
6147.0 0.5521187847546087
6148.0 0.5522045902426761
6149.0 0.5522903830789541
6150.0 0.5523860287298146
6151.0 0.5524810354350222
6152.0 0.5525677805820027
6153.0 0.5526462277775487
6154.0 0.5527249708660584
6155.0 0.5528049038281866
6156.0 0.5528857899740791
6157.0 0.5529055752193911
6158.0 0.5528905327126101
6159.0 0.5527445678098563
6160.0 0.5520739429681616
6161.0 0.5514039727571386
6162.0 0.5504127991323234
6163.0 0.5493204485079185
6164.0 0.5486437446901703
6165.0 0.5488531865493191
6166.0 0.5490626683694029
6167.0 0.5501424964680496
6168.0 0.5513529120163486
6169.0 0.5523232619330631
6170.0 0.5529763683948504
6171.0 0.5536296830321356
6172.0 0.553908883949285
6173.0 0.5541843787213662
6174.0 0.5543843914538253
6175.0 0.5545191087169313
6176.0 0.5546486351012783
6177.0 0.554731339169124
6178.0 0.5548130706117815
6179.0 0.5548751714079775
6180.0 0.5549271466737901
6181.0 0.554988911844971
6182.0 0.5550875673318951
6183.0 0.555185256757064
6184.0 0.5552773779293877
6185.0 0.5553678325995701
6186.0 0.5554533725450083
6187.0 0.555528934574974
6188.0 0.5556035226421182
6189.0 0.5556858973651394
6190.0 0.5557681451653408
6191.0 0.5558508734331193
6192.0 0.5559320226575974
6193.0 0.556013164969279
6194.0 0.5560645304665974
6195.0 0.5561149135465333
6196.0 0.5561639822692801
6197.0 0.5562129778406243
6198.0 0.5562661722480411
6199.0 0.5563622469067387
6200.0 0.5564573557274132
6201.0 0.5565437104630497
6202.0 0.556625273337261
6203.0 0.5567030390122313
6204.0 0.5567681054177852
6205.0 0.5568331586857391
6206.0 0.5568904122544494
6207.0 0.5569451808812635
6208.0 0.5570053526712441
6209.0 0.5570760332275045
6210.0 0.5571476656520264
6211.0 0.5572225261526504
6212.0 0.5572977362465217
6213.0 0.5573684208351551
6214.0 0.5574326605478461
6215.0 0.5574968316520206
6216.0 0.5575566279077275
6217.0 0.5576164071505754
6218.0 0.5576817997410336
6219.0 0.5577523885244855
6220.0 0.5578240544996548
6221.0 0.5578965627419133
6222.0 0.5579700204651371
6223.0 0.5580399090995806
6224.0 0.5581081094347469
6225.0 0.5581734763006094
6226.0 0.5582228407859747
6227.0 0.5582741065885274
6228.0 0.5583339950058038
6229.0 0.5583960252706964
6230.0 0.5584710286886252
6231.0 0.5585665768442986
6232.0 0.5586621181470832
6233.0 0.5587291378318289
6234.0 0.5587931270502633
6235.0 0.5588606473425795
6236.0 0.55893203078219
6237.0 0.5590043152382412
6238.0 0.5590752294929042
6239.0 0.559147085649119
6240.0 0.5592139830103295
6241.0 0.5592775455957377
6242.0 0.559342556492145
6243.0 0.5594116471168911
6244.0 0.5594807146300915
6245.0 0.5595532807573608
6246.0 0.5596274707553481
6247.0 0.5596970728154784
6248.0 0.5597500680289856
6249.0 0.5598049512531523
6250.0 0.5598849982598498
6251.0 0.5599728557296003
6252.0 0.5600473174741675
6253.0 0.5600982964883773
6254.0 0.5601501975247117
6255.0 0.5602152466280679
6256.0 0.5602822862152886
6257.0 0.5603589044573091
6258.0 0.5604467878846816
6259.0 0.560534632254954
6260.0 0.5606000230787218
6261.0 0.5606663364234424
6262.0 0.5607527270971728
6263.0 0.5608537815226492
6264.0 0.5609544848773967
6265.0 0.5610488208522324
6266.0 0.5611450481656052
6267.0 0.5612329301181328
6268.0 0.5613179486817097
6269.0 0.5614043775890066
6270.0 0.5614940027449328
6271.0 0.5615845527326607
6272.0 0.5616637161251677
6273.0 0.5617420516751984
6274.0 0.5618193935262729
6275.0 0.5618920121105085
6276.0 0.5619674559164791
6277.0 0.5620622925186793
6278.0 0.5621602478821205
6279.0 0.5622434144547144
6280.0 0.5623091824915445
6281.0 0.5623781559188804
6282.0 0.5624554785848123
6283.0 0.5625337040880727
6284.0 0.5626239702950646
6285.0 0.5627216560917634
6286.0 0.5628204075485275
6287.0 0.5629171092570396
6288.0 0.5630147181495058
6289.0 0.5631050840778
6290.0 0.5631941364297823
6291.0 0.5632897558946698
6292.0 0.5633983998132209
6293.0 0.5635089070527042
6294.0 0.5636089141283178
6295.0 0.5637086021320475
6296.0 0.5637957315209836
6297.0 0.5638646041576131
6298.0 0.563933395202182
6299.0 0.564032912726797
6300.0 0.5641338378658424
6301.0 0.5642401575638559
6302.0 0.5643498640083763
6303.0 0.5644601461849865
6304.0 0.5645514023816406
6305.0 0.56464448861806
6306.0 0.5647290855558573
6307.0 0.5648097618619273
6308.0 0.5649000798961616
6309.0 0.5650269293927335
6310.0 0.5651556250243255
6311.0 0.5652543902465053
6312.0 0.5653428555956955
6313.0 0.5654285128411495
6314.0 0.5655037110724129
6315.0 0.5655807065188777
6316.0 0.5656767801070841
6317.0 0.5657767617416904
6318.0 0.5658803444182229
6319.0 0.5659906359467914
6320.0 0.5661008393416
6321.0 0.5662276276030384
6322.0 0.5663558636707476
6323.0 0.5664640326725117
6324.0 0.5665528419289176
6325.0 0.5666416868812945
6326.0 0.5667240563054011
6327.0 0.56680630249915
6328.0 0.5669072706470573
6329.0 0.5670199829924262
6330.0 0.5671323542057518
6331.0 0.5672414570444267
6332.0 0.5673513982026868
6333.0 0.5674526619168156
6334.0 0.567551264266596
6335.0 0.5676518031024557
6336.0 0.5677575368870503
6337.0 0.5678631488756029
6338.0 0.5679794640867365
6339.0 0.5680980651637695
6340.0 0.5681937191494504
6341.0 0.5682560232337266
6342.0 0.5683191049290568
6343.0 0.5683921235810337
6344.0 0.5684670577173601
6345.0 0.5685567677948616
6346.0 0.5686606310208248
6347.0 0.5687643414334242
6348.0 0.5688706082783882
6349.0 0.5689767339416604
6350.0 0.5690792943219685
6351.0 0.5691812418384832
6352.0 0.569283046695317
6353.0 0.5693866120758317
6354.0 0.5694909694024972
6355.0 0.5695744254239744
6356.0 0.5696517979573195
6357.0 0.5697377293546484
6358.0 0.5698380619307654
6359.0 0.5699391755559688
6360.0 0.5700493775647694
6361.0 0.5701624402513938
6362.0 0.5702606231994607
6363.0 0.5703400474206378
6364.0 0.5704202246686195
6365.0 0.570501484688008
6366.0 0.5705825611351765
6367.0 0.5706588068196886
6368.0 0.5707295209426306
6369.0 0.5708020627622327
6370.0 0.5708851574519352
6371.0 0.5709680617371672
6372.0 0.5710348073842204
6373.0 0.5710935687609238
6374.0 0.571154742231404
6375.0 0.5712207709272105
6376.0 0.5712884602160355
6377.0 0.5713861554624807
6378.0 0.5714936343300564
6379.0 0.5715964821459963
6380.0 0.5716938628393164
6381.0 0.5717910597936456
6382.0 0.5718619709466775
6383.0 0.5719303776050417
6384.0 0.5719908193477121
6385.0 0.572040629243821
6386.0 0.5720920726348799
6387.0 0.5721890640815644
6388.0 0.5722849386945112
6389.0 0.572356877574949
6390.0 0.5724092041404686
6391.0 0.5724605987663904
6392.0 0.5725075391673738
6393.0 0.5725533143172523
6394.0 0.5726322917811751
6395.0 0.5727275444319463
6396.0 0.5728110521741941
6397.0 0.5728556460447525
6398.0 0.5728990768717924
6399.0 0.5729450736449558
6400.0 0.5729904083282905
6401.0 0.5730342710679854
6402.0 0.5730745670774966
6403.0 0.5731155532423227
6404.0 0.5731730401132025
6405.0 0.5732313475534325
6406.0 0.5732744201768205
6407.0 0.5732996227009957
6408.0 0.5733235361222274
6409.0 0.5733404798466696
6410.0 0.5733571722683748
6411.0 0.5733910849419431
6412.0 0.5734377256177404
6413.0 0.573483254290312
6414.0 0.5735216609966841
6415.0 0.573558922335867
6416.0 0.5735850745664138
6417.0 0.5736042597481504
6418.0 0.5736267816940058
6419.0 0.5736633077855231
6420.0 0.5736977773196053
6421.0 0.5737145035705995
6422.0 0.5737247764951429
6423.0 0.5737250637128732
6424.0 0.5737059306604801
6425.0 0.5736856215800371
6426.0 0.5737037668305265
6427.0 0.57372469584733
6428.0 0.5737571384809251
6429.0 0.5738037625895837
6430.0 0.5738481649097906
6431.0 0.5738543855176729
6432.0 0.5738594720660346
6433.0 0.57384085984359
6434.0 0.5738051315878566
6435.0 0.573771369843789
6436.0 0.5737482332593282
6437.0 0.5737239531673801
6438.0 0.5737067969000124
6439.0 0.5736902284845296
6440.0 0.573679846528757
6441.0 0.5736891707550544
6442.0 0.5736955727301879
6443.0 0.5737143537124192
6444.0 0.5737333914396221
6445.0 0.5737325129861481
6446.0 0.5736975482978748
6447.0 0.5736605550221995
6448.0 0.5736069625200155
6449.0 0.5735493304866722
6450.0 0.5735040434018428
6451.0 0.5734685375946802
6452.0 0.5734309497663294
6453.0 0.5733668983993344
6454.0 0.5733017316281867
6455.0 0.5732272124610274
6456.0 0.5731478949778105
6457.0 0.573069123095549
6458.0 0.5730009035393426
6459.0 0.57293068248167
6460.0 0.5729011906782192
6461.0 0.5728862885081628
6462.0 0.5728700611230032
6463.0 0.5728517757528667
6464.0 0.5728333480626489
6465.0 0.5726947679332658
6466.0 0.5725303207684665
6467.0 0.5723867211169565
6468.0 0.5722790180364987
6469.0 0.5721693337880297
6470.0 0.5721253700281035
6471.0 0.5720828967334396
6472.0 0.5720389295450475
