calculator/instruments/lris/plaintext_files/blue_D500_400-3400.txt
# %ECSV 1.0
# ---
# datatype:
# - {name: WAV, unit: Angstrom, datatype: float32}
# - {name: EFF, datatype: float64}
# meta: !!omap
# - {GRISM: 400/3400}
# - {DICHROIC: D500}
# schema: astropy-2.0
WAV EFF
[from data line 1816]
4916.0 0.34222991399261415
4917.0 0.34185838435715027
4918.0 0.3414632312068421
4919.0 0.3409969528630231
4920.0 0.3405317336147873
4921.0 0.3400823177099399
4922.0 0.3396380711394335
4923.0 0.3392099283972706
4924.0 0.3388126711636491
4925.0 0.3384155681027144
4926.0 0.33799423891560876
4927.0 0.3375718967544837
4928.0 0.3371346681304502
4929.0 0.33667978089423545
4930.0 0.3362256112613595
4931.0 0.3357610263299045
4932.0 0.3352957701149238
4933.0 0.33482301663231406
4934.0 0.3343436613466934
4935.0 0.3338790967767917
4936.0 0.33349169240594534
4937.0 0.33310443947762536
4938.0 0.3327628272001388
4939.0 0.3324408342418474
4940.0 0.33207116614241133
4941.0 0.3315647936071626
4942.0 0.3310586338929079
4943.0 0.3305578264631142
4944.0 0.3300573208166611
4945.0 0.32957556597494075
4946.0 0.3291278631012114
4947.0 0.3286794986740999
4948.0 0.32822010171344773
4949.0 0.32776005196247937
4950.0 0.32731382717773305
4951.0 0.32688285124228045
4952.0 0.3264496244080118
4953.0 0.32595828596967175
4954.0 0.32546631876555554
4955.0 0.32498372696728206
4956.0 0.32450744971707424
4957.0 0.32402116511568274
4958.0 0.32348588154316094
4959.0 0.3229500015869395
4960.0 0.3224902203159927
4961.0 0.32206013094374725
4962.0 0.32159747394439325
4963.0 0.3210487391332493
4964.0 0.32049942473368037
4965.0 0.31994767238490324
4966.0 0.3193956217192041
4967.0 0.31886321868975653
4968.0 0.3183618528237676
4969.0 0.317860715617905
4970.0 0.31731132841812093
4971.0 0.31675828330764794
4972.0 0.31619479407306544
4973.0 0.3156200522895965
4974.0 0.31504329386563135
4975.0 0.31444371736152626
4976.0 0.31384443148900015
4977.0 0.31323543281288646
4978.0 0.31262004722006476
4979.0 0.3120165409827705
4980.0 0.3114690196991601
4981.0 0.3109217658827473
4982.0 0.3103435576351256
4983.0 0.30975439081139566
4984.0 0.30916107865325937
4985.0 0.3085583631356947
4986.0 0.30795515425004544
4987.0 0.3072698957171727
4988.0 0.30656756464501883
4989.0 0.30588307629686556
4990.0 0.30522435215236327
4991.0 0.30456597740500335
4992.0 0.3038885108187267
4993.0 0.30320984143035734
4994.0 0.3024819307580795
4995.0 0.301705984018451
4996.0 0.30092898418574404
4997.0 0.3001311221729276
4998.0 0.2993344944941527
4999.0 0.2985562602042188
5000.0 0.29778992011337674
5001.0 0.29701745097117405
5002.0 0.29621905836213774
5003.0 0.29541958275876096
5004.0 0.29466439775235737
5005.0 0.2939232328290276
5006.0 0.2931435507150749
5007.0 0.2922727097148044
5008.0 0.29140239347282537
5009.0 0.2905375599968554
5010.0 0.289673423113534
5011.0 0.28882034366308157
5012.0 0.2879814216090128
5013.0 0.2871437708620871
5014.0 0.2861966096708126
5015.0 0.28524669224709953
5016.0 0.2842693609461244
5017.0 0.2832663279719749
5018.0 0.28226255512731896
5019.0 0.28124347383820253
5020.0 0.2802235796875703
5021.0 0.2792516861675959
5022.0 0.2783070419563755
5023.0 0.2773526566545517
5024.0 0.276364055114678
5025.0 0.27537465632904423
5026.0 0.2742462538183498
5027.0 0.2730713607301215
5028.0 0.2719355228389637
5029.0 0.27088484834663107
5030.0 0.26983489368805846
5031.0 0.2687493403663223
5032.0 0.26765851337382673
5033.0 0.2665393239726057
5034.0 0.2653816258895083
5035.0 0.2642240483365874
5036.0 0.26297598155130714
5037.0 0.2617269482313115
5038.0 0.26048065839513235
5039.0 0.25923674266622276
5040.0 0.25799280946326064
5041.0 0.2567407933306063
5042.0 0.255489696778415
5043.0 0.25417170368841707
5044.0 0.2528185517674781
5045.0 0.2514689014880271
5046.0 0.2501321480704983
5047.0 0.24879639803489006
5048.0 0.24734348604511927
5049.0 0.24585745181591798
5050.0 0.24436678072010037
5051.0 0.2428657315052696
5052.0 0.24136648711642533
5053.0 0.2399725063599059
5054.0 0.238594607792121
5055.0 0.2371541067436681
5056.0 0.23563390956593894
5057.0 0.23411490935885684
5058.0 0.23242011897569465
5059.0 0.23072667484566922
5060.0 0.22910460831140755
5061.0 0.22754161096593475
5062.0 0.2259749345222368
5063.0 0.22437457305101155
5064.0 0.2227754986791478
5065.0 0.2210839797984204
5066.0 0.21934709429473984
5067.0 0.21760894399664568
5068.0 0.21586271213191996
5069.0 0.21411733230247587
5070.0 0.21229740793250582
5071.0 0.210456829514576
5072.0 0.2086373737669601
5073.0 0.2068569005397402
5074.0 0.2050784578290125
5075.0 0.20329124239129195
5076.0 0.20150431689254847
5077.0 0.19966286225786078
5078.0 0.19775450921655288
5079.0 0.19584711937401378
5080.0 0.19387850027829945
5081.0 0.19191101766079674
5082.0 0.18996981536598698
5083.0 0.18804791406413085
5084.0 0.18611164263722482
5085.0 0.18406025174202476
5086.0 0.18201010306442528
5087.0 0.17992816476302817
5088.0 0.17783222699009155
5089.0 0.17577144919855783
5090.0 0.17381806009565748
5091.0 0.1718663359483782
5092.0 0.16982648951568133
5093.0 0.16776394364012015
5094.0 0.16571657273140364
5095.0 0.16369584679372826
5096.0 0.16167685324847392
5097.0 0.15945988686210372
5098.0 0.15722503427158613
5099.0 0.15497171832976395
5100.0 0.15269734428487497
5101.0 0.15042829783303735
5102.0 0.14834684423708355
5103.0 0.14626717790983035
5104.0 0.1442091513528053
5105.0 0.14216765137572107
5106.0 0.14011970133988488
5107.0 0.13802591149866694
5108.0 0.13593391705399638
5109.0 0.13367510286926915
5110.0 0.13134251207246758
5111.0 0.1290549309300425
5112.0 0.12689684531112577
5113.0 0.12474096130216838
5114.0 0.12277740858402622
5115.0 0.12086052922643521
5116.0 0.11884696916469635
5117.0 0.11666133511003611
5118.0 0.1144778849379875
5119.0 0.1122251202669004
5120.0 0.10996812845436005
5121.0 0.1078766748301481
5122.0 0.10596413166450586
5123.0 0.10404722446640087
5124.0 0.1019481156050497
5125.0 0.09985106452921468
5126.0 0.0978380142773091
5127.0 0.09588424338871927
5128.0 0.09394249919049723
5129.0 0.09206116582883353
5130.0 0.09018167240635938
5131.0 0.08811521147068149
5132.0 0.0859737512520687
5133.0 0.08388772116901888
5134.0 0.08195602305951652
5135.0 0.08002616760923051
5136.0 0.0781592058688329
5137.0 0.07630724979620188
5138.0 0.07451496729520776
5139.0 0.07281863464201478
5140.0 0.07112371072263234
5141.0 0.0693607574219744
5142.0 0.0675940234481865
5143.0 0.06586837804210653
5144.0 0.06418518901976994
5145.0 0.06251093154640812
5146.0 0.060981536213271174
5147.0 0.05945339174750264
5148.0 0.057894790246850555
5149.0 0.05631622062838386
5150.0 0.0547325918806524
5151.0 0.053117101901714564
5152.0 0.05150292236355671
5153.0 0.04997088530605159
5154.0 0.048471648758075435
5155.0 0.04707058093601709
5156.0 0.045919992399537
5157.0 0.04477032393968851
5158.0 0.0435729292695698
5159.0 0.04236638510115761
5160.0 0.041160281828311746
5161.0 0.0399538393429814
5162.0 0.038748467863411774
5163.0 0.03747511897573064
5164.0 0.036199142633187395
5165.0 0.0351039095544669
5166.0 0.03418920422917976
5167.0 0.03326754314743475
5168.0 0.032224936119497845
5169.0 0.03118323446454573
5170.0 0.030058220001361328
5171.0 0.028882544091934303
5172.0 0.027771715500212544
5173.0 0.026973366576943148
5174.0 0.026175709279291887
5175.0 0.025351988469047744
5176.0 0.02451913885327847
5177.0 0.02374053373009487
5178.0 0.023093544214853712
5179.0 0.02244704921826657
5180.0 0.021849609018530475
5181.0 0.02126125159078538
5182.0 0.020629879040166835
5183.0 0.019933875086835078
5184.0 0.01923834378043278
5185.0 0.018740848179274048
5186.0 0.018252003590404083
5187.0 0.01764350682241493
5188.0 0.016924821196391993
5189.0 0.016230595167418253
5190.0 0.015853877940473188
5191.0 0.0154774867616399
5192.0 0.015025187649826735
5193.0 0.014528497954965865
5194.0 0.014088842120454387
5195.0 0.013890812226096892
5196.0 0.013692927293339397
5197.0 0.013369060770628483
5198.0 0.013001136088634627
5199.0 0.012637049775515712
5200.0 0.012281464070656088
5201.0 0.011926140769040638
5202.0 0.011701248262821864
5203.0 0.011497696506661192
5204.0 0.011289759785094697
5205.0 0.011075716942863115
5206.0 0.010861830142315742
5207.0 0.010578927974629504
5208.0 0.010294124045587794
5209.0 0.010096133511798795
5210.0 0.00997505955165383
5211.0 0.009858678297771775
5212.0 0.009788962349962087
5213.0 0.009719267261305238
5214.0 0.009653304580678632
5215.0 0.009589443499855995
5216.0 0.009501055631862192
5217.0 0.00931448182465489
5218.0 0.009128068704151265
5219.0 0.009084146006130936
5220.0 0.009085225384276611
5221.0 0.009062386689607972
5222.0 0.00898643548936081
5223.0 0.008910537398180082
5224.0 0.008852374540138458
5225.0 0.008796863832835997
5226.0 0.008725024416066098
5227.0 0.008631572132512578
5228.0 0.00853816102329209
5229.0 0.008551770570145239
5230.0 0.008566447673646279
5231.0 0.00859537328984716
5232.0 0.008636419810385274
5233.0 0.00867487755736807
5234.0 0.008690303879807975
5235.0 0.008705741642381463
5236.0 0.008697992590477866
5237.0 0.008678351238726298
5238.0 0.008654547505866663
5239.0 0.008615179470241057
5240.0 0.0085758376754472
5241.0 0.008546834620183914
5242.0 0.00852092957286914
5243.0 0.008533672552931346
5244.0 0.008624809246403351
5245.0 0.008715877576254305
5246.0 0.00869228541780154
5247.0 0.008653112503724757
5248.0 0.008622999569923928
5249.0 0.008604456299865258
5250.0 0.008585924159444206
5251.0 0.008703455327338957
5252.0 0.008820899455760024
5253.0 0.008875031523173035
5254.0 0.008879463336951984
5255.0 0.008889423116828495
5256.0 0.008944128105665644
5257.0 0.008998817257715898
5258.0 0.009131343643941291
5259.0 0.009302155957145635
5260.0 0.009421295623275778
5261.0 0.009367836639966305
5262.0 0.009314413629709466
5263.0 0.009276372529236224
5264.0 0.009242683155239467
5265.0 0.009231497972962686
5266.0 0.009263971863333574
5267.0 0.009296420220857181
5268.0 0.00927317205374738
5269.0 0.009243784642768427
5270.0 0.009270029560032107
5271.0 0.009364141802280287
5272.0 0.009457871366931506
5273.0 0.00952058270111196
5274.0 0.009583247139713466
5275.0 0.009536745307691816
5276.0 0.00940798520150619
5277.0 0.009302883872367999
5278.0 0.00935556169632
5279.0 0.00940817262880505
5280.0 0.009433305308769931
5281.0 0.009445497268565037
5282.0 0.0094519308735989
5283.0 0.009440049006875055
5284.0 0.009428200711005847
5285.0 0.00952511358586317
5286.0 0.009649135457947391
5287.0 0.009676862981739304
5288.0 0.009525911530729124
5289.0 0.009375062803927749
5290.0 0.009269644638951765
5291.0 0.009168779038176167
5292.0 0.009114449346528839
5293.0 0.009112506920030303
5294.0 0.009112326522490938
5295.0 0.009197186980743234
5296.0 0.009281959861271854
5297.0 0.009346457056174496
5298.0 0.00939620751709419
5299.0 0.009426035033862658
5300.0 0.009333578380157494
5301.0 0.00924115487738415
5302.0 0.009260134023825242
5303.0 0.009326788514488416
5304.0 0.009391571953125566
5305.0 0.00945075724568341
5306.0 0.009509900732405189
5307.0 0.009479111669998047
5308.0 0.009427255911755231
5309.0 0.009402332244037888
5310.0 0.009423237758951571
5311.0 0.009444127428812624
5312.0 0.009425713515448299
5313.0 0.009403922243296748
5314.0 0.009369604225170653
5315.0 0.009321669511053154
5316.0 0.009276382034723385
5317.0 0.00929258856437811
5318.0 0.009308810107067361
5319.0 0.00930166748361704
5320.0 0.009278332667751932
5321.0 0.009267996573958402
5322.0 0.009331255027051179
5323.0 0.009394471581381226
5324.0 0.009412881213748774
5325.0 0.009413026656483114
5326.0 0.009390461934557007
5327.0 0.009306560074011783
5328.0 0.009222708595782347
5329.0 0.009258041072586088
5330.0 0.009319487275123932
5331.0 0.009348500733816933
5332.0 0.009324613611718123
5333.0 0.009300739344445886
5334.0 0.009329576523788605
5335.0 0.009361755495695144
5336.0 0.009492244881460677
5337.0 0.00972502541044778
5338.0 0.009949823726203844
5339.0 0.010026120482842297
5340.0 0.01010237010816065
5341.0 0.010128585654863997
5342.0 0.01012281519564
5343.0 0.010106431242196075
5344.0 0.010034183844947094
5345.0 0.009962006567259563
5346.0 0.009862674432080058
5347.0 0.009752895495131668
5348.0 0.009680529769197284
5349.0 0.00970432734954165
5350.0 0.009728138736416887
5351.0 0.009899165967157906
5352.0 0.010098195389473706
5353.0 0.01031087907042405
5354.0 0.01054504771004708
5355.0 0.010779083256538093
5356.0 0.010871825691107184
5357.0 0.010957085776870724
5358.0 0.010975299688097642
5359.0 0.010929149914433646
5360.0 0.010884151885865353
5361.0 0.010856330665092525
5362.0 0.010828555521414313
5363.0 0.010925231542702946
5364.0 0.011098152942496477
5365.0 0.011303010668160092
5366.0 0.011653674637338922
5367.0 0.01200411186787354
5368.0 0.012155881121385407
5369.0 0.012234164246065394
5370.0 0.012261594322800174
5371.0 0.012164683377635214
5372.0 0.012067786222998544
5373.0 0.012081698148483287
5374.0 0.012115134976102926
5375.0 0.012196294913069046
5376.0 0.012346094282719993
5377.0 0.012495811802349889
5378.0 0.012680143084983282
5379.0 0.012865819217663036
5380.0 0.01309021267840904
5381.0 0.01335023217061882
5382.0 0.013598931723789443
5383.0 0.013718463062736825
5384.0 0.013837928410526308
5385.0 0.013851795191431798
5386.0 0.013803731295073948
5387.0 0.013784223176111597
5388.0 0.013886505016596825
5389.0 0.013988730002284814
5390.0 0.014170214324431586
5391.0 0.014378030852463168
5392.0 0.014580613070629675
5393.0 0.014771094772564056
5394.0 0.014961470847578682
5395.0 0.015042590079152585
5396.0 0.015105899036914465
5397.0 0.015214573247838108
5398.0 0.015385820435893637
5399.0 0.015556971134113097
5400.0 0.015773789953835684
5401.0 0.015991372445911492
5402.0 0.016190165241422326
5403.0 0.016372204674536494
5404.0 0.016557211192325408
5405.0 0.016773659553927667
5406.0 0.016989983386363403
5407.0 0.017129706243429417
5408.0 0.017228127434684153
5409.0 0.017314614281079506
5410.0 0.017353770206353196
5411.0 0.017392900699823605
5412.0 0.01749458351290109
5413.0 0.017615976478249126
5414.0 0.01779003830845926
5415.0 0.01807615392011107
5416.0 0.018362042111977207
5417.0 0.018592110713029936
5418.0 0.01881373359542215
5419.0 0.018988975137650008
5420.0 0.01910270905479998
5421.0 0.01921642797885258
5422.0 0.019292449861976056
5423.0 0.019368042110936585
5424.0 0.019474764043200008
5425.0 0.01960685949006318
5426.0 0.019747515990559763
5427.0 0.01996636496977516
5428.0 0.020185069826842157
5429.0 0.02041966129610513
5430.0 0.020662321460790205
5431.0 0.020888748188907392
5432.0 0.02105799917330488
5433.0 0.02122706918304679
5434.0 0.021259933375884048
5435.0 0.021252069727173434
5436.0 0.021278493691150355
5437.0 0.021374550915863745
5438.0 0.02147053735058576
5439.0 0.021679382428703983
5440.0 0.021901971788927922
5441.0 0.022088713118020017
5442.0 0.022229999363123063
5443.0 0.022371112024844198
5444.0 0.022451837372136803
5445.0 0.022532499057902233
5446.0 0.022653012071558537
5447.0 0.022804890392062765
5448.0 0.022958373827406273
5449.0 0.02312422101999872
5450.0 0.023289938612675375
5451.0 0.02346248581168548
5452.0 0.023638286264847708
5453.0 0.023801630093186497
5454.0 0.02392355055224549
5455.0 0.02404529703335293
5456.0 0.024113969919907358
5457.0 0.02416852613382568
5458.0 0.024222473386526236
5459.0 0.024275430494831635
5460.0 0.024328263678089355
5461.0 0.024472872832670932
5462.0 0.024627490252593486
5463.0 0.024777897375238733
5464.0 0.02492331312994442
5465.0 0.025067694906122207
5466.0 0.02512200107853384
5467.0 0.025176254580553753
5468.0 0.025274965506332875
5469.0 0.025407130858689193
5470.0 0.025532293381132793
5471.0 0.025611289244225788
5472.0 0.02569013110107259
5473.0 0.02567088440476635
5474.0 0.025607664156884234
5475.0 0.025565473891042346
5476.0 0.025589657581196072
5477.0 0.025613811453813987
5478.0 0.025729845706450948
5479.0 0.02586875863804042
5480.0 0.025969099902175986
5481.0 0.0260010316990122
5482.0 0.026032845477257677
5483.0 0.026103800115061773
5484.0 0.02617847510870579
5485.0 0.02625064483662086
5486.0 0.02631982866924483
5487.0 0.026392770296056786
5488.0 0.026589362382625215
5489.0 0.02678577261656207
5490.0 0.026858713090599676
5491.0 0.02684225724701708
5492.0 0.02681268142903052
5493.0 0.026702022400334074
5494.0 0.026591366798309514
5495.0 0.026559805185065663
5496.0 0.02656198752503384
5497.0 0.026587381854832007
5498.0 0.026678577769872022
5499.0 0.026769683412912044
5500.0 0.026704440722902838
5501.0 0.02660260799222415
