calculator/instruments/lris/plaintext_files/blue_D500_300-5000.txt
# %ECSV 1.0
# ---
# datatype:
# - {name: WAV, unit: Angstrom, datatype: float32}
# - {name: EFF, datatype: float64}
# meta: !!omap
# - {GRISM: 300/5000}
# - {DICHROIC: D500}
# schema: astropy-2.0
WAV EFF
[from data line 2385]
5885.0 0.00444182889762788
5886.0 0.004496493968837859
5887.0 0.004590685673103135
5888.0 0.004605456745261084
5889.0 0.004484910188792586
5890.0 0.004364332889254805
5891.0 0.00420504510570571
5892.0 0.004042798480265692
5893.0 0.004009500168337035
5894.0 0.004110487713623047
5895.0 0.004204019393709444
5896.0 0.0041548295790694535
5897.0 0.00410562655256841
5898.0 0.003953244159205274
5899.0 0.003732018689777194
5900.0 0.003578793225977693
5901.0 0.003783090660843217
5902.0 0.003987491989633367
5903.0 0.004019496876227343
5904.0 0.00398443745682524
5905.0 0.003896224394614516
5906.0 0.00366425707988158
5907.0 0.003432189376898367
5908.0 0.0034342158405440207
5909.0 0.0034842284308816015
5910.0 0.003488372408330515
5911.0 0.0034207176336757805
5912.0 0.003353036482719993
5913.0 0.003299459870728975
5914.0 0.0032467652261174104
5915.0 0.0032450234842815867
5916.0 0.003294260127634723
5917.0 0.003329315441459364
5918.0 0.0031416959010759785
5919.0 0.0029539809540144227
5920.0 0.002799402942121271
5921.0 0.002665125962608847
5922.0 0.0025450439672245312
5923.0 0.0024945679597116535
5924.0 0.002444069906547896
5925.0 0.002311480961766307
5926.0 0.002148457349064184
5927.0 0.002058335152673663
5928.0 0.002146902819900627
5929.0 0.002235522068309064
5930.0 0.002384748399991361
5931.0 0.002545598031499515
5932.0 0.0026450072395375035
5933.0 0.0026521452847147135
5934.0 0.0026592968010615524
5935.0 0.00245936697720669
5936.0 0.002250702233772599
5937.0 0.0020610963480914677
5938.0 0.0018898168805680446
5939.0 0.0017246652090247571
5940.0 0.0016421177763470466
5941.0 0.0015595252679093793
5942.0 0.0014851350928068844
5943.0 0.0014155537063647967
5944.0 0.0013755470838399543
5945.0 0.0014618140760041785
5946.0 0.0015481347615199817
5947.0 0.0015777309707549329
5948.0 0.0015873893985817544
5949.0 0.0015505485186005105
5950.0 0.0014051369513620822
5951.0 0.0012596393503007718
5952.0 0.0012244199979385242
5953.0 0.0012071507410459014
5954.0 0.001194625036163355
5955.0 0.0011889341618404662
5956.0 0.0011832395313864296
5957.0 0.0010705460807999946
5958.0 0.0009544697015296198
5959.0 0.0008983546525726265
5960.0 0.0008954556251199651
5961.0 0.0009019060350425537
5962.0 0.0010159169701822453
5963.0 0.0011300020025689428
5964.0 0.0010583996216235183
5965.0 0.000882228154180459
5966.0 0.0007223377882973396
5967.0 0.0006279454703301199
5968.0 0.0005334919361851605
5969.0 0.0005471645965347289
5970.0 0.0005950213303014606
5971.0 0.0005683083950939049
5972.0 0.0003754750439936061
5973.0 0.00018251488901064979
5974.0 0.0001537362673806858
5975.0 0.00014949853425353434
5976.0 0.0002593834707840573
5977.0 0.0005206743775881641
5978.0 0.0007821399644373237
5979.0 0.0007444200746247891
5980.0 0.0007005647440696832
5981.0 0.0006116737968284345
5982.0 0.00048437182015732746
5983.0 0.00036901645175998376
5984.0 0.0003619016190736654
5985.0 0.000354782568530505
5986.0 0.0003256609166429705
5987.0 0.00028467110105637964
5988.0 0.0002526835642936231
5989.0 0.0002546592035665489
5990.0 0.0002566356617448932
5991.0 0.00019507324427933155
5992.0 0.00011448263194345601
5993.0 7.263357347997784e-05
5994.0 0.00010955123039367553
5995.0 0.00014649429492632059
5996.0 0.0002830044044611226
5997.0 0.00043318693818917355
5998.0 0.0005035914696566202
5999.0 0.00047234444617559514
6000.0 0.00044107662568418176
6001.0 0.00043152769311998574
6002.0 0.00042197286629052657
6003.0 0.00040653199840552326
6004.0 0.00038626834195103015
6005.0 0.0003756289554258613
6006.0 0.0004429928492651132
6007.0 0.0005104024185761253
6008.0 0.0006057475168589249
6009.0 0.000714897931856863
6010.0 0.0008002376718503935
6011.0 0.0008009078659326345
6012.0 0.0008015797909088012
6013.0 0.0008835448272387555
6014.0 0.0009885011573830538
6015.0 0.0010790252286556193
6016.0 0.0011414458989775784
6017.0 0.0012039094322503574
6018.0 0.0011642466280420742
6019.0 0.0011132021263999656
6020.0 0.0010854474839331444
6021.0 0.0010861946264798359
6022.0 0.0010888662829509174
6023.0 0.0012821066171012556
6024.0 0.0014754798617433972
6025.0 0.001547667629182275
6026.0 0.0015283523571738367
6027.0 0.0015020550634187429
6028.0 0.00142461785717233
6029.0 0.001347129744297444
6030.0 0.0013288422635331497
6031.0 0.0013384369344945875
6032.0 0.0013549765501978377
6033.0 0.001393507202180591
6034.0 0.0014320638605633445
6035.0 0.0016215392135250943
6036.0 0.0018512712886572912
6037.0 0.0020035562399336737
6038.0 0.0020117777138179385
6039.0 0.0020200079224794074
6040.0 0.0021272478597993733
6041.0 0.0022443549806769043
6042.0 0.0023649965576846115
6043.0 0.002489612939711566
6044.0 0.002609847177564607
6045.0 0.002511297632798453
6046.0 0.0024126815141548184
6047.0 0.0024142715608546235
6048.0 0.0024885006037103008
6049.0 0.0025712461302257036
6050.0 0.0027060740251679868
6051.0 0.0028409854154336374
6052.0 0.002961863288885131
6053.0 0.003076465901691257
6054.0 0.00319361085862272
6055.0 0.003318231625963783
6056.0 0.0034429330938950094
6057.0 0.003525203130341053
6058.0 0.0035975521199667145
6059.0 0.003645341530673664
6060.0 0.0036493968531999647
6061.0 0.003653447490810477
6062.0 0.003690072369086398
6063.0 0.0037295532565223516
6064.0 0.003813408271178366
6065.0 0.003945383927809588
6066.0 0.00407789113550521
6067.0 0.004221601180673634
6068.0 0.004365393528968375
6069.0 0.00432556708146074
6070.0 0.004158026243804773
6071.0 0.003999119395437592
6072.0 0.003889736634328356
6073.0 0.0037802784363801805
6074.0 0.003964510509404196
6075.0 0.004268870836343172
6076.0 0.004522254955635532
6077.0 0.00463015630559089
6078.0 0.00473811412304901
6079.0 0.004876841041356858
6080.0 0.005022375263521589
6081.0 0.005182401271983156
6082.0 0.005365999490295586
6083.0 0.005549705882418541
6084.0 0.005493381830998168
6085.0 0.005418923775240229
6086.0 0.0054553900753919506
6087.0 0.0056074090074309454
6088.0 0.005766037944825131
6089.0 0.006049097198247536
6090.0 0.0063323080679552925
6091.0 0.006474260775894678
6092.0 0.006525828825157847
6093.0 0.0065868381826843046
6094.0 0.006697229098832494
6095.0 0.006807669135095369
6096.0 0.006913491967321754
6097.0 0.007017523977392885
6098.0 0.007122881557803733
6099.0 0.007231592188517027
6100.0 0.00734034878623074
6101.0 0.007547784308378942
6102.0 0.007775525581872674
6103.0 0.007962587419983855
6104.0 0.008085899894990674
6105.0 0.008209277493407328
6106.0 0.008193678309088437
6107.0 0.008170751317698966
6108.0 0.008093606246560138
6109.0 0.007962200736924758
6110.0 0.007847548830914788
6111.0 0.007996687679103583
6112.0 0.008145888474526441
6113.0 0.008266140518863742
6114.0 0.008368653427901072
6115.0 0.008487996563940687
6116.0 0.008683842043568837
6117.0 0.008879769514683724
6118.0 0.009064496448961162
6119.0 0.009245140403449668
6120.0 0.009388043948801371
6121.0 0.009438402180281216
6122.0 0.009488767231611923
6123.0 0.009522471001566281
6124.0 0.009553211349919965
6125.0 0.009545555206825889
6126.0 0.009480265366293919
6127.0 0.009414910114781723
6128.0 0.009542699926971897
6129.0 0.009678582806684408
6130.0 0.009748889255115757
6131.0 0.00975858932218607
6132.0 0.009791019382658885
6133.0 0.01012545361537507
6134.0 0.010460039452992027
6135.0 0.010671269493794384
6136.0 0.01081008218147686
6137.0 0.010895852590641563
6138.0 0.010755382701621869
6139.0 0.010614830569139411
6140.0 0.010629636005861053
6141.0 0.010696252539722088
6142.0 0.010813542898048993
6143.0 0.011049063243340762
6144.0 0.011284684055966436
6145.0 0.011409561091169935
6146.0 0.01151644545620353
6147.0 0.011578041728842085
6148.0 0.011577103599157895
6149.0 0.01157616405473686
6150.0 0.011754138640038856
6151.0 0.011937700673381223
6152.0 0.01204313278750006
6153.0 0.012079220661403512
6154.0 0.012107569839555332
6155.0 0.012057485591854284
6156.0 0.012007401214895973
6157.0 0.012008129060003581
6158.0 0.01203744655014569
6159.0 0.012075212902027222
6160.0 0.012146731419943558
6161.0 0.0122182985270006
6162.0 0.012331493052008114
6163.0 0.012457883801940479
6164.0 0.01255333455484287
6165.0 0.012583004794472772
6166.0 0.012612685577934251
6167.0 0.012681789929296123
6168.0 0.012756813574800565
6169.0 0.012877118873656529
6170.0 0.01305749760391877
6171.0 0.013237943900826393
6172.0 0.013175254688489653
6173.0 0.01311008413937639
6174.0 0.013082015278348983
6175.0 0.013085544922059286
6176.0 0.013105342962779562
6177.0 0.01327158663449541
6178.0 0.01343786791389982
6179.0 0.013537145221914921
6180.0 0.013601903530098502
6181.0 0.013662376627043551
6182.0 0.013706661208973936
6183.0 0.013750937285516875
6184.0 0.013807913950499028
6185.0 0.013868700307835775
6186.0 0.013934151180602171
6187.0 0.014009053946911565
6188.0 0.014083958648552691
6189.0 0.014061867774867327
6190.0 0.014027746897218508
6191.0 0.014053972083568605
6192.0 0.014156985345344516
6193.0 0.014260034863907312
6194.0 0.014342813672781897
6195.0 0.014425596670049647
6196.0 0.014460076720319995
6197.0 0.014456611435623146
6198.0 0.014442462237772302
6199.0 0.014342094347036323
6200.0 0.01424166430958386
6201.0 0.014173881516990408
6202.0 0.01412216225845601
6203.0 0.014104051047564561
6204.0 0.014198532787400377
6205.0 0.014293047941551985
6206.0 0.01434145468934229
6207.0 0.014376854462973803
6208.0 0.014418905858066365
6209.0 0.014473862710106068
6210.0 0.014528863865544391
6211.0 0.014549902572994464
6212.0 0.014567171614575332
6213.0 0.014623232224762962
6214.0 0.014724823249451782
6215.0 0.014825637349526754
6216.0 0.014845930279337163
6217.0 0.01486622979899227
6218.0 0.01483467071388422
6219.0 0.014763990444863928
6220.0 0.014685059623242036
6221.0 0.0145508887499949
6222.0 0.014416690273151131
6223.0 0.014381590807425714
6224.0 0.014393145463650774
6225.0 0.014414003898338643
6226.0 0.014464144168989616
6227.0 0.014514352913571492
6228.0 0.014488250832100986
6229.0 0.014443051085090482
6230.0 0.01440282967587456
6231.0 0.014371781475586235
6232.0 0.014340719593263402
6233.0 0.014336936043994627
6234.0 0.014335844630179095
6235.0 0.014279060272955607
6236.0 0.014159433991938766
6237.0 0.014043864205114921
6238.0 0.014060301930603765
6239.0 0.014076769519750714
6240.0 0.014125637713991347
6241.0 0.014197995690354593
6242.0 0.014258017227370254
6243.0 0.014241956838701995
6244.0 0.014225888084689473
6245.0 0.014135024947296846
6246.0 0.014012065045844187
6247.0 0.013943640003219631
6248.0 0.014038921516409432
6249.0 0.014134292953337213
6250.0 0.014025175222517281
6251.0 0.013868066393104913
6252.0 0.01374946088559033
6253.0 0.013696483445456842
6254.0 0.013643502988085037
6255.0 0.013604792363203338
6256.0 0.013567326429843204
6257.0 0.01351701734478628
6258.0 0.0134528077317867
6259.0 0.013391083895553263
6260.0 0.013389267761438823
6261.0 0.013387471978291876
6262.0 0.01340774886082735
6263.0 0.013442785470972628
6264.0 0.013467010318819807
6265.0 0.013429764508093672
6266.0 0.013392543442370916
6267.0 0.01335474393461357
6268.0 0.013316708480368934
6269.0 0.013240640385869805
6270.0 0.013061716303578483
6271.0 0.01288271578236126
6272.0 0.012748917268468449
6273.0 0.012625028950426706
6274.0 0.012521374394730483
6275.0 0.012450727439639967
6276.0 0.012380102315184187
6277.0 0.012341367720944827
6278.0 0.012304689831337695
6279.0 0.012202089379178287
6280.0 0.012030774476105378
6281.0 0.01187000439790667
6282.0 0.011910352186579461
6283.0 0.011950742209931328
6284.0 0.011934952055880028
6285.0 0.011883200842996294
6286.0 0.011831182769557877
6287.0 0.011777835380652598
6288.0 0.011724472452147321
6289.0 0.011726006208185504
6290.0 0.01174894005385104
6291.0 0.01174867733940657
6292.0 0.0116886303670963
6293.0 0.011628581687441701
6294.0 0.011490559368473617
6295.0 0.011337629902105156
6296.0 0.011212204367585766
6297.0 0.011129915208232335
6298.0 0.011047568064502711
6299.0 0.01094525045738912
6300.0 0.010841809032447131
6301.0 0.010716252644335483
6302.0 0.010569387455344338
6303.0 0.010427435635897032
6304.0 0.010363493459916273
6305.0 0.010299538323693408
6306.0 0.010321407147576728
6307.0 0.010395963609162104
6308.0 0.010434249288153258
6309.0 0.010306889762631877
6310.0 0.010179468578449652
6311.0 0.010115923061052594
6312.0 0.010074817670399942
6313.0 0.010042903244497154
6314.0 0.010033488736396643
6315.0 0.010024097938362021
6316.0 0.009838978943633885
6317.0 0.009622703651829283
6318.0 0.00941357914324884
6319.0 0.009214852168464804
6320.0 0.009015966113091292
6321.0 0.008895654650444387
6322.0 0.00877853939789299
6323.0 0.008715435270509529
6324.0 0.008702230726336743
6325.0 0.008686855002773849
6326.0 0.008646516678769653
6327.0 0.008606142332028615
6328.0 0.008520722295130616
6329.0 0.008408794828555647
6330.0 0.008311815510850012
6331.0 0.008278883846032205
6332.0 0.008245935270841732
6333.0 0.008138839609677265
6334.0 0.008006938039099578
6335.0 0.007937302802949476
6336.0 0.008006525525728413
6337.0 0.008075805284296822
6338.0 0.008085188118077298
6339.0 0.008084820900415369
6340.0 0.007990046354903307
6341.0 0.007764735988530909
6342.0 0.007539235599079581
6343.0 0.007369815191123397
6344.0 0.00720141366985598
6345.0 0.007176561419751676
6346.0 0.007279190074643398
6347.0 0.0073728371889039005
6348.0 0.007374837212367726
6349.0 0.0073768359756141225
6350.0 0.007223230253242172
6351.0 0.006985672155724253
6352.0 0.0067675367725114795
6353.0 0.006627836532646583
6354.0 0.006488014180739928
6355.0 0.006476987586811802
6356.0 0.006506688762387003
6357.0 0.006537132809322216
6358.0 0.006569082958662632
6359.0 0.006601071254341547
6360.0 0.006510150329799989
6361.0 0.006402387627202085
6362.0 0.006319236406583728
6363.0 0.006268793826218077
6364.0 0.006218310228294455
6365.0 0.006145195780712539
6366.0 0.006071779659728927
6367.0 0.0059728963992736655
6368.0 0.005853111640673632
6369.0 0.005740774870772683
6370.0 0.005696385974682056
6371.0 0.005651951071523268
6372.0 0.005655075689561421
6373.0 0.005682741279022703
6374.0 0.005694030924127936
6375.0 0.005647111249684156
6376.0 0.005600161233938482
6377.0 0.005566558398845874
6378.0 0.005536932236559776
6379.0 0.005468136358081048
6380.0 0.005319805213267614
6381.0 0.005171324573639685
6382.0 0.005071859203609138
6383.0 0.004978380620162609
6384.0 0.004965616723199968
6385.0 0.005051646063947334
6386.0 0.005137774655999964
6387.0 0.005055492576292449
6388.0 0.004973118177701587
6389.0 0.004961998890386391
6390.0 0.005006939794953075
6391.0 0.0050541072847898605
6392.0 0.00511735475327997
6393.0 0.0051806541641936585
6394.0 0.005170466667247947
6395.0 0.005124023961188727
6396.0 0.005065236931393624
6397.0 0.004965204526296256
6398.0 0.004865062944550019
6399.0 0.004848234317578026
6400.0 0.004853561074448775
6401.0 0.004811567403235065
6402.0 0.004677614501422137
6403.0 0.004543535480193556
6404.0 0.004491401369624248
6405.0 0.004448332034147932
6406.0 0.004458587922541323
6407.0 0.004531533143445481
6408.0 0.0046045053107975
6409.0 0.004675845710586934
6410.0 0.004747252880902684
6411.0 0.004769098223717642
6412.0 0.0047535034656734625
6413.0 0.0047404121397761
6414.0 0.00474417495810752
6415.0 0.004747931585053874
6416.0 0.004651025865389048
6417.0 0.004508764241432024
6418.0 0.004388134162648506
6419.0 0.004336374648389383
6420.0 0.004284550868118112
6421.0 0.004442900636412891
6422.0 0.004653961616311348
6423.0 0.0048321385458500185
6424.0 0.0049516309868799175
6425.0 0.005071222945864342
6426.0 0.004991799552979239
6427.0 0.004892592344672069
6428.0 0.004840243901484625
6429.0 0.0048408242264121265
6430.0 0.0048411615377294505
6431.0 0.004833916682156051
6432.0 0.0048266558162651544
6433.0 0.004920800710666116
6434.0 0.0050855257171364505
6435.0 0.00523249375357543
6436.0 0.005269568167837376
6437.0 0.005306664054012625
6438.0 0.005379542417662855
6439.0 0.005467787613622464
6440.0 0.005565383149368384
6441.0 0.0056894922404526075
6442.0 0.005813675321926303
6443.0 0.005799288529695064
6444.0 0.005752321840851888
6445.0 0.0057562038093560315
6446.0 0.005846767215403527
6447.0 0.005937382546824586
6448.0 0.005938308977879534
6449.0 0.00593244885819703
6450.0 0.005999489577866237
6451.0 0.006145555323041903
