calculator/instruments/lris/plaintext_files/blue_D560_300-5000.txt
# %ECSV 1.0
# ---
# datatype:
# - {name: WAV, unit: Angstrom, datatype: float32}
# - {name: EFF, datatype: float64}
# meta: !!omap
# - {GRISM: 300/5000}
# - {DICHROIC: D560}
# schema: astropy-2.0
WAV EFF
[from data line 2421]
5921.0 -0.0005985272344152089
5922.0 -0.0006444769859200144
5923.0 -0.0006766374539021462
5924.0 -0.0007088159031597653
5925.0 -0.0008109994286527233
5926.0 -0.0009391291044311153
5927.0 -0.0010462950348631484
5928.0 -0.0011020101168808386
5929.0 -0.0011577572183692653
5930.0 -0.001202631065612272
5931.0 -0.0012454537367696022
5932.0 -0.0012385104628601443
5933.0 -0.0011568549690299935
5934.0 -0.0010751581632059862
5935.0 -0.0011299576067259486
5936.0 -0.0011904828590274218
5937.0 -0.0012440710106974993
5938.0 -0.0012909919992970754
5939.0 -0.0013354418758627802
5940.0 -0.0013466933723529793
5941.0 -0.0013579536768688295
5942.0 -0.0014078852710092719
5943.0 -0.0014805657656608618
5944.0 -0.001510310533423257
5945.0 -0.0013567981053643119
5946.0 -0.0012031968004801038
5947.0 -0.0011891723104322223
5948.0 -0.001224225931411368
5949.0 -0.0012718780534569012
5950.0 -0.0013489125624232441
5951.0 -0.0014259961539353505
5952.0 -0.0014650920746438253
5953.0 -0.0014980176908564943
5954.0 -0.001539052582778196
5955.0 -0.00159175573789236
5956.0 -0.0016444912578658854
5957.0 -0.0015473821911615858
5958.0 -0.0014455722429479662
5959.0 -0.0013900114520733232
5960.0 -0.0013754937906080703
5961.0 -0.001364668130964009
5962.0 -0.001396386173353489
5963.0 -0.0014281266676934778
5964.0 -0.0013519453402847945
5965.0 -0.0012149790133146484
5966.0 -0.0010669852935210223
5967.0 -0.00087512781816378
5968.0 -0.000683146001607228
5969.0 -0.00053848102173477
5970.0 -0.0004087078444614791
5971.0 -0.000295398705400385
5972.0 -0.0002188604931411989
5973.0 -0.00014227193560159868
5974.0 -0.00012147964554565115
5975.0 -0.00010902123008331952
5976.0 -3.042030954439259e-05
5977.0 0.00013592800277552707
5978.0 0.0003023872063173415
5979.0 0.0005887860651160934
5980.0 0.0008778236481331868
5981.0 0.0011025919462499928
5982.0 0.0012725794432813483
5983.0 0.0014337445282884393
5984.0 0.0015145431220420975
5985.0 0.0015953986764504922
5986.0 0.0016395678122748303
5987.0 0.0016639793307383266
5988.0 0.001717512923551639
5989.0 0.0018806313454819963
5990.0 0.00204385695917565
5991.0 0.0022437341595992937
5992.0 0.0024546646531268517
5993.0 0.002638503052223998
5994.0 0.0027671368049801987
5995.0 0.0028958629006147142
5996.0 0.0031716234162031598
5997.0 0.003467617398902955
5998.0 0.003786586730031562
5999.0 0.004134782822432247
6000.0 0.0044832256206315865
6001.0 0.004539743590079987
6002.0 0.004596307729877861
6003.0 0.00475826438764172
6004.0 0.00500656066458273
6005.0 0.005262264820949445
6006.0 0.0055767339612609905
6007.0 0.005891409082728792
6008.0 0.006078898921221882
6009.0 0.0062037289292665165
6010.0 0.0063587124625212035
6011.0 0.006620341750370474
6012.0 0.006882162154563508
6013.0 0.007172389688099563
6014.0 0.007470764451375228
6015.0 0.007784575569897827
6016.0 0.008128179605403511
6017.0 0.008472019146155097
6018.0 0.008850531850854588
6019.0 0.009233148328943043
6020.0 0.009558830831460625
6021.0 0.009814825259574311
6022.0 0.010070332567775227
6023.0 0.010260514178282429
6024.0 0.010450824457969956
6025.0 0.01072945125055905
6026.0 0.011074818023161173
6027.0 0.011404062847496269
6028.0 0.011613516792900654
6029.0 0.011823132800509319
6030.0 0.012043229207992057
6031.0 0.01226835068469485
6032.0 0.012527776041700928
6033.0 0.0128955632978538
6034.0 0.013263598888069824
6035.0 0.01371741868492959
6036.0 0.01419432088307816
6037.0 0.014614768147147423
6038.0 0.014930040560008637
6039.0 0.015245549883067089
6040.0 0.015547073257234673
6041.0 0.015847394744906037
6042.0 0.016171918164514167
6043.0 0.016523703263627454
6044.0 0.016876746738691693
6045.0 0.017280328276450305
6046.0 0.017684176266992348
6047.0 0.018138083088359052
6048.0 0.018628380208686745
6049.0 0.019075810703028235
6050.0 0.019258109076474916
6051.0 0.01944048890775148
6052.0 0.019696633016081256
6053.0 0.01998598983952171
6054.0 0.020307029363137333
6055.0 0.02072275979054014
6056.0 0.021138757373214738
6057.0 0.021516954578324258
6058.0 0.021886469538108157
6059.0 0.022297877258258922
6060.0 0.022783588278552005
6061.0 0.023269566188439637
6062.0 0.023465220004510057
6063.0 0.02363571406724658
6064.0 0.023838726079959228
6065.0 0.02407703458783408
6066.0 0.02433038806214519
6067.0 0.024943694485414725
6068.0 0.025557338387865308
6069.0 0.025969910625276357
6070.0 0.026242778851942775
6071.0 0.02650561073802241
6072.0 0.02671130409459324
6073.0 0.02691707205156878
6074.0 0.02727334952651622
6075.0 0.027691237211479612
6076.0 0.02812332560839045
6077.0 0.028595529565804374
6078.0 0.029067964250733363
6079.0 0.02946379179255563
6080.0 0.029842864433045728
6081.0 0.030191345956800012
6082.0 0.030489547179475825
6083.0 0.030787920253941108
6084.0 0.031038539149867952
6085.0 0.03128558181881851
6086.0 0.031643394913070194
6087.0 0.032116592606898205
6088.0 0.03258421604645235
6089.0 0.03294319470542555
6090.0 0.03330231656005144
6091.0 0.033589243868160756
6092.0 0.03382991158425341
6093.0 0.034080447714969576
6094.0 0.034381817208742345
6095.0 0.034683289712073864
6096.0 0.03497638024109433
6097.0 0.0352661571986774
6098.0 0.03556596633165125
6099.0 0.035891501187631084
6100.0 0.03621714632397217
6101.0 0.0365470486261136
6102.0 0.03687791003682219
6103.0 0.037193159733512594
6104.0 0.037483811615852465
6105.0 0.03777461433465136
6106.0 0.03816605545220205
6107.0 0.03856299606310734
6108.0 0.03890441665375807
6109.0 0.03919027153303603
6110.0 0.039477314570505156
6111.0 0.03978195475221062
6112.0 0.040086676948773346
6113.0 0.0403744035783148
6114.0 0.0406517318237653
6115.0 0.040935022667431646
6116.0 0.04124493122972629
6117.0 0.04155491758143146
6118.0 0.04186647259207852
6119.0 0.04217872938057123
6120.0 0.04251318466073811
6121.0 0.04290190169744759
6122.0 0.04329072767616105
6123.0 0.04347549122403787
6124.0 0.043624133717418884
6125.0 0.043812718263538476
6126.0 0.04406121619794013
6127.0 0.04430967218876795
6128.0 0.044466733048827506
6129.0 0.04461997086921446
6130.0 0.04475815104517894
6131.0 0.04488226903217847
6132.0 0.04501290790797473
6133.0 0.04522948143559904
6134.0 0.045446149111713414
6135.0 0.045766211277726475
6136.0 0.04614726975937731
6137.0 0.04647884003097628
6138.0 0.046599510892310514
6139.0 0.0467201489869579
6140.0 0.046890022818600025
6141.0 0.04707631073342109
6142.0 0.04730568236211787
6143.0 0.04763543768427815
6144.0 0.04796533068620719
6145.0 0.04816125362610739
6146.0 0.048335433488975
6147.0 0.04845291213396126
6148.0 0.04849225554839494
6149.0 0.04853161121040756
6150.0 0.048646989137034184
6151.0 0.04876467956145999
6152.0 0.04885600863613568
6153.0 0.04892386446537855
6154.0 0.04899939339246148
6155.0 0.0491521374609941
6156.0 0.049305025065464
6157.0 0.049440564536714186
6158.0 0.04956632365143716
6159.0 0.049707697331585476
6160.0 0.0499113223234649
6161.0 0.0501151112093318
6162.0 0.0502450381096967
6163.0 0.05035171365467973
6164.0 0.05044312316607658
6165.0 0.050502224281554924
6166.0 0.05056134449370694
6167.0 0.05057610538870807
6168.0 0.050584248883056286
6169.0 0.05065281448748603
6170.0 0.05080162977071225
6171.0 0.0509504979109445
6172.0 0.05108524136998525
6173.0 0.05121988956686103
6174.0 0.05128252450704354
6175.0 0.051283693909741884
6176.0 0.05130277320396677
6177.0 0.05148310317671479
6178.0 0.05166340686902266
6179.0 0.0518336131172084
6180.0 0.05199864347808841
6181.0 0.05208222758720618
6182.0 0.051859173845640656
6183.0 0.051635944656323964
6184.0 0.051610817979805546
6185.0 0.051644888339147245
6186.0 0.05171085998443408
6187.0 0.05184161508021631
6188.0 0.05197232418783744
6189.0 0.05192101235010104
6190.0 0.0518470707083899
6191.0 0.0518149355487628
6192.0 0.05183583718273682
6193.0 0.051856742984966245
6194.0 0.051906461086460166
6195.0 0.05195610376851881
6196.0 0.051982152277440005
6197.0 0.05198974387527789
6198.0 0.05198208417523182
6199.0 0.05185182377635749
6200.0 0.05172142294163733
6201.0 0.051623213992242026
6202.0 0.05154080527444017
6203.0 0.05148116391425219
6204.0 0.05149784425137428
6205.0 0.05151452724997006
6206.0 0.0514290472487964
6207.0 0.05131468602508473
6208.0 0.05122299863494031
6209.0 0.051175384310176555
6210.0 0.05112783749237034
6211.0 0.05105810656928826
6212.0 0.05098588333600411
6213.0 0.05095620108995701
6214.0 0.05097638511048082
6215.0 0.050997080379637794
6216.0 0.051068096646450234
6217.0 0.051139136037626806
6218.0 0.05104360464497607
6219.0 0.050822421645911074
6220.0 0.05059985438888417
6221.0 0.05036793479599318
6222.0 0.050136009143078614
6223.0 0.05000271702238025
6224.0 0.04991583836107482
6225.0 0.049863984495610233
6226.0 0.049922527845170685
6227.0 0.04998126251135256
6228.0 0.049851990030719925
6229.0 0.04967564644502518
6230.0 0.049437677198457444
6231.0 0.04908495758523881
6232.0 0.04873209181267247
6233.0 0.04861643043087727
6234.0 0.048524180131379
6235.0 0.04843408446962536
6236.0 0.04834641405974909
6237.0 0.048257355641488024
6238.0 0.04812199896148296
6239.0 0.04798666374099538
6240.0 0.04788465422492183
6241.0 0.047806801572572805
6242.0 0.047733939712048166
6243.0 0.04769151690495285
6244.0 0.047649071042152616
6245.0 0.047609079404202094
6246.0 0.04757013888070738
6247.0 0.04751092827470328
6248.0 0.04739068390626117
6249.0 0.047270542866950836
6250.0 0.047017229055087165
6251.0 0.046732723861206346
6252.0 0.04649910556989304
6253.0 0.0463522154770863
6254.0 0.04620533044753516
6255.0 0.04600454531564137
6256.0 0.04579904930765037
6257.0 0.04557578616449442
6258.0 0.04533334063231003
6259.0 0.045094775771240846
6260.0 0.04495045193032227
6261.0 0.04480612756860346
6262.0 0.04465392541168624
6263.0 0.044496540916092606
6264.0 0.044344084364866164
6265.0 0.04421960932180104
6266.0 0.04409521480078344
6267.0 0.0440347076250916
6268.0 0.044000337698330984
6269.0 0.04388503617528659
6270.0 0.043550805233782686
6271.0 0.043216461393990775
6272.0 0.042882444882602254
6273.0 0.04254848177782568
6274.0 0.04230224639287306
6275.0 0.04219911830419278
6276.0 0.04209614112485679
6277.0 0.04208221023301724
6278.0 0.04207409749114861
6279.0 0.04187927662976942
6280.0 0.04148981279493084
6281.0 0.0411112315976493
6282.0 0.04093977604050138
6283.0 0.04076828045047774
6284.0 0.04065604478318526
6285.0 0.040581683716924666
6286.0 0.04048885198648924
6287.0 0.04030546990503913
6288.0 0.04012203413387618
6289.0 0.03992076459541687
6290.0 0.03971257925417483
6291.0 0.03951286087906199
6292.0 0.03933486795019568
6293.0 0.03915688487635819
6294.0 0.039012331788262675
6295.0 0.038874188247976345
6296.0 0.03872559349638922
6297.0 0.038560788654836926
6298.0 0.038395863991246656
6299.0 0.03811649952790612
6300.0 0.03783090606543932
6301.0 0.03757901246272917
6302.0 0.03735940091282428
6303.0 0.03714161471287723
6304.0 0.036952908357757455
6305.0 0.03676418366683768
6306.0 0.03659981142002701
6307.0 0.03645041649522541
6308.0 0.03628980260751065
6309.0 0.03607797274453667
6310.0 0.035866099070379416
6311.0 0.03572826155090527
6312.0 0.035616410023664814
6313.0 0.035484388401804554
6314.0 0.03530285246673053
6315.0 0.035121287051075825
6316.0 0.03481757027894733
6317.0 0.03449210833429097
6318.0 0.03429192065826692
6319.0 0.034272377105914076
6320.0 0.03425280760172966
6321.0 0.03427993996862154
6322.0 0.034309081204451385
6323.0 0.03414857715434086
6324.0 0.03381274415238953
6325.0 0.03348212561261052
6326.0 0.03321398931424206
6327.0 0.0329456217358736
6328.0 0.03283257429286555
6329.0 0.032810861004953895
6330.0 0.032762538203881746
6331.0 0.032600676466756705
6332.0 0.032438720970401555
6333.0 0.032199846208994326
6334.0 0.03193517249771678
6335.0 0.03171018023896921
6336.0 0.031573914496122936
6337.0 0.031437518676645085
6338.0 0.03137976812009076
6339.0 0.031334819849235244
6340.0 0.031232275873213696
6341.0 0.031050036006444296
6342.0 0.030867673927306168
6343.0 0.030725516417509032
6344.0 0.030584145004927968
6345.0 0.03046432579519279
6346.0 0.030363686733081242
6347.0 0.030264904557041786
6348.0 0.03018600368313428
6349.0 0.030107017884574493
6350.0 0.030021174154336826
6351.0 0.02993166259547575
6352.0 0.02979763190692719
6353.0 0.029485785829623527
6354.0 0.02917368511007196
6355.0 0.028984027210270227
6356.0 0.028832991919265267
6357.0 0.028740587252873182
6358.0 0.028772858449094066
6359.0 0.02880519482926663
6360.0 0.028613656211684154
6361.0 0.028391464422126204
6362.0 0.028179156900407693
6363.0 0.027980087354159962
6364.0 0.027780859778869214
6365.0 0.027750767690010808
6366.0 0.027722344539055463
6367.0 0.02763509138227363
6368.0 0.0274995420318315
6369.0 0.027374758552097964
6370.0 0.02734772104067185
6371.0 0.02732064415201708
6372.0 0.027254127413193815
6373.0 0.027167246942727145
6374.0 0.027079531820719913
6375.0 0.026988903634736754
6376.0 0.02689826176514097
6377.0 0.02693820357180527
6378.0 0.027017271154069995
6379.0 0.026993572799005525
6380.0 0.026761134884831936
6381.0 0.026528453679697177
6382.0 0.026281277858832768
6383.0 0.0260321248398951
6384.0 0.025886458425599997
6385.0 0.02586745692394735
6386.0 0.02584850822399997
6387.0 0.025793708067745436
6388.0 0.025738798882821195
6389.0 0.025683049145976362
6390.0 0.025626590471848492
6391.0 0.025576084665305227
6392.0 0.025569737047473635
6393.0 0.025563329005420996
6394.0 0.025448697410310923
6395.0 0.0252806186713322
6396.0 0.02513005194660261
6397.0 0.025038578641694387
6398.0 0.024946962310372467
6399.0 0.02506407830728417
6400.0 0.02523678662930522
6401.0 0.02537809340996481
6402.0 0.02545819358723567
6403.0 0.025538401259022184
6404.0 0.02549326560325287
6405.0 0.025434095905495897
6406.0 0.02535184431496832
6407.0 0.025242473154995084
6408.0 0.025134580815314493
6409.0 0.02510682232563028
6410.0 0.025079025284367125
6411.0 0.02500515374899333
6412.0 0.024896444359004625
6413.0 0.02479011935839304
6414.0 0.02470038051141825
6415.0 0.02461050524097846
6416.0 0.024565102672170103
6417.0 0.024539600531071997
6418.0 0.024572219712576997
6419.0 0.024789231361831327
6420.0 0.02500635585029132
6421.0 0.025166758816777178
6422.0 0.025312984451670434
6423.0 0.025363271339306992
6424.0 0.025242655166080045
6425.0 0.02512187747324131
6426.0 0.025031708743268245
6427.0 0.024944452231380306
6428.0 0.024953038482132504
6429.0 0.02506989940466829
6430.0 0.025182427078211216
6431.0 0.02515302881368128
6432.0 0.025123554585080855
6433.0 0.025060301738182685
6434.0 0.024973501259015964
6435.0 0.024918867281572128
6436.0 0.0250622586541141
6437.0 0.025205723904546267
6438.0 0.025194390450468784
6439.0 0.02511651656924392
6440.0 0.025042483951848365
6441.0 0.024979603477990674
6442.0 0.02491654321633172
6443.0 0.024988490201176855
6444.0 0.025092073381753194
6445.0 0.02519670943798669
6446.0 0.025303073994130315
6447.0 0.025409435242468695
6448.0 0.02527336820353348
6449.0 0.02511881268027542
6450.0 0.025005837326700548
6451.0 0.02493781017403689
6452.0 0.024881678416798357
6453.0 0.025113344523261052
6454.0 0.025345137746267843
6455.0 0.025404715664847755
6456.0 0.02534943481817892
6457.0 0.025271219762446746
6458.0 0.025073041734209676
6459.0 0.02487463698358861
6460.0 0.025038509147675667
6461.0 0.02535048662316458
6462.0 0.025590484778235535
6463.0 0.025635452882840904
6464.0 0.0256804454698587
6465.0 0.025588853767447545
6466.0 0.02546915968015152
6467.0 0.02542549000629287
6468.0 0.02550607825761091
6469.0 0.02558663216084214
6470.0 0.025672060969934657
6471.0 0.025757730149178256
6472.0 0.025833762253035797
6473.0 0.025900147673181047
6474.0 0.025959788986741773
6475.0 0.025892049584671454
6476.0 0.0258241453398223
6477.0 0.025870382820298896
6478.0 0.025989554571726657
6479.0 0.026110413120038808
6480.0 0.026239547136710492
6481.0 0.0263686223698811
6482.0 0.02633543399560759
6483.0 0.026242036976712405
6484.0 0.026170128699085155
6485.0 0.026153628334557498
6486.0 0.02613703516987094
6487.0 0.02626463077196894
6488.0 0.026419614573380795
6489.0 0.026423288889052675
6490.0 0.02619984670461054
6491.0 0.025976181837494713
6492.0 0.0260866807766701
6493.0 0.02621474675335072
6494.0 0.02646558759399579
6495.0 0.026834455545662196
6496.0 0.027179582987317794
