calculator/instruments/lris/plaintext_files/blue_D500_300-5000.txt
# %ECSV 1.0
# ---
# datatype:
# - {name: WAV, unit: Angstrom, datatype: float32}
# - {name: EFF, datatype: float64}
# meta: !!omap
# - {GRISM: 300/5000}
# - {DICHROIC: D500}
# schema: astropy-2.0
WAV EFF
[from data line 1207]
4707.0 0.48626606284899765
4708.0 0.4863863602987132
4709.0 0.4864527580122459
4710.0 0.4865181537533789
4711.0 0.4865894702877043
4712.0 0.48666248327063993
4713.0 0.48677178098346013
4714.0 0.4869248422888463
4715.0 0.48707648778561796
4716.0 0.4871572888378486
4717.0 0.4872390228387758
4718.0 0.48728494269526273
4719.0 0.48730453722024636
4720.0 0.48733405368205773
4721.0 0.4874377487819796
4722.0 0.4875414274649821
4723.0 0.4876372341341484
4724.0 0.4877299224466531
4725.0 0.48782944953960494
4726.0 0.48795068949976633
4727.0 0.48807192326852616
4728.0 0.48820178632151373
4729.0 0.4883338073302176
4730.0 0.4884389276221871
4731.0 0.4884961970802487
4732.0 0.48855246495456606
4733.0 0.4886001401569186
4734.0 0.4886468282336693
4735.0 0.48868940172708164
4736.0 0.4887293817792737
4737.0 0.4887724268295797
4738.0 0.4889161741541954
4739.0 0.4890599275978669
4740.0 0.4891507263956802
4741.0 0.489204689423044
4742.0 0.489265206170434
4743.0 0.48936717397117213
4744.0 0.4894681653002665
4745.0 0.4895356557800435
4746.0 0.48958738594040196
4747.0 0.4896493149657645
4748.0 0.4897339451932834
4749.0 0.48981854893530324
4750.0 0.4899497816508166
4751.0 0.49009077592259476
4752.0 0.4901892340921144
4753.0 0.4902109942055405
4754.0 0.49023365099157135
4755.0 0.49027021503138973
4756.0 0.49030777650491836
4757.0 0.4903679538932186
4758.0 0.4904536131900395
4759.0 0.4905388854623412
4760.0 0.4905915637599209
4761.0 0.49064515308206796
4762.0 0.4906986373921417
4763.0 0.4907529930135808
4764.0 0.49080528708467874
4765.0 0.4908479095879724
4766.0 0.4908904777849504
4767.0 0.4909238547766754
4768.0 0.4909530476712005
4769.0 0.49098431364634315
4770.0 0.4910222498893139
4771.0 0.49106108274859706
4772.0 0.49111996190591045
4773.0 0.49118291272146425
4774.0 0.4912415182736034
4775.0 0.4912889851513194
4776.0 0.49133830601328204
4777.0 0.49145338702720703
4778.0 0.49157265324968913
4779.0 0.4916497285955571
4780.0 0.4916817110473263
4781.0 0.49171064901798384
4782.0 0.4916466677046541
4783.0 0.4915835133926507
4784.0 0.49159263891655763
4785.0 0.49164989280299776
4786.0 0.4917147704408866
4787.0 0.49181805624830693
4788.0 0.4919213131892227
4789.0 0.4919442188885855
4790.0 0.49193662249611725
4791.0 0.4919453228498115
4792.0 0.49199365989333743
4793.0 0.4920428825832517
4794.0 0.4921062457556318
4795.0 0.49217302740466723
4796.0 0.4922113504530824
4797.0 0.49220793236753607
4798.0 0.4922053619331449
4799.0 0.49229810257046985
4800.0 0.49239677448477887
4801.0 0.4924588762309974
4802.0 0.4924848921362358
4803.0 0.4925116149846947
4804.0 0.4925361855006715
4805.0 0.4925616158792298
4806.0 0.492621856446476
4807.0 0.4927037934168971
4808.0 0.492786592731208
4809.0 0.49287351338185215
4810.0 0.4929622785821234
4811.0 0.4930384788422662
4812.0 0.4931102215359013
4813.0 0.49317760502732105
4814.0 0.4932326825542421
4815.0 0.4932895787098641
4816.0 0.493283841130842
4817.0 0.49326805657256173
4818.0 0.49326719446297507
4819.0 0.4932874612417292
4820.0 0.4933066809357056
4821.0 0.49337025160647663
4822.0 0.49343506570418266
4823.0 0.49348858643292504
4824.0 0.49353260966390466
4825.0 0.4935767779873033
4826.0 0.49362448205899884
4827.0 0.49367304311865895
4828.0 0.4936981882195932
4829.0 0.49371252033018015
4830.0 0.49372746185229005
4831.0 0.4937512726074927
4832.0 0.4937740352328828
4833.0 0.4937190985398273
4834.0 0.4936387534587708
4835.0 0.4935614910091388
4836.0 0.4934913168191687
4837.0 0.49342190847273676
4838.0 0.4933128716255018
4839.0 0.4931977345821913
4840.0 0.49308963917523807
4841.0 0.49299005812478663
4842.0 0.4928902798294393
4843.0 0.49276644004927506
4844.0 0.49264281352950023
4845.0 0.4924713866628494
4846.0 0.4922608930085916
4847.0 0.4920430603369271
4848.0 0.491754474431338
4849.0 0.4914646185053135
4850.0 0.4912367387801436
4851.0 0.49104019508461283
4852.0 0.4908294542598035
4853.0 0.49056159525449694
4854.0 0.4902943420020596
4855.0 0.4899726797472725
4856.0 0.48963449460233727
4857.0 0.4893224933731238
4858.0 0.4890665975642025
4859.0 0.48881038487805634
4860.0 0.4884646918573358
4861.0 0.4881073752486576
4862.0 0.4877201581778377
4863.0 0.48729705156060144
4864.0 0.4868735046213609
4865.0 0.4865865647668652
4866.0 0.4863006696405387
4867.0 0.486040656225797
4868.0 0.48580269877556026
4869.0 0.4855567558235596
4870.0 0.48525665515359545
4871.0 0.48495529145226157
4872.0 0.4846062621236781
4873.0 0.4842319928244169
4874.0 0.4838629115393133
4875.0 0.4835123571856466
4876.0 0.4831623259382681
4877.0 0.4829625295481332
4878.0 0.4828049558094678
4879.0 0.4825939812656911
4880.0 0.4822738565118806
4881.0 0.48195427434844224
4882.0 0.48160966659161125
4883.0 0.48126072789177166
4884.0 0.4809641824854668
4885.0 0.48073271918999044
4886.0 0.4804991963239489
4887.0 0.4801798307494807
4888.0 0.4798601069897493
4889.0 0.47951440490116803
4890.0 0.4791481886445039
4891.0 0.4787930661365134
4892.0 0.47852926854996153
4893.0 0.47826426202988115
4894.0 0.4780474515494002
4895.0 0.4778523070364383
4896.0 0.47763284834763237
4897.0 0.4773286868400212
4898.0 0.4770241854576544
4899.0 0.4767317390140544
4900.0 0.4764413708720634
4901.0 0.4761384014254868
4902.0 0.47581229297289895
4903.0 0.47548583265086264
4904.0 0.47525624058498656
4905.0 0.4750363894655418
4906.0 0.4747746225483805
4907.0 0.47446173233927375
4908.0 0.47414750317337107
4909.0 0.47382781275860336
4910.0 0.4735069034109013
4911.0 0.4732349115845857
4912.0 0.4729989336536925
4913.0 0.47275666555252155
4914.0 0.47247972744926425
4915.0 0.4722024863271321
4916.0 0.47195479023907244
4917.0 0.4717197482006338
4918.0 0.4714516240858484
4919.0 0.47108386584864
4920.0 0.4707157507961051
4921.0 0.47036921061680903
4922.0 0.4700280329917614
4923.0 0.4697089072984484
4924.0 0.4694299525796583
4925.0 0.46915070878708054
4926.0 0.46883769237091055
4927.0 0.46852066570819306
4928.0 0.4681824253785026
4929.0 0.46781941923232656
4930.0 0.46745562084432785
4931.0 0.46707502275341634
4932.0 0.4666940822395972
4933.0 0.46630004043498763
4934.0 0.465896520791979
4935.0 0.46551180350657695
4936.0 0.4652344639325812
4937.0 0.4649551466818864
4938.0 0.46473909459064844
4939.0 0.46454919937460293
4940.0 0.464292272159326
4941.0 0.4638431411834616
4942.0 0.46339279715953086
4943.0 0.46294810104398165
4944.0 0.462503519177731
4945.0 0.462084071894595
4946.0 0.461710589316623
4947.0 0.461335955716363
4948.0 0.4609444193446987
4949.0 0.4605496987635183
4950.0 0.46017502157188217
4951.0 0.45982039487573817
4952.0 0.45946038542374845
4953.0 0.4590180089351285
4954.0 0.4585736279685955
4955.0 0.458141004448093
4956.0 0.45771668160823986
4957.0 0.457277147087056
4958.0 0.4567661463902139
4959.0 0.4562547997683381
4960.0 0.4558486726998339
4961.0 0.45548397347228314
4962.0 0.45507218361547086
4963.0 0.4545362994762385
4964.0 0.4540000738016791
4965.0 0.4534580423238961
4966.0 0.45291406584848404
4967.0 0.4523976153245506
4968.0 0.45192407914820715
4969.0 0.4514494279146293
4970.0 0.4509039547474175
4971.0 0.4503537633667616
4972.0 0.44978638642698826
4973.0 0.4492018203317342
4974.0 0.44861401136972606
4975.0 0.44799134278259994
4976.0 0.44736752514758965
4977.0 0.4467294540620287
4978.0 0.4460810425015135
4979.0 0.4454480114312188
4980.0 0.44489292737395725
4981.0 0.4443375616477
4982.0 0.44373681290510086
4983.0 0.44311807107629897
4984.0 0.44249302397755075
4985.0 0.441853330637261
4986.0 0.4412117394749915
4987.0 0.44044985540681025
4988.0 0.43966333087334925
4989.0 0.4389007382480411
4990.0 0.43817304318624234
4991.0 0.43744425270492937
4992.0 0.4366867801135511
4993.0 0.4359270973807354
4994.0 0.435094179083583
4995.0 0.4341907963205384
4996.0 0.4332833684503191
4997.0 0.4323456233969651
4998.0 0.4314067646246548
4999.0 0.43049335988056914
5000.0 0.42959538643227774
5001.0 0.4286872042919507
5002.0 0.4277391035502278
5003.0 0.4267891582369704
5004.0 0.4258996049007123
5005.0 0.42503088088378677
5006.0 0.4241032460757381
5007.0 0.4230430794908307
5008.0 0.42198109232730674
5009.0 0.420925582196178
5010.0 0.41986962667906336
5011.0 0.4188271578590897
5012.0 0.41780565209979176
5013.0 0.4167816395166832
5014.0 0.41559904953666477
5015.0 0.41440982157753575
5016.0 0.4131781230404992
5017.0 0.41190930955758337
5018.0 0.41063673311367377
5019.0 0.40933846194227835
5020.0 0.40803994962239293
5021.0 0.40680794266409415
5022.0 0.40561377591921177
5023.0 0.4044049720752676
5024.0 0.4031426196169433
5025.0 0.40187862031386945
5026.0 0.4004097927672758
5027.0 0.3988713371215423
5028.0 0.3973878473807847
5029.0 0.3960264304039504
5030.0 0.3946641363231677
5031.0 0.3932488677957462
5032.0 0.3918235314355485
5033.0 0.3903546920678098
5034.0 0.3888284639505076
5035.0 0.3872999948868083
5036.0 0.3856367958102541
5037.0 0.3839700379962326
5038.0 0.3823048051037094
5039.0 0.38064194659822154
5040.0 0.37897694508964563
5041.0 0.3772982747232757
5042.0 0.3756181641712173
5043.0 0.3738385533666053
5044.0 0.3720050251177922
5045.0 0.3701740797554233
5046.0 0.36836058892048457
5047.0 0.36654506902140505
5048.0 0.3645566415932585
5049.0 0.3625160951783968
5050.0 0.3604666799017023
5051.0 0.3584005661516576
5052.0 0.35633317458235586
5053.0 0.3544201752753087
5054.0 0.35252843491019853
5055.0 0.35054229383280616
5056.0 0.3484363674242112
5057.0 0.3463298845629221
5058.0 0.3439603111342315
5059.0 0.3415902238386375
5060.0 0.33932365225990063
5061.0 0.33714280577675154
5062.0 0.33495386000204036
5063.0 0.3327132416861669
5064.0 0.33047157586468284
5065.0 0.32809038035028176
5066.0 0.3256396807607814
5067.0 0.3231846193020302
5068.0 0.3207150766224336
5069.0 0.3182446069716332
5070.0 0.31565998716027505
5071.0 0.3130429606725221
5072.0 0.31045481452684
5073.0 0.3079224532363101
5074.0 0.30538983119181434
5075.0 0.3028425173717891
5076.0 0.3002926446252702
5077.0 0.29765958842512835
5078.0 0.2949237431217835
5079.0 0.29218679563753336
5080.0 0.28935541743008486
5081.0 0.2865244552225742
5082.0 0.28372939727080654
5083.0 0.28096090144429353
5084.0 0.2781684303678053
5085.0 0.2752005925039617
5086.0 0.27223275221797755
5087.0 0.2692142640071462
5088.0 0.2661726962592685
5089.0 0.26318115445740853
5090.0 0.2603474226995624
5091.0 0.25751375346284605
5092.0 0.25454535425174013
5093.0 0.25154065576770723
5094.0 0.24855621164096123
5095.0 0.2456097122999429
5096.0 0.24266292696170771
5097.0 0.23941582906849287
5098.0 0.23613970274215704
5099.0 0.23283344134401288
5100.0 0.2294927062458946
5101.0 0.2261575701168479
5102.0 0.2231017535299366
5103.0 0.22004583135195038
5104.0 0.2170204979381337
5105.0 0.21401711467524595
5106.0 0.21100229365664752
5107.0 0.20791554608110482
5108.0 0.20482955212880427
5109.0 0.20148942634213143
5110.0 0.1980359697695784
5111.0 0.19464699776909428
5112.0 0.19145183878488284
5113.0 0.1882575066981209
5114.0 0.18535089231524246
5115.0 0.18251249433226988
5116.0 0.1795265096596906
5117.0 0.17627790732027862
5118.0 0.17302987959616697
5119.0 0.16967560938609874
5120.0 0.166312652054902
5121.0 0.16319739379090636
5122.0 0.16035062061692723
5123.0 0.15749574774364425
5124.0 0.15436264078283857
5125.0 0.1512304480549854
5126.0 0.14822388402765285
5127.0 0.14530504818228648
5128.0 0.14240254378733913
5129.0 0.13958976334096182
5130.0 0.13677783440584595
5131.0 0.13368046422708477
5132.0 0.13046698795823145
5133.0 0.12733615053430428
5134.0 0.12443749116223038
5135.0 0.12153974205651884
5136.0 0.11873578491583131
5137.0 0.11595336229226962
5138.0 0.11325943832015459
5139.0 0.11070999460090007
5140.0 0.1081613703411824
5141.0 0.10550745595818004
5142.0 0.10284643395607576
5143.0 0.10024612557566927
5144.0 0.09770914275240622
5145.0 0.09518448510292164
5146.0 0.0928787665352836
5147.0 0.09057381516629816
5148.0 0.08822106894194102
5149.0 0.08583658053269307
5150.0 0.08344322083607933
5151.0 0.08099973856604446
5152.0 0.07855723179673237
5153.0 0.07623859317677013
5154.0 0.07396883821562525
5155.0 0.07184785358652668
5156.0 0.07010796171713708
5157.0 0.0683686685277475
5158.0 0.06655548352786009
5159.0 0.06472755046136798
5160.0 0.0628990975807158
5161.0 0.06106958486220827
5162.0 0.05924059479550688
5163.0 0.057306669109760164
5164.0 0.055367761266997925
5165.0 0.05370460768450816
5166.0 0.052316863430033396
5167.0 0.050917716745280325
5168.0 0.04933289381933194
5169.0 0.047748536665710266
5170.0 0.04603589586342579
5171.0 0.044244905631251774
5172.0 0.042552380482996435
5173.0 0.04133802139145588
5174.0 0.04012401720699607
5175.0 0.03886972446457193
5176.0 0.03760078956957114
5177.0 0.0364144186619285
5178.0 0.03542947323180878
5179.0 0.034444875398134275
5180.0 0.033535156312402024
5181.0 0.03263890855627807
5182.0 0.03167624323298258
5183.0 0.03061383485692569
5184.0 0.029551802226228583
5185.0 0.028793565354583668
5186.0 0.02804818023028912
5187.0 0.027118712396474603
5188.0 0.02601934055330399
5189.0 0.02495711056396619
5190.0 0.024382840819881697
5191.0 0.023808815556031506
5192.0 0.023117723333245816
5193.0 0.022358081137440207
5194.0 0.02168581715671379
5195.0 0.021385315084383235
5196.0 0.021084955288390782
5197.0 0.020590405511407783
5198.0 0.02002782431308809
5199.0 0.019470874166408508
5200.0 0.018926801567641767
5201.0 0.018382949629818252
5202.0 0.018039880534061598
5203.0 0.017729649335376678
5204.0 0.01741249870256836
5205.0 0.017085833918105198
5206.0 0.016759278720168348
5207.0 0.016326113380437032
5208.0 0.015889761951322565
5209.0 0.015587324276414157
5210.0 0.015403510960685748
5211.0 0.015226900378681242
5212.0 0.01512226580210018
5213.0 0.015017692747250486
5214.0 0.014918830907549509
5215.0 0.014823150775854053
5216.0 0.014689539081734431
5217.0 0.014404063987065098
5218.0 0.014118679706433728
5219.0 0.014053659298110298
5220.0 0.014058233707584808
5221.0 0.014025859010087776
5222.0 0.013911212180850226
5223.0 0.013796600619352105
5224.0 0.013709394221405437
5225.0 0.013626324697573345
5226.0 0.013517922183708229
5227.0 0.013375943573435892
5228.0 0.013234032282186866
5229.0 0.013257963572962068
5230.0 0.013283561366202049
5231.0 0.013331294793817132
5232.0 0.013397877868761773
5233.0 0.013460473941588367
5234.0 0.013487378344444299
5235.0 0.01351427443057547
5236.0 0.013505245140031534
5237.0 0.013477729804806288
5238.0 0.01344377601768663
5239.0 0.013385611479376208
5240.0 0.013327487214021617
5241.0 0.013285408359652057
5242.0 0.013248152566910644
5243.0 0.013271007965368387
5244.0 0.013415815398383973
5245.0 0.013560608867927563
5246.0 0.013527084321912797
5247.0 0.013469228305999616
5248.0 0.013425515771268185
5249.0 0.013399787167458975
5250.0 0.013374089390096836
5251.0 0.01356039808230949
5252.0 0.013746660817680036
5253.0 0.01383437424279029
5254.0 0.013844639600391978
5255.0 0.013863531895551593
5256.0 0.013952285377118139
5257.0 0.014041018093338698
5258.0 0.014251369403971925
5259.0 0.014521553025286101
5260.0 0.014711212676917877
5261.0 0.014631390326913667
5262.0 0.014551639073448409
5263.0 0.014495911840645706
5264.0 0.014446958939097336
5265.0 0.014433193164456608
5266.0 0.014487683248107409
5267.0 0.014542216094918145
5268.0 0.014509672493400017
5269.0 0.014467461874452641
5270.0 0.014512334626161846
5271.0 0.014663549074962118
5272.0 0.01481427243255944
5273.0 0.01491649077404144
5274.0 0.015018691049193846
5275.0 0.014949817547169857
5276.0 0.014751979870837472
5277.0 0.014591143022832
5278.0 0.014677767724448
5279.0 0.014764378401727155
5280.0 0.014807887933705492
5281.0 0.014831102802966968
5282.0 0.014845298800028547
5283.0 0.014830772132806097
5284.0 0.014816274995523696
5285.0 0.014972762284686336
5286.0 0.015171991246473721
5287.0 0.015219835821678218
5288.0 0.014986629583165302
5289.0 0.01475348184794365
5290.0 0.014591743807659058
5291.0 0.01443710933217124
5292.0 0.014355640757103574
5293.0 0.014356688660086294
5294.0 0.014360472425831104
5295.0 0.01449836995352289
5296.0 0.0146362520049938
5297.0 0.014742174534584436
5298.0 0.014824935008181545
5299.0 0.01487631286268861
5300.0 0.014734630923693339
5301.0 0.01459296314159712
5302.0 0.014627195014039966
5303.0 0.014736776589271573
5304.0 0.014843449231818134
