calculator/instruments/lris/plaintext_files/blue_D560_400-3400.txt
# %ECSV 1.0
# ---
# datatype:
# - {name: WAV, unit: Angstrom, datatype: float32}
# - {name: EFF, datatype: float64}
# meta: !!omap
# - {GRISM: 400/3400}
# - {DICHROIC: D560}
# schema: astropy-2.0
WAV EFF
[from data line 2422]
5522.0 0.2666401735603402
5523.0 0.2663543021079343
5524.0 0.2660527578923705
5525.0 0.26572641690043125
5526.0 0.26540109648867194
5527.0 0.26510152475741444
5528.0 0.26480458163600534
5529.0 0.2644921707247284
5530.0 0.26416515043103994
5531.0 0.26383732253695413
5532.0 0.26347502894932306
5533.0 0.26311294100543314
5534.0 0.26279846793844003
5535.0 0.26251339119434824
5536.0 0.2622232967262
5537.0 0.2619040853058913
5538.0 0.26158587736161254
5539.0 0.26123383530566924
5540.0 0.2608696021455894
5541.0 0.26051469085217643
5542.0 0.26018127664469803
5543.0 0.25984887130378687
5544.0 0.25950762377933184
5545.0 0.2591638561697533
5546.0 0.25880666894933063
5547.0 0.25842679342536007
5548.0 0.25804712975267374
5549.0 0.2577291509813244
5550.0 0.25741452804547127
5551.0 0.25708669473385787
5552.0 0.2567453983230178
5553.0 0.25639910103098285
5554.0 0.2559732430088843
5555.0 0.25554762783798574
5556.0 0.25511653563114145
5557.0 0.2546830035840141
5558.0 0.25426286855952634
5559.0 0.25390285344840313
5560.0 0.2535438475349712
5561.0 0.25313733456980975
5562.0 0.2527153953954636
5563.0 0.25228849964166605
5564.0 0.25184913201878767
5565.0 0.2514100156033088
5566.0 0.2509947386255606
5567.0 0.2505838569655268
5568.0 0.2501608584839341
5569.0 0.2497223040433046
5570.0 0.24928319709826918
5571.0 0.24886296791169335
5572.0 0.24844272643890344
5573.0 0.24800707120424456
5574.0 0.24755642345492396
5575.0 0.2471019936643652
5576.0 0.2466013117169824
5577.0 0.2461001358945004
5578.0 0.24560680363666013
5579.0 0.245119251361435
5580.0 0.24463132006867389
5581.0 0.24414756593700598
5582.0 0.24366331878269254
5583.0 0.2431637949165585
5584.0 0.24265860523729577
5585.0 0.24212624359751986
5586.0 0.2415340243411537
5587.0 0.24094219549447174
5588.0 0.240322260406576
5589.0 0.2396966734124409
5590.0 0.23910749672113926
5591.0 0.23856761395599527
5592.0 0.2380265426627815
5593.0 0.23744595709050462
5594.0 0.23686341445155454
5595.0 0.23623623990916376
5596.0 0.2355718177577785
5597.0 0.2349130953717925
5598.0 0.23432157528771172
5599.0 0.23373048247517542
5600.0 0.23313069189654273
5601.0 0.2325264902399895
5602.0 0.23190293720811953
5603.0 0.23121110525150643
5604.0 0.23051829874987942
5605.0 0.22984290873050095
5606.0 0.22917310106570385
5607.0 0.22849679821414923
5608.0 0.22780621098743667
5609.0 0.22711543858464067
5610.0 0.22642885267804405
5611.0 0.22574194318949792
5612.0 0.2250266076972701
5613.0 0.22427296265576485
5614.0 0.22351923044356864
5615.0 0.22271944777214575
5616.0 0.22191918502910743
5617.0 0.22111564870355346
5618.0 0.2203087172738447
5619.0 0.21950336330185788
5620.0 0.21871071256201532
5621.0 0.21791734957055
5622.0 0.21708727860648322
5623.0 0.21623656290787885
5624.0 0.21538430348563165
5625.0 0.21452380673924418
5626.0 0.21366272378995016
5627.0 0.21284110904203463
5628.0 0.21202977324715208
5629.0 0.21118880524750977
5630.0 0.21028835533859264
5631.0 0.20938741478470194
5632.0 0.20847624817808855
5633.0 0.20756393855535799
5634.0 0.2066607915157222
5635.0 0.20576946427023163
5636.0 0.20487836575106524
5637.0 0.2038725359368182
5638.0 0.2028677643247109
5639.0 0.20191200851182728
5640.0 0.20099424155497012
5641.0 0.20006546043683682
5642.0 0.19905055588723253
5643.0 0.1980354036346749
5644.0 0.1969906914387586
5645.0 0.19593140479350585
5646.0 0.194882694796493
5647.0 0.193867339927706
5648.0 0.1928530675065462
5649.0 0.1917850389677494
5650.0 0.19070341399981394
5651.0 0.1896098583457176
5652.0 0.18849199392821894
5653.0 0.1873765899743161
5654.0 0.18630657340945175
5655.0 0.1852438468099815
5656.0 0.18417521204116125
5657.0 0.18310069395953343
5658.0 0.18202767276136717
5659.0 0.18094471649921168
5660.0 0.17986409611798754
5661.0 0.17869971482669844
5662.0 0.17747222632067397
5663.0 0.17625457257325147
5664.0 0.17508873951786275
5665.0 0.17392524842475843
5666.0 0.17277642724536932
5667.0 0.17163628761267
5668.0 0.17047642774770524
5669.0 0.16925292707767567
5670.0 0.16803229989150298
5671.0 0.16679983146528135
5672.0 0.1655668105481969
5673.0 0.1643235399021974
5674.0 0.16305930271771812
5675.0 0.16179728710782412
5676.0 0.16061454440416784
5677.0 0.15944109247204946
5678.0 0.15821823792847595
5679.0 0.15693999273950016
5680.0 0.1556622084374995
5681.0 0.1543340521385415
5682.0 0.15300850423964787
5683.0 0.15173646730168566
5684.0 0.15050267591746325
5685.0 0.1492667667249294
5686.0 0.1480084366197717
5687.0 0.14675249872643734
5688.0 0.1454629741265373
5689.0 0.1441606148687804
5690.0 0.14285233195278632
5691.0 0.14152615744950825
5692.0 0.14020129483520832
5693.0 0.1388664248874824
5694.0 0.13753014083981072
5695.0 0.13620853981910644
5696.0 0.13490941778313298
5697.0 0.13361195388249966
5698.0 0.13227079454490365
5699.0 0.13092740654505505
5700.0 0.12957978562796865
5701.0 0.1282281422960132
5702.0 0.126879781539784
5703.0 0.12558351025373582
5704.0 0.12428876038713942
5705.0 0.12296077538625183
5706.0 0.12161087369450232
5707.0 0.12024987575424272
5708.0 0.11882816536886662
5709.0 0.11740675907061389
5710.0 0.11608694406308981
5711.0 0.11480898578957645
5712.0 0.11351032252593687
5713.0 0.11215673736708122
5714.0 0.11080347231060843
5715.0 0.10937408063515468
5716.0 0.10792913711447336
5717.0 0.10648829582049106
5718.0 0.10505327581300307
5719.0 0.10361836388357737
5720.0 0.10233655873511653
5721.0 0.10106496424160868
5722.0 0.0997673359319831
5723.0 0.09844409110783837
5724.0 0.09712144637516414
5725.0 0.09580460619146598
5726.0 0.09448738094251141
5727.0 0.09318356201182026
5728.0 0.09188780448857874
5729.0 0.09057646693319421
5730.0 0.0891901723136985
5731.0 0.08780410410898135
5732.0 0.08649389464924846
5733.0 0.08521169610022437
5734.0 0.0839250673723627
5735.0 0.08262713780362937
5736.0 0.08132930873156738
5737.0 0.08007389769565584
5738.0 0.07882696710091248
5739.0 0.07758710711542774
5740.0 0.0763577930581645
5741.0 0.07512927652820231
5742.0 0.07384363256244757
5743.0 0.07255564537719934
5744.0 0.071305988579082
5745.0 0.07009364752764531
5746.0 0.06888138647496148
5747.0 0.06766198686868381
5748.0 0.06644381840597456
5749.0 0.06529720665873835
5750.0 0.06419288938876774
5751.0 0.06309532239315907
5752.0 0.06202372063760484
5753.0 0.06095384828395642
5754.0 0.059819873800206695
5755.0 0.05866484473024609
5756.0 0.0575120780505703
5757.0 0.056362600583968116
5758.0 0.05521521767220382
5759.0 0.05418590009710854
5760.0 0.05317906501016268
5761.0 0.05223657250056914
5762.0 0.05138528160012469
5763.0 0.050536058681543386
5764.0 0.04959682930482916
5765.0 0.048657099044862775
5766.0 0.047666176511269365
5767.0 0.04662830529178519
5768.0 0.04560031810741936
5769.0 0.04465973776126066
5770.0 0.0437215107855326
5771.0 0.04284542707687409
5772.0 0.04200537664949757
5773.0 0.04116568703719804
5774.0 0.0403219743098064
5775.0 0.03948003833937475
5776.0 0.03877012633471583
5777.0 0.03810497923065923
5778.0 0.03740892362933624
5779.0 0.03664232898421934
5780.0 0.03587655261056659
5781.0 0.034465127998560045
5782.0 0.03295721596274941
5783.0 0.031665386938529605
5784.0 0.03067178494479857
5785.0 0.029677584845373504
5786.0 0.028990240410961234
5787.0 0.02830776417029481
5788.0 0.027684991096963353
5789.0 0.027112276628203726
5790.0 0.02653235239589308
5791.0 0.02590301102146311
5792.0 0.02527020585682761
5793.0 0.024606496849756423
5794.0 0.023923973734427593
5795.0 0.023262047769994628
5796.0 0.022690138220159018
5797.0 0.022112334367131666
5798.0 0.021633872502196973
5799.0 0.021179398452487622
5800.0 0.02069316376182003
