calculator/instruments/lris/plaintext_files/blue_MIRROR_600-4000.txt
# %ECSV 1.0
# ---
# datatype:
# - {name: WAV, unit: Angstrom, datatype: float32}
# - {name: EFF, datatype: float64}
# meta: !!omap
# - {GRISM: 600/4000}
# - {DICHROIC: MIRROR}
# schema: astropy-2.0
WAV EFF
[from data line 1008]
4208.0 0.492242
4209.0 0.492271
4210.0 0.492297
4211.0 0.492322
4212.0 0.492344
4213.0 0.492364
4214.0 0.492381
4215.0 0.492396
4216.0 0.492409
4217.0 0.49242
4218.0 0.492428
4219.0 0.492434
4220.0 0.492438
4221.0 0.49244
4222.0 0.49244
4223.0 0.492438
4224.0 0.492433
4225.0 0.492427
4226.0 0.492418
4227.0 0.492408
4228.0 0.492396
4229.0 0.492381
4230.0 0.492365
4231.0 0.492347
4232.0 0.492327
4233.0 0.492305
4234.0 0.492281
4235.0 0.492256
4236.0 0.492229
4237.0 0.4922
4238.0 0.492169
4239.0 0.492137
4240.0 0.492103
4241.0 0.492068
4242.0 0.492031
4243.0 0.491992
4244.0 0.491952
4245.0 0.491911
4246.0 0.491868
4247.0 0.491824
4248.0 0.491778
4249.0 0.491731
4250.0 0.491682
4251.0 0.491632
4252.0 0.491581
4253.0 0.491529
4254.0 0.491476
4255.0 0.491421
4256.0 0.491365
4257.0 0.491308
4258.0 0.49125
4259.0 0.491191
4260.0 0.491131
4261.0 0.49107
4262.0 0.491008
4263.0 0.490945
4264.0 0.490881
4265.0 0.490816
4266.0 0.490751
4267.0 0.490684
4268.0 0.490617
4269.0 0.490549
4270.0 0.49048
4271.0 0.490411
4272.0 0.49034
4273.0 0.490269
4274.0 0.490198
4275.0 0.490126
4276.0 0.490053
4277.0 0.48998
4278.0 0.489906
4279.0 0.489832
4280.0 0.489757
4281.0 0.489682
4282.0 0.489606
4283.0 0.48953
4284.0 0.489454
4285.0 0.489377
4286.0 0.4893
4287.0 0.489223
4288.0 0.489145
4289.0 0.489067
4290.0 0.488989
4291.0 0.488911
4292.0 0.488833
4293.0 0.488754
4294.0 0.488675
4295.0 0.488597
4296.0 0.488518
4297.0 0.488439
4298.0 0.48836
4299.0 0.488281
4300.0 0.488202
4301.0 0.488123
4302.0 0.488044
4303.0 0.487965
4304.0 0.487886
4305.0 0.487808
4306.0 0.487729
4307.0 0.487651
4308.0 0.487573
4309.0 0.487494
4310.0 0.487417
4311.0 0.487339
4312.0 0.487261
4313.0 0.487184
4314.0 0.487107
4315.0 0.487031
4316.0 0.486954
4317.0 0.486878
4318.0 0.486802
4319.0 0.486727
4320.0 0.486652
4321.0 0.486577
4322.0 0.486503
4323.0 0.486429
4324.0 0.486355
4325.0 0.486282
4326.0 0.486209
4327.0 0.486137
4328.0 0.486065
4329.0 0.485993
4330.0 0.485922
4331.0 0.485852
4332.0 0.485782
4333.0 0.485712
4334.0 0.485643
4335.0 0.485574
4336.0 0.485506
4337.0 0.485438
4338.0 0.485371
4339.0 0.485305
4340.0 0.485238
4341.0 0.485173
4342.0 0.485108
4343.0 0.485043
4344.0 0.484979
4345.0 0.484916
4346.0 0.484853
4347.0 0.48479
4348.0 0.484729
4349.0 0.484667
4350.0 0.484607
4351.0 0.484546
4352.0 0.484486
4353.0 0.484427
4354.0 0.484368
4355.0 0.484311
4356.0 0.484253
4357.0 0.484196
4358.0 0.484139
4359.0 0.484083
4360.0 0.484028
4361.0 0.483973
4362.0 0.483918
4363.0 0.483865
4364.0 0.483811
4365.0 0.483758
4366.0 0.483706
4367.0 0.483654
4368.0 0.483602
4369.0 0.483551
4370.0 0.483501
4371.0 0.483451
4372.0 0.483401
4373.0 0.483352
4374.0 0.483303
4375.0 0.483255
4376.0 0.483207
4377.0 0.48316
4378.0 0.483113
4379.0 0.483066
4380.0 0.48302
4381.0 0.482974
4382.0 0.482928
4383.0 0.482883
4384.0 0.482838
4385.0 0.482794
4386.0 0.48275
4387.0 0.482706
4388.0 0.482662
4389.0 0.482619
4390.0 0.482576
4391.0 0.482534
4392.0 0.482491
4393.0 0.482449
4394.0 0.482407
4395.0 0.482365
4396.0 0.482324
4397.0 0.482283
4398.0 0.482242
4399.0 0.482201
4400.0 0.48216
4401.0 0.482119
4402.0 0.482079
4403.0 0.482039
4404.0 0.481998
4405.0 0.481958
4406.0 0.481918
4407.0 0.481878
4408.0 0.481839
4409.0 0.481799
4410.0 0.481759
4411.0 0.481719
4412.0 0.481679
4413.0 0.48164
4414.0 0.4816
4415.0 0.48156
4416.0 0.48152
4417.0 0.481481
4418.0 0.481441
4419.0 0.481401
4420.0 0.48136
4421.0 0.48132
4422.0 0.48128
4423.0 0.48124
4424.0 0.481199
4425.0 0.481159
4426.0 0.481118
4427.0 0.481077
4428.0 0.481036
4429.0 0.480995
4430.0 0.480953
4431.0 0.480912
4432.0 0.48087
4433.0 0.480827
4434.0 0.480785
4435.0 0.480743
4436.0 0.4807
4437.0 0.480657
4438.0 0.480613
4439.0 0.48057
4440.0 0.480526
4441.0 0.480482
4442.0 0.480437
4443.0 0.480392
4444.0 0.480347
4445.0 0.480302
4446.0 0.480256
4447.0 0.48021
4448.0 0.480164
4449.0 0.480117
4450.0 0.48007
4451.0 0.480022
4452.0 0.479974
4453.0 0.479926
4454.0 0.479878
4455.0 0.479829
4456.0 0.47978
4457.0 0.47973
4458.0 0.47968
4459.0 0.479629
4460.0 0.479579
4461.0 0.479528
4462.0 0.479476
4463.0 0.479424
4464.0 0.479372
4465.0 0.479319
4466.0 0.479266
4467.0 0.479212
4468.0 0.479158
4469.0 0.479104
4470.0 0.479049
4471.0 0.478994
4472.0 0.478938
4473.0 0.478882
4474.0 0.478825
4475.0 0.478768
4476.0 0.47871
4477.0 0.478652
4478.0 0.478594
4479.0 0.478534
4480.0 0.478475
4481.0 0.478415
4482.0 0.478354
4483.0 0.478293
4484.0 0.478231
4485.0 0.478169
4486.0 0.478106
4487.0 0.478042
4488.0 0.477978
4489.0 0.477913
4490.0 0.477849
4491.0 0.477783
4492.0 0.477716
4493.0 0.47765
4494.0 0.477582
4495.0 0.477514
4496.0 0.477446
4497.0 0.477377
4498.0 0.477307
4499.0 0.477237
4500.0 0.477166
4501.0 0.477095
4502.0 0.477023
4503.0 0.47695
4504.0 0.476877
4505.0 0.476804
4506.0 0.476729
4507.0 0.476655
4508.0 0.476579
4509.0 0.476503
4510.0 0.476427
4511.0 0.47635
4512.0 0.476272
4513.0 0.476194
4514.0 0.476116
4515.0 0.476037
4516.0 0.475957
4517.0 0.475877
4518.0 0.475796
4519.0 0.475715
4520.0 0.475633
4521.0 0.475551
4522.0 0.475468
4523.0 0.475385
4524.0 0.475301
4525.0 0.475217
4526.0 0.475132
4527.0 0.475047
4528.0 0.474962
4529.0 0.474875
4530.0 0.474789
4531.0 0.474702
4532.0 0.474615
4533.0 0.474527
4534.0 0.474439
4535.0 0.47435
4536.0 0.474261
4537.0 0.474172
4538.0 0.474082
4539.0 0.473991
4540.0 0.473901
4541.0 0.47381
4542.0 0.473719
4543.0 0.473627
4544.0 0.473535
4545.0 0.473442
4546.0 0.47335
4547.0 0.473257
4548.0 0.473164
4549.0 0.47307
4550.0 0.472976
4551.0 0.472882
4552.0 0.472787
4553.0 0.472692
4554.0 0.472597
4555.0 0.472502
4556.0 0.472406
4557.0 0.47231
4558.0 0.472214
4559.0 0.472118
4560.0 0.472021
4561.0 0.471924
4562.0 0.471827
4563.0 0.47173
4564.0 0.471632
4565.0 0.471534
4566.0 0.471437
4567.0 0.471338
4568.0 0.47124
4569.0 0.471141
4570.0 0.471043
4571.0 0.470944
4572.0 0.470845
4573.0 0.470746
4574.0 0.470647
4575.0 0.470548
4576.0 0.470449
4577.0 0.47035
4578.0 0.470251
4579.0 0.470152
4580.0 0.470053
4581.0 0.469954
4582.0 0.469856
4583.0 0.469757
4584.0 0.469659
4585.0 0.46956
4586.0 0.469462
4587.0 0.469364
4588.0 0.469266
4589.0 0.469169
4590.0 0.469071
4591.0 0.468974
4592.0 0.468878
4593.0 0.468781
4594.0 0.468685
4595.0 0.468589
4596.0 0.468493
4597.0 0.468398
4598.0 0.468303
4599.0 0.468209
4600.0 0.468115
4601.0 0.468021
4602.0 0.467927
4603.0 0.467834
4604.0 0.467742
4605.0 0.46765
4606.0 0.467558
4607.0 0.467467
4608.0 0.467376
4609.0 0.467286
4610.0 0.467196
4611.0 0.467106
4612.0 0.467017
4613.0 0.466929
4614.0 0.466841
4615.0 0.466754
4616.0 0.466667
4617.0 0.46658
4618.0 0.466495
4619.0 0.466409
4620.0 0.466324
4621.0 0.46624
4622.0 0.466156
4623.0 0.466073
4624.0 0.465991
4625.0 0.465909
4626.0 0.465827
4627.0 0.465746
4628.0 0.465665
4629.0 0.465586
4630.0 0.465506
4631.0 0.465427
4632.0 0.465349
4633.0 0.465271
4634.0 0.465194
4635.0 0.465117
4636.0 0.465041
4637.0 0.464966
4638.0 0.464891
4639.0 0.464816
4640.0 0.464742
4641.0 0.464668
4642.0 0.464595
4643.0 0.464523
4644.0 0.464451
4645.0 0.46438
4646.0 0.464309
4647.0 0.464238
4648.0 0.464168
4649.0 0.464099
4650.0 0.46403
4651.0 0.463961
4652.0 0.463893
4653.0 0.463825
4654.0 0.463758
4655.0 0.463691
4656.0 0.463625
4657.0 0.463559
4658.0 0.463494
4659.0 0.463428
4660.0 0.463364
4661.0 0.463299
4662.0 0.463235
4663.0 0.463172
4664.0 0.463108
4665.0 0.463045
4666.0 0.462983
4667.0 0.462921
4668.0 0.462859
4669.0 0.462797
4670.0 0.462736
4671.0 0.462675
4672.0 0.462614
4673.0 0.462553
4674.0 0.462493
4675.0 0.462433
4676.0 0.462373
4677.0 0.462313
4678.0 0.462254
4679.0 0.462195
4680.0 0.462136
4681.0 0.462077
4682.0 0.462018
4683.0 0.46196
4684.0 0.461901
4685.0 0.461843
4686.0 0.461785
4687.0 0.461727
4688.0 0.461669
4689.0 0.461611
4690.0 0.461553
4691.0 0.461495
4692.0 0.461437
4693.0 0.46138
4694.0 0.461322
4695.0 0.461265
4696.0 0.461207
4697.0 0.461149
4698.0 0.461092
4699.0 0.461034
4700.0 0.460976
4701.0 0.460918
4702.0 0.460861
4703.0 0.460803
4704.0 0.460745
4705.0 0.460687
4706.0 0.460629
4707.0 0.460571
4708.0 0.460512
4709.0 0.460454
4710.0 0.460396
4711.0 0.460337
4712.0 0.460278
4713.0 0.460219
4714.0 0.46016
4715.0 0.460101
4716.0 0.460042
4717.0 0.459982
4718.0 0.459922
4719.0 0.459863
4720.0 0.459803
4721.0 0.459743
4722.0 0.459682
4723.0 0.459622
4724.0 0.459561
4725.0 0.4595
4726.0 0.459439
4727.0 0.459378
4728.0 0.459316
4729.0 0.459254
4730.0 0.459192
4731.0 0.45913
4732.0 0.459068
4733.0 0.459005
4734.0 0.458942
4735.0 0.458879
4736.0 0.458816
4737.0 0.458753
4738.0 0.458689
4739.0 0.458626
4740.0 0.458561
4741.0 0.458498
4742.0 0.458433
4743.0 0.458369
4744.0 0.458304
4745.0 0.458239
4746.0 0.458174
4747.0 0.458109
4748.0 0.458043
4749.0 0.457978
4750.0 0.457912
4751.0 0.457846
4752.0 0.457781
4753.0 0.457714
4754.0 0.457648
4755.0 0.457582
4756.0 0.457516
4757.0 0.457449
4758.0 0.457383
4759.0 0.457316
4760.0 0.457249
4761.0 0.457183
4762.0 0.457116
4763.0 0.457049
4764.0 0.456982
4765.0 0.456915
4766.0 0.456849
4767.0 0.456782
4768.0 0.456715
4769.0 0.456649
4770.0 0.456582
4771.0 0.456516
4772.0 0.45645
4773.0 0.456383
4774.0 0.456317
4775.0 0.456251
4776.0 0.456185
4777.0 0.45612
4778.0 0.456055
4779.0 0.455989
4780.0 0.455925
4781.0 0.45586
4782.0 0.455795
4783.0 0.455731
4784.0 0.455668
4785.0 0.455604
4786.0 0.455541
4787.0 0.455479
4788.0 0.455416
4789.0 0.455354
4790.0 0.455292
4791.0 0.455231
4792.0 0.45517
4793.0 0.45511
4794.0 0.455049
4795.0 0.45499
4796.0 0.45493
4797.0 0.454871
4798.0 0.454812
4799.0 0.454754
4800.0 0.454696
4801.0 0.454639
4802.0 0.454582
4803.0 0.454525
4804.0 0.454469
4805.0 0.454413
4806.0 0.454358
4807.0 0.454303
4808.0 0.454248
4809.0 0.454194
4810.0 0.45414
4811.0 0.454087
4812.0 0.454034
4813.0 0.453982
4814.0 0.45393
4815.0 0.453878
4816.0 0.453827
4817.0 0.453777
4818.0 0.453727
4819.0 0.453677
4820.0 0.453628
4821.0 0.453579
4822.0 0.453531
4823.0 0.453484
4824.0 0.453437
4825.0 0.45339
4826.0 0.453344
4827.0 0.453298
4828.0 0.453253
4829.0 0.453208
4830.0 0.453164
4831.0 0.453121
4832.0 0.453078
4833.0 0.453035
4834.0 0.452993
4835.0 0.452952
4836.0 0.452911
4837.0 0.45287
4838.0 0.452831
4839.0 0.452791
4840.0 0.452753
4841.0 0.452714
4842.0 0.452677
4843.0 0.45264
4844.0 0.452603
4845.0 0.452567
4846.0 0.452531
4847.0 0.452496
4848.0 0.452462
4849.0 0.452428
4850.0 0.452395
4851.0 0.452362
4852.0 0.452329
4853.0 0.452298
4854.0 0.452266
4855.0 0.452236
4856.0 0.452205
4857.0 0.452175
4858.0 0.452146
4859.0 0.452117
4860.0 0.452089
4861.0 0.452062
4862.0 0.452034
4863.0 0.452007
4864.0 0.451981
4865.0 0.451955
4866.0 0.45193
4867.0 0.451905
4868.0 0.45188
4869.0 0.451856
4870.0 0.451832
4871.0 0.451809
4872.0 0.451786
4873.0 0.451764
4874.0 0.451741
4875.0 0.45172
4876.0 0.451698
4877.0 0.451677
4878.0 0.451656
4879.0 0.451636
4880.0 0.451615
4881.0 0.451596
4882.0 0.451576
4883.0 0.451557
4884.0 0.451538
4885.0 0.451518
4886.0 0.4515
4887.0 0.451481
4888.0 0.451463
4889.0 0.451445
4890.0 0.451427
4891.0 0.451409
4892.0 0.451391
4893.0 0.451373
4894.0 0.451355
4895.0 0.451338
4896.0 0.45132
4897.0 0.451302
4898.0 0.451284
4899.0 0.451267
4900.0 0.451249
4901.0 0.451231
4902.0 0.451213
4903.0 0.451195
4904.0 0.451177
4905.0 0.451158
4906.0 0.45114
4907.0 0.451121
4908.0 0.451102
4909.0 0.451082
4910.0 0.451063
4911.0 0.451043
4912.0 0.451023
4913.0 0.451002
4914.0 0.450981
4915.0 0.450959
4916.0 0.450937
4917.0 0.450915
4918.0 0.450892
4919.0 0.450869
4920.0 0.450845
4921.0 0.45082
4922.0 0.450795
4923.0 0.450769
4924.0 0.450743
4925.0 0.450716
4926.0 0.450688
4927.0 0.45066
4928.0 0.450631
4929.0 0.450601
4930.0 0.45057
4931.0 0.450538
4932.0 0.450505
4933.0 0.450472
4934.0 0.450438
4935.0 0.450403
4936.0 0.450366
4937.0 0.450329
4938.0 0.45029
4939.0 0.450251
4940.0 0.450211
4941.0 0.450169
4942.0 0.450127
4943.0 0.450083
4944.0 0.450038
4945.0 0.449991
4946.0 0.449944
4947.0 0.449895
4948.0 0.449846
4949.0 0.449794
4950.0 0.449742
4951.0 0.449687
4952.0 0.449632
4953.0 0.449576
4954.0 0.449517
4955.0 0.449458
4956.0 0.449397
4957.0 0.449334
4958.0 0.44927
4959.0 0.449204
4960.0 0.449137
4961.0 0.449069
4962.0 0.448998
4963.0 0.448926
4964.0 0.448853
4965.0 0.448777
4966.0 0.4487
4967.0 0.448622
4968.0 0.448542
4969.0 0.448459
4970.0 0.448375
4971.0 0.44829
4972.0 0.448203
4973.0 0.448113
4974.0 0.448023
4975.0 0.44793
4976.0 0.447835
4977.0 0.447739
4978.0 0.44764
4979.0 0.44754
4980.0 0.447438
4981.0 0.447334
4982.0 0.447228
4983.0 0.44712
4984.0 0.44701
4985.0 0.446899
4986.0 0.446785
4987.0 0.446669
4988.0 0.446552
4989.0 0.446432
4990.0 0.446311
4991.0 0.446187
4992.0 0.446061
4993.0 0.445934
4994.0 0.445804
4995.0 0.445673
4996.0 0.445539
4997.0 0.445404
4998.0 0.445266
4999.0 0.445127
5000.0 0.444985
5001.0 0.444842
5002.0 0.444696
5003.0 0.444548
5004.0 0.444399
5005.0 0.444248
5006.0 0.444094
5007.0 0.443939
5008.0 0.443782
5009.0 0.443623
5010.0 0.443463
5011.0 0.4433
5012.0 0.443136
5013.0 0.44297
5014.0 0.442802
5015.0 0.442633
5016.0 0.442462
5017.0 0.442289
5018.0 0.442114
5019.0 0.441939
5020.0 0.441761
5021.0 0.441582
5022.0 0.441401
5023.0 0.441219
5024.0 0.441036
5025.0 0.440851
5026.0 0.440665
5027.0 0.440478
5028.0 0.440289
5029.0 0.440099
5030.0 0.439907
5031.0 0.439714
5032.0 0.439521
5033.0 0.439326
5034.0 0.43913
5035.0 0.438932
5036.0 0.438734
5037.0 0.438535
5038.0 0.438335
5039.0 0.438133
5040.0 0.437931
5041.0 0.437728
5042.0 0.437524
5043.0 0.43732
5044.0 0.437114
5045.0 0.436908
5046.0 0.436701
5047.0 0.436493
5048.0 0.436285
5049.0 0.436076
5050.0 0.435866
5051.0 0.435656
5052.0 0.435445
5053.0 0.435234
5054.0 0.435023
5055.0 0.434811
5056.0 0.434598
5057.0 0.434386
5058.0 0.434173
5059.0 0.433959
5060.0 0.433746
5061.0 0.433532
5062.0 0.433318
5063.0 0.433104
5064.0 0.432889
5065.0 0.432675
5066.0 0.43246
5067.0 0.432246
5068.0 0.432032
5069.0 0.431817
5070.0 0.431602
5071.0 0.431388
5072.0 0.431173
5073.0 0.430959
5074.0 0.430745
5075.0 0.430531
5076.0 0.430317
5077.0 0.430104
5078.0 0.429891
5079.0 0.429678
5080.0 0.429465
5081.0 0.429253
5082.0 0.429041
5083.0 0.428829
5084.0 0.428618
5085.0 0.428407
5086.0 0.428196
5087.0 0.427986
5088.0 0.427776
5089.0 0.427567
5090.0 0.427359
5091.0 0.42715
5092.0 0.426943
5093.0 0.426735
5094.0 0.426529
5095.0 0.426323
5096.0 0.426117
5097.0 0.425912
5098.0 0.425708
5099.0 0.425504
5100.0 0.425301
5101.0 0.425098
5102.0 0.424896
5103.0 0.424695
5104.0 0.424494
5105.0 0.424294
5106.0 0.424095
5107.0 0.423896
5108.0 0.423698
5109.0 0.4235
5110.0 0.423303
5111.0 0.423107
5112.0 0.422911
5113.0 0.422716
5114.0 0.422522
5115.0 0.422328
5116.0 0.422135
5117.0 0.421943
5118.0 0.421751
5119.0 0.421559
5120.0 0.421369
5121.0 0.421178
5122.0 0.420989
5123.0 0.4208
5124.0 0.420611
5125.0 0.420424
5126.0 0.420236
5127.0 0.420049
5128.0 0.419863
5129.0 0.419677
5130.0 0.419492
5131.0 0.419307
5132.0 0.419123
5133.0 0.418939
5134.0 0.418755
5135.0 0.418572
5136.0 0.41839
5137.0 0.418207
5138.0 0.418025
5139.0 0.417844
5140.0 0.417663
5141.0 0.417481
5142.0 0.417301
5143.0 0.41712
5144.0 0.41694
5145.0 0.41676
5146.0 0.41658
5147.0 0.416401
5148.0 0.416221
5149.0 0.416042
5150.0 0.415863
5151.0 0.415684
5152.0 0.415505
5153.0 0.415326
5154.0 0.415147
5155.0 0.414968
5156.0 0.414789
5157.0 0.41461
5158.0 0.414431
5159.0 0.414252
5160.0 0.414073
5161.0 0.413894
5162.0 0.413714
5163.0 0.413534
5164.0 0.413355
5165.0 0.413175
5166.0 0.412995
5167.0 0.412814
5168.0 0.412634
5169.0 0.412453
5170.0 0.412271
5171.0 0.41209
5172.0 0.411908
5173.0 0.411726
5174.0 0.411544
5175.0 0.411361
5176.0 0.411177
5177.0 0.410994
5178.0 0.410809
5179.0 0.410625
5180.0 0.41044
5181.0 0.410255
5182.0 0.410069
5183.0 0.409882
5184.0 0.409695
5185.0 0.409508
5186.0 0.40932
5187.0 0.409132
5188.0 0.408943
5189.0 0.408754
5190.0 0.408564
5191.0 0.408373
5192.0 0.408182
5193.0 0.407991
5194.0 0.407799
5195.0 0.407606
5196.0 0.407413
5197.0 0.407219
5198.0 0.407025
5199.0 0.406831
5200.0 0.406635
5201.0 0.40644
5202.0 0.406243
5203.0 0.406047
5204.0 0.40585
5205.0 0.405652
5206.0 0.405454
5207.0 0.405255
5208.0 0.405057
5209.0 0.404857
5210.0 0.404657
5211.0 0.404457
5212.0 0.404257
5213.0 0.404056
