calculator/instruments/lris/plaintext_files/blue_D560_400-3400.txt
# %ECSV 1.0
# ---
# datatype:
# - {name: WAV, unit: Angstrom, datatype: float32}
# - {name: EFF, datatype: float64}
# meta: !!omap
# - {GRISM: 400/3400}
# - {DICHROIC: D560}
# schema: astropy-2.0
WAV EFF
[from data line 1816]
4916.0 0.38213002044145433
4917.0 0.38201969956051807
4918.0 0.3819112241756158
4919.0 0.38180826743278445
4920.0 0.381706289987143
4921.0 0.38163215723822425
4922.0 0.3815661917707207
4923.0 0.381478707220656
4924.0 0.3813557053418047
4925.0 0.38123271788511703
4926.0 0.3810866146907273
4927.0 0.3809395858898318
4928.0 0.3808189047794776
4929.0 0.38072693649993766
4930.0 0.38063539818465975
4931.0 0.3805262877534126
4932.0 0.3804162102205029
4933.0 0.38031267708548816
4934.0 0.38021203830819633
4935.0 0.3801130129455377
4936.0 0.3800166170193966
4937.0 0.3799202220145718
4938.0 0.37982563235186
4939.0 0.379731815842887
4940.0 0.3796267437576956
4941.0 0.37948867628306737
4942.0 0.3793506302262707
4943.0 0.37924790146650433
4944.0 0.37915173451381756
4945.0 0.3790487843126658
4946.0 0.378936922966944
4947.0 0.37882409556498625
4948.0 0.378680588164713
4949.0 0.37853479544461893
4950.0 0.3784138611966543
4951.0 0.37831979276539957
4952.0 0.37822588252281564
4953.0 0.37813580719115436
4954.0 0.3780447540317343
4955.0 0.3779455664548781
4956.0 0.3778409603061016
4957.0 0.37773190773215226
4958.0 0.3776046179057875
4959.0 0.3774763689147945
4960.0 0.3773775397883156
4961.0 0.3772901421210973
4962.0 0.37719959511567325
4963.0 0.37710318083794514
4964.0 0.3770057899853864
4965.0 0.37686220850638363
4966.0 0.3767091918256197
4967.0 0.3765760284835858
4968.0 0.3764744313443614
4969.0 0.37637283277588734
4970.0 0.3762564228948123
4971.0 0.37613810114719165
4972.0 0.375991903052663
4973.0 0.37581687869835834
4974.0 0.37564410338205695
4975.0 0.3755212223002771
4976.0 0.3753983502466488
4977.0 0.3752911635241266
4978.0 0.3751936448246332
4979.0 0.37508583807789864
4980.0 0.3749268749096874
4981.0 0.3747679404818027
4982.0 0.37464163971870357
4983.0 0.3745277635184681
4984.0 0.3744253015278485
4985.0 0.3743521743848541
4986.0 0.37427805027838035
4987.0 0.3741325060875537
4988.0 0.37397125556871236
4989.0 0.37382204815917447
4990.0 0.37368990556846293
4991.0 0.37355777313053357
4992.0 0.37339981627515373
4993.0 0.3732398771897733
4994.0 0.3730900765724765
4995.0 0.37294903616539454
4996.0 0.3728108790748606
4997.0 0.372708895227399
4998.0 0.3726078716855561
4999.0 0.37247887719418143
5000.0 0.37233461431703563
5001.0 0.3721840340555567
5002.0 0.3720090623668399
5003.0 0.371832181444316
5004.0 0.3717098767077244
5005.0 0.37160444272955717
5006.0 0.3714731489436258
5007.0 0.37128059958973825
5008.0 0.37108809528378717
5009.0 0.37091732344909145
5010.0 0.3707492974733342
5011.0 0.3705950959464781
5012.0 0.3704588170700811
5013.0 0.37032351376613665
5014.0 0.37018317473524837
5015.0 0.3700427464693465
5016.0 0.36990123048237683
5017.0 0.3697568094527151
5018.0 0.36960873218588514
5019.0 0.36941854010052305
5020.0 0.36922644752524014
5021.0 0.36909321139462925
5022.0 0.36899304518068193
5023.0 0.3688827095735889
5024.0 0.36874052967372023
5025.0 0.3685964124628265
5026.0 0.3684269249793301
5027.0 0.3682480352379573
5028.0 0.3680714995079513
5029.0 0.36789919204768873
5030.0 0.36772690930449053
5031.0 0.3675801636296753
5032.0 0.367436407771273
5033.0 0.3672829011267638
5034.0 0.3671155106357191
5035.0 0.36694716905377334
5036.0 0.36677897857748337
5037.0 0.366610810038724
5038.0 0.3664376319497871
5039.0 0.36626005038810616
5040.0 0.36608293511272383
5041.0 0.3659088408043112
5042.0 0.3657347686157773
5043.0 0.3655758025195189
5044.0 0.3654254865534199
5045.0 0.36527751565990746
5046.0 0.3651420005719346
5047.0 0.3650064750346056
5048.0 0.36484871629824367
5049.0 0.36468587738392116
5050.0 0.36450741683627186
5051.0 0.3642968640456923
5052.0 0.3640873298560212
5053.0 0.36388589056682696
5054.0 0.36368682252856643
5055.0 0.3635085514685259
5056.0 0.36335697314060544
5057.0 0.36320539352212905
5058.0 0.36305531283519893
5059.0 0.3629052295923278
5060.0 0.3627544705158729
5061.0 0.3626039505341844
5062.0 0.36245289117326385
5063.0 0.362305328242561
5064.0 0.3621577588978046
5065.0 0.3619790835102859
5066.0 0.3617841482105967
5067.0 0.3615913660008391
5068.0 0.361406126977952
5069.0 0.36121994448324196
5070.0 0.36105746029423713
5071.0 0.3609004140363409
5072.0 0.3607410607043294
5073.0 0.3605762641180367
5074.0 0.3604124422320294
5075.0 0.36025875079635905
5076.0 0.36010642613381444
5077.0 0.35995034343693405
5078.0 0.3597896739770707
5079.0 0.3596289100439615
5080.0 0.35945855902454593
5081.0 0.3592872503417112
5082.0 0.3591023362647496
5083.0 0.35890547965825453
5084.0 0.3587127393649787
5085.0 0.35855092373297104
5086.0 0.3583881432834798
5087.0 0.3582438405037434
5088.0 0.3581082147294827
5089.0 0.357964701173716
5090.0 0.3577962722356297
5091.0 0.3576278518214004
5092.0 0.3574659424693956
5093.0 0.3573045387649916
5094.0 0.35714834959464237
5095.0 0.35700183364821675
5096.0 0.35685530675646804
5097.0 0.35669186951443066
5098.0 0.35652667083578554
5099.0 0.35636004913238484
5100.0 0.3561938616993657
5101.0 0.35602675538389983
5102.0 0.3558626864274035
5103.0 0.35569862299358346
5104.0 0.3555261640079836
5105.0 0.35534860540205654
5106.0 0.35517551742690967
5107.0 0.35503669405378996
5108.0 0.3548978547548766
5109.0 0.35471305237688533
5110.0 0.35450764091204684
5111.0 0.35431845786393573
5112.0 0.3541739685318404
5113.0 0.35403043634319104
5114.0 0.35390613687988276
5115.0 0.3537872897978213
5116.0 0.35365267174483433
5117.0 0.353492755155078
5118.0 0.35333381121180196
5119.0 0.3531650689785019
5120.0 0.35299557099869583
5121.0 0.35283119902592336
5122.0 0.35267229282033724
5123.0 0.3525121883413105
5124.0 0.35234545303166054
5125.0 0.35217969773623176
5126.0 0.3520117880664567
5127.0 0.35184402705855267
5128.0 0.35167932087604276
5129.0 0.351531851671838
5130.0 0.3513853465430271
5131.0 0.351257005063684
5132.0 0.3511370295519906
5133.0 0.35098823444751465
5134.0 0.35075752145026673
5135.0 0.3505278451150148
5136.0 0.35035299108750895
5137.0 0.3501901730402332
5138.0 0.3500599381096488
5139.0 0.3499812304854546
5140.0 0.34990246419043086
5141.0 0.34976529484581675
5142.0 0.34962365460864187
5143.0 0.349477152478672
5144.0 0.3493245900788101
5145.0 0.34917180104125217
5146.0 0.34901557964311536
5147.0 0.34885936741550483
5148.0 0.3487143643805975
5149.0 0.3485761805818565
5150.0 0.34843484747989245
5151.0 0.3482779791279187
5152.0 0.3481211219724323
5153.0 0.34798080904384676
5154.0 0.34784788848153436
5155.0 0.3477099309243958
5156.0 0.3475600104395368
5157.0 0.34741009695038316
5158.0 0.3472577548741879
5159.0 0.3471037578766004
5160.0 0.34695291913950765
5161.0 0.3468030173836637
5162.0 0.3466540911016142
5163.0 0.3465056745728623
5164.0 0.3463572415590204
5165.0 0.34621170630889986
5166.0 0.3460690653575945
5167.0 0.3459282685715058
5168.0 0.34580114803079204
5169.0 0.3456749870045429
5170.0 0.3455297497207068
5171.0 0.3453728370698533
5172.0 0.3452207399321278
5173.0 0.3450873566660728
5174.0 0.34495493934053656
5175.0 0.3447948378454131
5176.0 0.3446258461140227
5177.0 0.3444639142875489
5178.0 0.34431684917031735
5179.0 0.3441697945782351
5180.0 0.3440338508680156
5181.0 0.34390083443484865
5182.0 0.34375793282924405
5183.0 0.34360118374632015
5184.0 0.34344348689533505
5185.0 0.34328723467008954
5186.0 0.3431319874058463
5187.0 0.34299116132212903
5188.0 0.3428654908595208
5189.0 0.34273923300180537
5190.0 0.3425914124170751
5191.0 0.3424445718318324
5192.0 0.3422974821557179
5193.0 0.3421502518405609
5194.0 0.34200655666619156
5195.0 0.34187376144624754
5196.0 0.3417409694048636
5197.0 0.3415982161032141
5198.0 0.3414519737789306
5199.0 0.3413083286055874
5200.0 0.3411684677627932
5201.0 0.34102861610355445
5202.0 0.3408811998613783
5203.0 0.3407324093297273
5204.0 0.34057947526538407
5205.0 0.3404208181251407
5206.0 0.34026218483737725
5207.0 0.3401331279234012
5208.0 0.34000595259176236
5209.0 0.3398874989333257
5210.0 0.3397767704194128
5211.0 0.3396594591963374
5212.0 0.33947668499877937
5213.0 0.33929298766354105
5214.0 0.3391208676246619
5215.0 0.33895472517313424
5216.0 0.3387967631925308
5217.0 0.3386714134655973
5218.0 0.33854702979752577
5219.0 0.338407062560084
5220.0 0.3382634573105159
5221.0 0.3381137330044326
5222.0 0.33795349286322957
5223.0 0.3377932795417263
5224.0 0.3376428529965975
5225.0 0.3374927954622415
5226.0 0.3373489456544496
5227.0 0.33721427567210804
5228.0 0.3370786497041703
5229.0 0.33693383964175005
5230.0 0.3367889432169681
5231.0 0.3366312495319853
5232.0 0.3364626701866487
5233.0 0.3362965907678679
5234.0 0.33615273242130145
5235.0 0.33600985385308807
5236.0 0.33585964551631053
5237.0 0.3357071354075268
5238.0 0.33555411638784155
5239.0 0.3354037102285052
5240.0 0.33525332503413374
5241.0 0.3350976053237894
5242.0 0.3349403113500644
5243.0 0.3347910228257955
5244.0 0.3346579493349191
5245.0 0.3345248843133648
5246.0 0.3343644448513025
5247.0 0.3342012642467343
5248.0 0.3340377643502888
5249.0 0.3338760378564623
5250.0 0.33371434117273074
5251.0 0.33355045656655186
5252.0 0.33338660337068365
5253.0 0.333219883340736
5254.0 0.3330509204439834
5255.0 0.33288186714872425
5256.0 0.3327118336782918
5257.0 0.3325427980507929
5258.0 0.3323918231451831
5259.0 0.33225118050461155
5260.0 0.33210290309034074
5261.0 0.33192904443453425
5262.0 0.3317552250128499
5263.0 0.33159769091550484
5264.0 0.33144476495678793
5265.0 0.33128065131449064
5266.0 0.33109577425146264
5267.0 0.3309109447856141
5268.0 0.33073701044409054
5269.0 0.3305653873811506
5270.0 0.33040723200828537
5271.0 0.3302633805268737
5272.0 0.33011900013027895
5273.0 0.3299214319208462
5274.0 0.3297239208144661
5275.0 0.3295302415369025
5276.0 0.3293394632698892
5277.0 0.3291542909066152
5278.0 0.32900727836121596
5279.0 0.32885932894492026
5280.0 0.32869298589934026
5281.0 0.32851756428144363
5282.0 0.32833704659708424
5283.0 0.32813631878034155
5284.0 0.3279366085802112
5285.0 0.3277546331118463
5286.0 0.3275771219378
5287.0 0.3273963184931369
5288.0 0.3272075910131765
5289.0 0.3270189156157685
5290.0 0.32682662979059957
5291.0 0.32663403649884687
5292.0 0.32645480624685835
5293.0 0.32628954607771077
5294.0 0.3261248566646284
5295.0 0.32593956945085345
5296.0 0.3257533773231476
5297.0 0.32557026460398125
5298.0 0.3253870557936088
5299.0 0.3252041744922565
5300.0 0.3250181441052349
5301.0 0.3248312109844294
5302.0 0.32462559233532695
5303.0 0.3244116021383785
5304.0 0.3242038043740388
5305.0 0.3240115736093529
5306.0 0.3238193988791391
5307.0 0.3236275999083747
5308.0 0.32343570849582365
5309.0 0.3232334396504156
5310.0 0.3230144263377692
5311.0 0.32279548719694595
5312.0 0.3225893947637277
5313.0 0.32238542919329627
5314.0 0.3221872431993175
5315.0 0.32199332763541527
5316.0 0.3218009935493861
5317.0 0.321598733185184
5318.0 0.3213974857953853
5319.0 0.3211832653020041
5320.0 0.32096100889802737
5321.0 0.3207422024541478
5322.0 0.3205435288534241
5323.0 0.3203449167744875
5324.0 0.3201365674032432
5325.0 0.3199252319119312
5326.0 0.31970372805336206
5327.0 0.31945557488861837
5328.0 0.31920751425739036
5329.0 0.31898850008781093
5330.0 0.3187757065886139
5331.0 0.31856861844150347
5332.0 0.31836924681589324
5333.0 0.3181699375614487
5334.0 0.3179569100817942
5335.0 0.3177430136998545
5336.0 0.3175221876242117
5337.0 0.31729603833485187
5338.0 0.3170685971401914
5339.0 0.3168340525824723
5340.0 0.31659959145581457
5341.0 0.31635786006001215
5342.0 0.316110914382816
5343.0 0.31586211957633803
5344.0 0.31559830032639247
5345.0 0.3153355205469868
5346.0 0.31508929154203613
5347.0 0.31485179027595195
5348.0 0.31462490614236893
5349.0 0.3144285258935528
5350.0 0.31423314386591167
5351.0 0.3139898294526996
5352.0 0.3137395152659242
5353.0 0.3134761913290319
5354.0 0.3131948798791421
5355.0 0.3129136769750668
5356.0 0.31268710931487265
5357.0 0.31246343913785835
5358.0 0.3122416811068729
5359.0 0.31202176170620644
5360.0 0.31180004253951943
5361.0 0.3115344417899223
5362.0 0.3112698716367497
5363.0 0.3109962485382368
5364.0 0.3107186228806169
5365.0 0.31044998512645305
5366.0 0.31022283207620766
5367.0 0.3099948273363371
5368.0 0.3097501490479743
5369.0 0.30949902010560126
5370.0 0.3092297414493544
5371.0 0.30891684503473626
5372.0 0.30860314550025153
5373.0 0.3083324863483767
5374.0 0.30806933589089674
5375.0 0.3078017494845037
5376.0 0.3075277413879023
5377.0 0.3072538358207999
5378.0 0.30697172285689683
5379.0 0.306689370714381
5380.0 0.3064210136291082
5381.0 0.30616380041185426
5382.0 0.30590895509834376
5383.0 0.30566884399007715
5384.0 0.3054288176315453
5385.0 0.30515580612265275
5386.0 0.30486439863215786
5387.0 0.3045708691397122
5388.0 0.3042718447934488
5389.0 0.303972937049564
5390.0 0.30370046549383894
5391.0 0.3034368672537852
5392.0 0.30317193605950393
5393.0 0.30290285179854376
5394.0 0.30263386899193556
5395.0 0.30235518148957063
5396.0 0.3020750048552998
5397.0 0.3017882487174337
5398.0 0.30149146060469695
5399.0 0.30119479009491107
5400.0 0.3008906448699271
5401.0 0.30058555737726117
5402.0 0.30029037132081793
5403.0 0.3000022578277845
5404.0 0.29971645216876996
5405.0 0.2994621077434694
5406.0 0.29920785904426433
5407.0 0.2989258810961129
5408.0 0.29862813109429476
5409.0 0.29833021358030537
5410.0 0.2980348802611117
5411.0 0.2977396675951802
5412.0 0.2974602277806718
5413.0 0.29718612650824566
5414.0 0.2969050428661286
5415.0 0.2966109228621817
5416.0 0.2963160245302284
5417.0 0.29601474697114954
5418.0 0.29571276011301734
5419.0 0.2954313437424063
5420.0 0.29517533761486875
5421.0 0.2949203302400536
5422.0 0.29467263598705745
5423.0 0.29442512963197187
5424.0 0.29414116357580755
5425.0 0.29382652147506877
5426.0 0.29350935664592176
5427.0 0.2931755337248013
5428.0 0.2928418643688354
5429.0 0.2925477840149921
5430.0 0.29227370900147354
5431.0 0.29199958221199995
5432.0 0.29172408472732625
5433.0 0.2914478153886315
5434.0 0.29119612393267286
5435.0 0.29095094972911206
5436.0 0.29069089135796344
5437.0 0.2904014479851034
5438.0 0.29011213470483355
5439.0 0.2898025290610632
5440.0 0.28948976831784246
5441.0 0.2892184978840741
5442.0 0.2890010726913174
5443.0 0.28878284396289117
5444.0 0.28851242262779675
5445.0 0.28824212100308455
5446.0 0.28793601233549354
5447.0 0.28760322024936436
5448.0 0.28727940592668805
5449.0 0.28701858232649985
5450.0 0.28675787326210966
5451.0 0.2865233037132677
5452.0 0.2863011962024385
5453.0 0.28605894189499315
5454.0 0.28574819924495093
5455.0 0.28543673184836305
5456.0 0.28513993496209916
5457.0 0.2848473728091074
5458.0 0.2845576449632626
5459.0 0.28427498395899026
5460.0 0.28399158121040735
5461.0 0.28373015074172586
5462.0 0.2834704860694744
5463.0 0.2832191781827402
5464.0 0.2829767754311818
5465.0 0.28273411261505627
5466.0 0.2824547054381199
5467.0 0.28217543217501256
5468.0 0.2818897195409108
5469.0 0.2815989758271373
5470.0 0.2813105504944278
5471.0 0.2810368115992562
5472.0 0.28076233289024544
5473.0 0.2804913618296186
5474.0 0.2802224263107032
5475.0 0.2799465053060619
5476.0 0.27964733551347737
5477.0 0.2793483189672724
5478.0 0.27906601562685046
5479.0 0.27878820659357084
5480.0 0.2785140799192641
5481.0 0.27824638837920257
5482.0 0.27797795884349175
5483.0 0.2777201385173133
5484.0 0.2774626090374719
5485.0 0.2771868653177226
5486.0 0.2768887545341298
5487.0 0.27659184907133266
5488.0 0.27632905348708
5489.0 0.27606638198703787
5490.0 0.27582091804172904
5491.0 0.27558706746384815
5492.0 0.27534751596039475
5493.0 0.27506717043960727
5494.0 0.27478610510486756
5495.0 0.2744869614033633
5496.0 0.2741789427863677
5497.0 0.2738788612482905
5498.0 0.2735986071679957
5499.0 0.27331849361822735
5500.0 0.2730390701801316
5501.0 0.27275991564728147
5502.0 0.2724879902730656
5503.0 0.27222911929026183
5504.0 0.2719703705176013
5505.0 0.27169878637387657
5506.0 0.2714263608902375
5507.0 0.2711450377879323
5508.0 0.2708531522952091
5509.0 0.2705604457084494
5510.0 0.2702454152873094
5511.0 0.26993055605635746
5512.0 0.2696204227213894
5513.0 0.2693143414761684
5514.0 0.2690083829839345
5515.0 0.26870320603083353
5516.0 0.26839819153619665
5517.0 0.26810618285852417
5518.0 0.2678192230111369
5519.0 0.2675292757013769
5520.0 0.2672287197023167
