calculator/instruments/lris/plaintext_files/blue_D560_600-4000.txt
# %ECSV 1.0
# ---
# datatype:
# - {name: WAV, unit: Angstrom, datatype: float32}
# - {name: EFF, datatype: float64}
# meta: !!omap
# - {GRISM: 600/4000}
# - {DICHROIC: D560}
# schema: astropy-2.0
WAV EFF
[from data line 600]
3800.0 0.36935754132240556
3801.0 0.36961190078274975
3802.0 0.36986133079618805
3803.0 0.3701058313627204
3804.0 0.3703454024823469
3805.0 0.37058004415506746
3806.0 0.37081074227026334
3807.0 0.37103651093855333
3808.0 0.3712583360493186
3809.0 0.3714762176025591
3810.0 0.37168916970889376
3811.0 0.3718981782577037
3812.0 0.37210324324898897
3813.0 0.37230535057213066
3814.0 0.3725025284483664
3815.0 0.3726967486564587
3816.0 0.3728870253070262
3817.0 0.37307335840006906
3818.0 0.3732567338249683
3819.0 0.3734371515817241
3820.0 0.37361461167033627
3821.0 0.37378911409080495
3822.0 0.3739596729537489
3823.0 0.37412826003793054
3824.0 0.3742938894539686
3825.0 0.3744575470912443
3826.0 0.37461824706037644
3827.0 0.37477697525074627
3828.0 0.37493274577297253
3829.0 0.3750865445164364
3830.0 0.37523935737051917
3831.0 0.37538921255645835
3832.0 0.3755380818530164
3833.0 0.3756839934814309
3834.0 0.3758299051098454
3835.0 0.3759738449594975
3836.0 0.3761158130303872
3837.0 0.37625778110127706
3838.0 0.3763977773934044
3839.0 0.3765377736855319
3840.0 0.3766767840882781
3841.0 0.3768148086016431
3842.0 0.376951847225627
3843.0 0.37708888584961087
3844.0 0.37722592447359476
3845.0 0.3773629630975786
3846.0 0.3774990158321814
3847.0 0.3776360544561652
3848.0 0.3777730930801491
3849.0 0.37791013170413296
3850.0 0.378048156217498
3851.0 0.3781861807308631
3852.0 0.3783251911336093
3853.0 0.3784651874257367
3854.0 0.3786061696072453
3855.0 0.37874813767813503
3856.0 0.3788920775277872
3857.0 0.3790370032668205
3858.0 0.379182914895235
3859.0 0.3793307983024118
3860.0 0.37948065348835097
3861.0 0.3796324804530526
3862.0 0.3797862791965165
3863.0 0.37994204971874274
3864.0 0.38010077790911256
3865.0 0.3802614778782447
3866.0 0.3804241496261393
3867.0 0.38058879315279615
3868.0 0.3807554084582154
3869.0 0.3809249814317782
3870.0 0.3810965261841033
3871.0 0.38127004271519077
3872.0 0.3814465169144219
3873.0 0.381623977003034
3874.0 0.3818043947597898
3875.0 0.3819867842953079
3876.0 0.3821721314989695
3877.0 0.38235846459201234
3878.0 0.38254775535319874
3879.0 0.3827400037825286
3880.0 0.3829332381012397
3881.0 0.3831294300880943
3882.0 0.38332759385371123
3883.0 0.3835277293980906
3884.0 0.3837298367212323
3885.0 0.3839349017125175
3886.0 0.38414193848256506
3887.0 0.3843519329207562
3888.0 0.38456389913770966
3889.0 0.3847778371334255
3890.0 0.3849937469079037
3891.0 0.38521261435052545
3892.0 0.3854334535719095
3893.0 0.385656264572056
3894.0 0.3858820332403459
3895.0 0.3861107595767794
3896.0 0.3863404718025941
3897.0 0.3865731416965524
3898.0 0.38680778336927296
3899.0 0.3870453827101371
3900.0 0.3872849538297636
3901.0 0.38752748261753356
3902.0 0.38777198318406597
3903.0 0.38801845552936065
3904.0 0.38826788554279895
3905.0 0.3885202732243808
3906.0 0.38877364679534376
3907.0 0.38903096392383146
3908.0 0.38929025283108154
3909.0 0.38955151351709394
3910.0 0.3898157318712499
3911.0 0.39008192200416825
3912.0 0.3903510698052301
3913.0 0.3906221893850543
3914.0 0.390896266633022
3915.0 0.39117231565975213
3916.0 0.3914513223546258
3917.0 0.39173230082826177
3918.0 0.39201623697004134
3919.0 0.39230313077996437
3920.0 0.39259199636864983
3921.0 0.3928838196254788
3922.0 0.39317761466107015
3923.0 0.393474367364805
3924.0 0.39377309184730225
3925.0 0.39407477399794294
3926.0 0.39437941381672725
3927.0 0.3946860254142739
3928.0 0.3949955946799641
3929.0 0.39530713572441667
3930.0 0.3956216344370127
3931.0 0.39593909081775236
3932.0 0.39625851897725434
3933.0 0.3965809048048998
3934.0 0.39690526241130775
3935.0 0.3972325776858591
3936.0 0.39756285062855407
3937.0 0.3978950953500114
3938.0 0.3982302977396122
3939.0 0.3985674719079755
3940.0 0.3989076037444822
3941.0 0.3992506932491325
3942.0 0.3995967404219263
3943.0 0.3999437734841012
3944.0 0.40029475010380094
3945.0 0.400647698502263
3946.0 0.40100261867948744
3947.0 0.4013614824142366
3948.0 0.4017213320383669
3949.0 0.4020851252200219
3950.0 0.40244990429105815
3951.0 0.40281862691961906
3952.0 0.40318932132694235
3953.0 0.40356198751302796
3954.0 0.40393761136725714
3955.0 0.4043152070002487
3956.0 0.40469576030138377
3957.0 0.40507927127066234
3958.0 0.40546376812932217
3959.0 0.4058522085455067
3960.0 0.40624163485107234
3961.0 0.40663500471416275
3962.0 0.40702936046663435
3963.0 0.40742667388724946
3964.0 0.40782595908662694
3965.0 0.40822820195414794
3966.0 0.4086314307110501
3967.0 0.40903860302547707
3968.0 0.4094467612292851
3969.0 0.4098578771012367
3970.0 0.4102709647519507
3971.0 0.410686024181427
3972.0 0.41110305538966574
3973.0 0.41152304426604797
3974.0 0.4119440190318114
3975.0 0.4123679514657183
3976.0 0.4127928697890065
3977.0 0.4132207457804381
3978.0 0.41365059355063216
3979.0 0.41408241309958854
3980.0 0.4145162044273073
3981.0 0.4149509816444072
3982.0 0.4153887165296506
3983.0 0.4158274373042753
3984.0 0.41626812985766226
3985.0 0.4167107941898116
3986.0 0.41715543030072333
3987.0 0.4176010523010162
3988.0 0.4180486460800715
3989.0 0.41849821163788903
3990.0 0.4189487630850878
3991.0 0.41940128631104895
3992.0 0.41985479542639126
3993.0 0.42031027632049595
3994.0 0.42076674310398177
3995.0 0.42122419577684883
3996.0 0.4216836202284782
3997.0 0.4221440305694888
3998.0 0.4226054267998805
3999.0 0.42306780891965345
4000.0 0.42353216281818873
4001.0 0.423996516716724
4002.0 0.42446284239402166
4003.0 0.4249291680713193
4004.0 0.4253974655273793
4005.0 0.4258657629834393
4006.0 0.42633504632888053
4007.0 0.42680432967432164
4008.0 0.42727459890914404
4009.0 0.42774585403334753
4010.0 0.42821809504693226
4011.0 0.428690336060517
4012.0 0.4291625770741017
4013.0 0.42963481808768644
4014.0 0.4301080449906523
4015.0 0.4305812718936182
4016.0 0.4310544987965841
4017.0 0.4315287115889312
4018.0 0.43200193849189705
4019.0 0.43247516539486297
4020.0 0.4329483922978289
4021.0 0.4334206333114136
4022.0 0.4338938602143795
4023.0 0.4343661012279642
4024.0 0.43483834224154894
4025.0 0.4353095973657524
4026.0 0.4357798666005748
4027.0 0.4362501358353972
4028.0 0.43671941918083834
4029.0 0.4371877166368983
4030.0 0.43765502820357716
4031.0 0.4381213538808748
4032.0 0.43858669366879127
4033.0 0.43905104756732655
4034.0 0.4395144155764807
4035.0 0.4399758118068724
4036.0 0.44043622214788297
4037.0 0.4408946607101312
4038.0 0.4413521133829982
4039.0 0.44180759427710287
4040.0 0.44226110339244523
4041.0 0.44271362661840635
4042.0 0.4431641780656051
4043.0 0.4436137436234227
4044.0 0.444061337402478
4045.0 0.44450695940277085
4046.0 0.4449515955136826
4047.0 0.44539425984583186
4048.0 0.4458349523992189
4049.0 0.4462746590632247
4050.0 0.4467123939484682
4051.0 0.44714815705494926
4052.0 0.44758293427204915
4053.0 0.4480147538210056
4054.0 0.44844657336996196
4055.0 0.4488754352507747
4056.0 0.44930232535282527
4057.0 0.4497282295654945
4058.0 0.4501511761100203
4059.0 0.4505731367651649
4060.0 0.45099312564154714
4061.0 0.451411142739167
4062.0 0.4518271880580245
4063.0 0.45224126159811967
4064.0 0.4526543492488337
4065.0 0.4530644792314041
4066.0 0.4534726374352122
4067.0 0.4538798097496391
4068.0 0.4542840243959224
4069.0 0.45468626726344347
4070.0 0.45508653835220214
4071.0 0.4554858235515796
4072.0 0.45588215108281355
4073.0 0.45627650683528514
4074.0 0.4566679049196132
4075.0 0.45705831711456
4076.0 0.45744675753074454
4077.0 0.4578322402787855
4078.0 0.45821575124806413
4079.0 0.45859729043858033
4080.0 0.45897685785033426
4081.0 0.45935346759394463
4082.0 0.45972909144817375
4083.0 0.46010077174487823
4084.0 0.4604714661522015
4085.0 0.46083920289138125
4086.0 0.46120496785179865
4087.0 0.46156876103345373
4088.0 0.4619295965469652
4089.0 0.46228846028171433
4090.0 0.46264436634831996
4091.0 0.4629983006361632
4092.0 0.4633502631452441
4093.0 0.4636992679861814
4094.0 0.46404531515897524
4095.0 0.4643893905530067
4096.0 0.46473149416827575
4097.0 0.46506965422602015
4098.0 0.46540682839438335
4099.0 0.46574104489460305
4100.0 0.4660723037266792
4101.0 0.46640060489061175
4102.0 0.466726934275782
4103.0 0.4670512918821898
4104.0 0.467371705931073
4105.0 0.467691134090575
4106.0 0.4680066186925522
4107.0 0.46831914562638594
4108.0 0.4686297007814573
4109.0 0.46893828415776634
4110.0 0.46924292397655065
4111.0 0.4695455920165726
4112.0 0.46984530238845096
4113.0 0.4701420550921858
4114.0 0.47043585012777717
4115.0 0.4707276733846061
4116.0 0.4710165389732916
4117.0 0.4713014610044523
4118.0 0.47158441125685063
4119.0 0.47186538973048664
4120.0 0.4721424246465979
4121.0 0.4724165018945657
4122.0 0.47268860736377105
4123.0 0.4729577551648329
4124.0 0.47322295940837
4125.0 0.47348619187314483
4126.0 0.47374646666977605
4127.0 0.47400378379826374
4128.0 0.47425814325860793
4129.0 0.47450954505080856
4130.0 0.4747589750642468
4131.0 0.4750044615201604
4132.0 0.47524699030793044
4133.0 0.4754865614275569
4134.0 0.475724160768421
4135.0 0.47595781655176045
4136.0 0.47618851466695633
4137.0 0.4764162551140087
4138.0 0.47664202378229864
4139.0 0.4768638488930639
4140.0 0.4770837022250668
4141.0 0.47729961199954496
4142.0 0.47751256410587967
4143.0 0.47772354443345194
4144.0 0.4779305812034995
4145.0 0.4781346603054036
4146.0 0.4783357817391641
4147.0 0.4785349313941622
4148.0 0.4787301374916357
4149.0 0.4789233718103467
4150.0 0.47911266257153307
4151.0 0.4792989956645759
4152.0 0.47948335697885636
4153.0 0.4796637747356121
4154.0 0.4798422207136055
4155.0 0.4800167231340742
4156.0 0.4801892537757805
4157.0 0.48035784085996214
4158.0 0.4805244561653813
4159.0 0.48068712791327584
4160.0 0.48084782788240804
4161.0 0.4810055701833966
4162.0 0.48116035481624175
4163.0 0.4813121817809433
4164.0 0.4814610510775013
4165.0 0.4816069627059158
4166.0 0.48175090255556796
4167.0 0.48189089884769537
4168.0 0.4820289233610604
4169.0 0.48216300431690073
4170.0 0.48229511349397874
4171.0 0.4824242650029132
4172.0 0.48255144473308526
4173.0 0.4826746809057326
4174.0 0.4827959452996176
4175.0 0.4829142520253591
4176.0 0.48302861519357587
4177.0 0.48314199247241146
4178.0 0.4832514261937223
4179.0 0.4833579022468896
4180.0 0.4834624065212946
4181.0 0.483563953127556
4182.0 0.48366254206567394
4183.0 0.4837581733356483
4184.0 0.4838518328268603
4185.0 0.48394154876054757
4186.0 0.4840292929154725
4187.0 0.48411506529163506
4188.0 0.4841968941102729
4189.0 0.4842767511501484
4190.0 0.48435365052188034
4191.0 0.4844275922254688
4192.0 0.4844995621502948
4193.0 0.48456857440697737
4194.0 0.48463462899551635
4195.0 0.484698711805293
4196.0 0.4847598369469261
4197.0 0.48481800442041567
4198.0 0.4848742001151428
4199.0 0.48492743814172656
4200.0 0.4849787043895478
4201.0 0.48502701296922557
4202.0 0.4850723638807598
4203.0 0.4851157430135317
4204.0 0.48515616447816
4205.0 0.485194614164026
4206.0 0.48523109207112963
4207.0 0.4852646123100897
4208.0 0.4852961607702875
4209.0 0.4853247515623416
4210.0 0.48535038468625225
4211.0 0.48537503192078174
4212.0 0.48539672148716767
4213.0 0.4854164392747913
4214.0 0.4854331993942713
4215.0 0.485447987734989
4216.0 0.4854608042969443
4217.0 0.4854716490801373
4218.0 0.4854795361951867
4219.0 0.48548545153147377
4220.0 0.4854893950889985
4221.0 0.48549136686776084
4222.0 0.48549136686776084
4223.0 0.4854893950889985
4224.0 0.48548446564209263
4225.0 0.48547855030580556
4226.0 0.48546967730137497
4227.0 0.48545981840756314
4228.0 0.485447987734989
4229.0 0.4854331993942713
4230.0 0.48541742516417247
4231.0 0.4853996791553112
4232.0 0.4853799613676877
4233.0 0.4853582718013017
4234.0 0.48533461045615345
4235.0 0.48530996322162395
4236.0 0.48528334420833213
4237.0 0.48525475341627794
4238.0 0.4852241908454614
4239.0 0.48519264238526366
4240.0 0.4851591221463036
4241.0 0.4851246160179623
4242.0 0.48508813811085866
4243.0 0.4850496884249927
4244.0 0.4850102528497455
4245.0 0.4849698313851172
4246.0 0.48492743814172656
4247.0 0.4848840590089546
4248.0 0.4848387080974204
4249.0 0.484792371296505
4250.0 0.48474406271682724
4251.0 0.4846947682477683
4252.0 0.4846444878893281
4253.0 0.48459322164150687
4254.0 0.48454096950430436
4255.0 0.48448674558833954
4256.0 0.48443153578299347
4257.0 0.4843753400882663
4258.0 0.48431815850415794
4259.0 0.48425999103066836
4260.0 0.4842008376677976
4261.0 0.4841406984155457
4262.0 0.4840795732739126
4263.0 0.4840174622428984
4264.0 0.4839543653225029
4265.0 0.48389028251272626
4266.0 0.4838261997029496
4267.0 0.4837601451144106
4268.0 0.48369409052587164
4269.0 0.4836270500479515
4270.0 0.4835590236806502
4271.0 0.48349099731334877
4272.0 0.4834209991672851
4273.0 0.48335100102122136
4274.0 0.4832810028751577
4275.0 0.48321001883971276
4276.0 0.48313804891488676
4277.0 0.4830660789900607
4278.0 0.4829931231758534
4279.0 0.48292016736164617
4280.0 0.48284622565805774
4281.0 0.48277228395446936
4282.0 0.48269735636149974
4283.0 0.4826224287685302
4284.0 0.48254750117556056
4285.0 0.48247158769320975
4286.0 0.482395674210859
4287.0 0.48231976072850824
4288.0 0.48224286135677624
4289.0 0.48216596198504424
4290.0 0.4820890626133123
4291.0 0.48201216324158036
4292.0 0.4819352638698484
4293.0 0.4818573786087353
4294.0 0.48177949334762216
4295.0 0.48170259397589016
4296.0 0.48162470871477703
4297.0 0.4815468234536639
4298.0 0.48146893819255077
4299.0 0.48139105293143764
4300.0 0.4813131676703245
4301.0 0.4812352824092113
4302.0 0.4811573971480982
4303.0 0.48107951188698506
4304.0 0.4810016266258719
4305.0 0.48092472725414
4306.0 0.48084684199302685
4307.0 0.4807699426212949
4308.0 0.4806930432495629
4309.0 0.4806151579884498
4310.0 0.48053924450609903
4311.0 0.4804623451343671
4312.0 0.4803854457626351
4313.0 0.48030953228028433
4314.0 0.4802336187979336
4315.0 0.48015869120496396
4316.0 0.48008277772261315
4317.0 0.48000785012964353
4318.0 0.47993292253667397
4319.0 0.47985898083308554
4320.0 0.4797850391294971
4321.0 0.4797110974259087
4322.0 0.4796381416117015
4323.0 0.47956518579749424
4324.0 0.47949222998328694
4325.0 0.4794202600584609
4326.0 0.47934829013363484
4327.0 0.47927730609818997
4328.0 0.4792063220627451
4329.0 0.4791353380273002
4330.0 0.4790653398812365
4331.0 0.47899632762455396
4332.0 0.4789273153678714
4333.0 0.4788583031111889
4334.0 0.4787902767438876
4335.0 0.4787222503765862
4336.0 0.47865520989866606
4337.0 0.47858816942074583
4338.0 0.4785221148322069
4339.0 0.47845704613304907
4340.0 0.4783909915445101
4341.0 0.4783269087347335
4342.0 0.47826282592495684
4343.0 0.4781987431151802
4344.0 0.4781356461947847
4345.0 0.4780735351637705
4346.0 0.47801142413275616
4347.0 0.47794931310174193
4348.0 0.47788917384949003
4349.0 0.47782804870785694
4350.0 0.4777688953449862
4351.0 0.4777087560927342
4352.0 0.47764960272986356
4353.0 0.477591435256374
4354.0 0.4775332677828844
4355.0 0.4774770720881572
4356.0 0.4774198905040488
4357.0 0.4773636948093216
4358.0 0.4773074991145944
4359.0 0.4772522893092484
4360.0 0.4771980653932836
4361.0 0.4771438414773187
4362.0 0.4770896175613539
4363.0 0.47703736542415137
4364.0 0.47698412739756774
4365.0 0.4769318752603653
4366.0 0.476880609012544
4367.0 0.4768293427647226
4368.0 0.4767780765169013
4369.0 0.4767277961584612
4370.0 0.4766785016894023
4371.0 0.47662920722034335
4372.0 0.47657991275128436
4373.0 0.4765316041716066
4374.0 0.4764832955919288
4375.0 0.4764359729016322
4376.0 0.47638865021133564
4377.0 0.4763423134104202
4378.0 0.47629597660950485
4379.0 0.4762496398085894
4380.0 0.4762042888970552
4381.0 0.47615893798552095
4382.0 0.47611358707398677
4383.0 0.47606922205183366
4384.0 0.4760248570296806
4385.0 0.47598147789690876
4386.0 0.4759380987641369
4387.0 0.47589471963136504
4388.0 0.4758513404985931
4389.0 0.47580894725520245
4390.0 0.4757665540118117
4391.0 0.47572514665780224
4392.0 0.4756827534144115
4393.0 0.47564134606040204
4394.0 0.47559993870639244
4395.0 0.47555853135238296
4396.0 0.4755181098877546
4397.0 0.4754776884231263
4398.0 0.475437266958498
4399.0 0.4753968454938696
4400.0 0.4753564240292413
4401.0 0.475316002564613
4402.0 0.47527656698936577
4403.0 0.4752371314141186
4404.0 0.47519670994949026
4405.0 0.47515727437424315
