calculator/instruments/lris/plaintext_files/blue_D460_300-5000.txt
# %ECSV 1.0
# ---
# datatype:
# - {name: WAV, unit: Angstrom, datatype: float32}
# - {name: EFF, datatype: float64}
# meta: !!omap
# - {GRISM: 300/5000}
# - {DICHROIC: D460}
# schema: astropy-2.0
WAV EFF
[from data line 1797]
5297.0 0.0028897197769475625
5298.0 0.0028964056557282715
5299.0 0.0028946469012640632
5300.0 0.002840954932234492
5301.0 0.0027872683419590187
5302.0 0.002796298282959953
5303.0 0.0028321979714020814
5304.0 0.002851627946126649
5305.0 0.0028216432858651605
5306.0 0.0027916664865963027
5307.0 0.002661397431604379
5308.0 0.0025076175135499306
5309.0 0.00236706609791621
5310.0 0.00224903272221937
5311.0 0.002131008126312003
5312.0 0.001838337357795375
5313.0 0.0015305029550745954
5314.0 0.0013142097343736444
5315.0 0.001197077183183522
5316.0 0.0010828306120365873
5317.0 0.0010376262233999596
5318.0 0.0009924263728294366
5319.0 0.0008914572717047489
5320.0 0.0007517396334585011
5321.0 0.0006544066083700479
5322.0 0.0007972120944266916
5323.0 0.0009400124174928521
5324.0 0.0008141298735556767
5325.0 0.0005785153823303094
5326.0 0.00034070942794600786
5327.0 9.696253900668776e-05
5328.0 -0.00014677590806273766
5329.0 -0.00014284933167563004
5330.0 -8.456013757024109e-05
5331.0 -2.247652676556955e-05
5332.0 4.5799385006354204e-05
5333.0 0.00011407351696637115
5334.0 -8.599116503997263e-05
5335.0 -0.00030317886874104577
5336.0 -0.0005234243905838215
5337.0 -0.0007468524512053774
5338.0 -0.000962421396443667
5339.0 -0.0010287078562181094
5340.0 -0.0010949971595754341
5341.0 -0.001131190495235808
5342.0 -0.0011481423232337074
5343.0 -0.0011981017155385718
5344.0 -0.0014213394071965993
5345.0 -0.0016445754359831857
5346.0 -0.0017253582360725072
5347.0 -0.0017507372395047373
5348.0 -0.0017749624990430763
5349.0 -0.0017962127267083245
5350.0 -0.0018174663388420458
5351.0 -0.001955909634176893
5352.0 -0.0021166753160253345
5353.0 -0.002211100418958516
5354.0 -0.002201754799257893
5355.0 -0.0021924131925059147
5356.0 -0.002193873262053001
5357.0 -0.0021959102514482404
5358.0 -0.0023031781594105797
5359.0 -0.0025115606266611504
5360.0 -0.0027218759957508315
5361.0 -0.0029624337385561255
5362.0 -0.003202995960274275
5363.0 -0.003296499130142616
5364.0 -0.003299867488941639
5365.0 -0.003279224814767945
5366.0 -0.00314916855867787
5367.0 -0.0030191093958088487
5368.0 -0.0030015266313153906
5369.0 -0.0030255438948555914
5370.0 -0.003048132840065668
5371.0 -0.003067223879917281
5372.0 -0.003086321162611992
5373.0 -0.003178025965392657
5374.0 -0.0032825534478159633
5375.0 -0.0034239034676463538
5376.0 -0.003618227350290566
5377.0 -0.0038125641177389888
5378.0 -0.0038186332743874395
5379.0 -0.0038168577457874755
5380.0 -0.003829855711708343
5381.0 -0.0038564986474374343
5382.0 -0.0038881642560517895
5383.0 -0.003977671787281295
5384.0 -0.004067182648195012
5385.0 -0.0042483183544872695
5386.0 -0.004483271264647768
5387.0 -0.004677175075480592
5388.0 -0.004696009729152757
5389.0 -0.004714836374476736
5390.0 -0.0046151891019789405
5391.0 -0.004476042461284213
5392.0 -0.004402228500038355
5393.0 -0.004480870856042314
5394.0 -0.004559516428374142
5395.0 -0.004709552080740584
5396.0 -0.004871224292966591
5397.0 -0.004987858212697184
5398.0 -0.00504231224539322
5399.0 -0.005096759220590929
5400.0 -0.005113237960261075
5401.0 -0.00512894231051118
5402.0 -0.005182904471914693
5403.0 -0.0052708139503786205
5404.0 -0.005332548141851794
5405.0 -0.005129578297049312
5406.0 -0.004926599383145882
5407.0 -0.005004104300336831
5408.0 -0.005232640948684177
5409.0 -0.005494070484013707
5410.0 -0.005887008128028215
5411.0 -0.00627996331159061
5412.0 -0.006353830399456151
5413.0 -0.006326916558728389
5414.0 -0.006233262989747456
5415.0 -0.005997757591413094
5416.0 -0.005762241672489258
5417.0 -0.005779635172495442
5418.0 -0.005834835177197101
5419.0 -0.005925162150381385
5420.0 -0.006062079963735994
5421.0 -0.006198992353162649
5422.0 -0.006262955512128879
5423.0 -0.006326196117006311
5424.0 -0.00637944955746315
5425.0 -0.006424529157947376
5426.0 -0.006440539134157848
5427.0 -0.006194794443824887
5428.0 -0.005949039693398743
5429.0 -0.005801901503367065
5430.0 -0.005705571898400727
5431.0 -0.00565533676073652
5432.0 -0.005768493750888099
5433.0 -0.005881654945671256
5434.0 -0.005919338996375134
5435.0 -0.005934466613201287
5436.0 -0.006020539606465762
5437.0 -0.006250623981959463
5438.0 -0.00648071605497689
5439.0 -0.006687287044785314
5440.0 -0.006890956844422734
5441.0 -0.006933661511840101
5442.0 -0.006771478201732703
5443.0 -0.006609302352210567
5444.0 -0.006640586861253055
5445.0 -0.006671884586753111
5446.0 -0.00682891052967149
5447.0 -0.007084715165718115
5448.0 -0.0072923351721184025
5449.0 -0.007146553220935616
5450.0 -0.007000767472952829
5451.0 -0.006799544415478883
5452.0 -0.006571019766131476
5453.0 -0.006404128238443937
5454.0 -0.006443589333257085
5455.0 -0.006483039254945642
5456.0 -0.0065497698918871635
5457.0 -0.006623725888328427
5458.0 -0.006688557881142195
5459.0 -0.006735640788765458
5460.0 -0.006782724395833071
5461.0 -0.006922759734874528
5462.0 -0.00707311197691323
5463.0 -0.007162024136889308
5464.0 -0.007178767348896053
5465.0 -0.007195148784699524
5466.0 -0.00717436455058477
5467.0 -0.007153580161733177
5468.0 -0.00703770236341118
5469.0 -0.006850073686837789
5470.0 -0.0066778136796526956
5471.0 -0.006608409756027773
5472.0 -0.006538993419579106
5473.0 -0.006598451709908152
5474.0 -0.006715810194876569
5475.0 -0.0068195373750519015
5476.0 -0.006880138672871109
5477.0 -0.006940726843746744
5478.0 -0.007103586080191413
5479.0 -0.0072919957344810705
5480.0 -0.007472113671154457
5481.0 -0.007637516059877844
5482.0 -0.007802916603380176
5483.0 -0.007698431523199486
5484.0 -0.007567257857085257
5485.0 -0.007413093289863632
5486.0 -0.007232989653096816
5487.0 -0.007059925239503156
5488.0 -0.00711434204092714
5489.0 -0.007168770953299756
5490.0 -0.007069500719638292
5491.0 -0.006858932264741475
5492.0 -0.006674960938862794
5493.0 -0.006654429660103946
5494.0 -0.006633886580356747
5495.0 -0.00671862857696245
5496.0 -0.00684847656129529
5497.0 -0.006966134966736061
5498.0 -0.007049095866677103
5499.0 -0.007132053676933934
5500.0 -0.0071566589337821165
5501.0 -0.007167563287046675
5502.0 -0.0071244934076813374
5503.0 -0.006989561914402326
5504.0 -0.006854610443054702
5505.0 -0.00659853606000004
5506.0 -0.0063333433152632825
5507.0 -0.00625621436126613
5508.0 -0.006382818226860484
5509.0 -0.006513726721811416
5510.0 -0.00674808267051463
5511.0 -0.006982412547911717
5512.0 -0.007105055177816843
5513.0 -0.007153221918945248
5514.0 -0.007195435391098765
5515.0 -0.00720399086999175
5516.0 -0.0072125591758641725
5517.0 -0.007057661751135175
5518.0 -0.006836002222827154
5519.0 -0.006662944574913035
5520.0 -0.006621257268562231
5521.0 -0.006579560651847837
5522.0 -0.006574811947111187
5523.0 -0.006577632801792019
5524.0 -0.0066365044803204515
5525.0 -0.0067868070731061355
5526.0 -0.006937097338185175
5527.0 -0.006861562334433181
5528.0 -0.006771609036134637
5529.0 -0.006652616680168438
5530.0 -0.00650455201818946
5531.0 -0.006360644115574709
5532.0 -0.006295214506714749
5533.0 -0.006229791200802158
5534.0 -0.006192429283231618
5535.0 -0.006172995451320484
5536.0 -0.006147540307189896
5537.0 -0.006092670269258124
5538.0 -0.006037805918568456
5539.0 -0.0060928493459370585
5540.0 -0.006190628519934436
5541.0 -0.006234738362202153
5542.0 -0.0061409014480481834
5543.0 -0.006047063718045484
5544.0 -0.006019211510558765
5545.0 -0.006003917185498371
5546.0 -0.0059923380724041745
5547.0 -0.005986318960970521
5548.0 -0.005980300544273709
5549.0 -0.005987292424622525
5550.0 -0.005994968629511894
5551.0 -0.0059007885193274965
5552.0 -0.00570877680012571
5553.0 -0.005522191438918755
5554.0 -0.005407523783014767
5555.0 -0.005292851734372254
5556.0 -0.005275174876819442
5557.0 -0.005316919225077315
5558.0 -0.005371034925874432
5559.0 -0.00548151425844025
5560.0 -0.0055919774686954546
5561.0 -0.005646450440292692
5562.0 -0.00568125384500848
5563.0 -0.005705840149454583
5564.0 -0.005705438579535567
5565.0 -0.005705047643341194
5566.0 -0.0057751194437263365
5567.0 -0.005857604773027357
5568.0 -0.005794667882309878
5569.0 -0.005522500524424909
5570.0 -0.005250377774719406
5571.0 -0.005161244422277864
5572.0 -0.005077783863825213
5573.0 -0.005072397707348698
5574.0 -0.0051390525461518935
5575.0 -0.005203588656910361
5576.0 -0.005243863227860756
5577.0 -0.005284140362929149
5578.0 -0.0052667780439427676
5579.0 -0.0052169936225297565
5580.0 -0.005162378374061239
5581.0 -0.0050871837921756076
5582.0 -0.005012002887082039
5583.0 -0.004993468771705192
5584.0 -0.004993817046033054
5585.0 -0.0049715924027305325
5586.0 -0.004899124757065314
5587.0 -0.0048266618132085165
5588.0 -0.004647844739342976
5589.0 -0.004451737808727217
5590.0 -0.004358145195714054
5591.0 -0.0044060635698628765
5592.0 -0.004453972362672615
5593.0 -0.004354978197646948
5594.0 -0.004253006583652916
5595.0 -0.004241619278105281
5596.0 -0.004307365280842152
5597.0 -0.004364814909295038
5598.0 -0.004338422601175794
5599.0 -0.004312027564058414
5600.0 -0.004366558030846521
5601.0 -0.004464644753195939
5602.0 -0.0045323573671895
5603.0 -0.004485872458168413
5604.0 -0.004439397365147325
5605.0 -0.0042483854614115265
5606.0 -0.0040117652806713104
5607.0 -0.0037993267286585606
5608.0 -0.003638205621828846
5609.0 -0.0034771129155175095
5610.0 -0.0036904455303019596
5611.0 -0.003954771059972307
5612.0 -0.004182005103958615
5613.0 -0.004360121917505247
5614.0 -0.004538190740023605
5615.0 -0.004410166643822729
5616.0 -0.004279080132551595
5617.0 -0.004212228435772378
5618.0 -0.004197923994722712
5619.0 -0.004178770815080904
5620.0 -0.00412029877940212
5621.0 -0.004061832394031968
5622.0 -0.0039858701611978275
5623.0 -0.003900895091822936
5624.0 -0.0038374648545728973
5625.0 -0.003850356913480022
5626.0 -0.0038632458688565175
5627.0 -0.0037770056491579344
5628.0 -0.0036628393132631812
5629.0 -0.0035503597835413684
5630.0 -0.0034412908667476845
5631.0 -0.0033322476527581405
5632.0 -0.0033483162476272295
5633.0 -0.00337983285047046
5634.0 -0.0034477134206841718
5635.0 -0.0035600122784947385
5636.0 -0.0036722909323579356
5637.0 -0.0034968283878606026
5638.0 -0.0033214079399016636
5639.0 -0.00312312915345755
5640.0 -0.002906906938415709
5641.0 -0.002717072299236272
5642.0 -0.002720382940267304
5643.0 -0.002723697812691433
5644.0 -0.002797793887989454
5645.0 -0.0029051717878989035
5646.0 -0.0029251107158792143
5647.0 -0.002652438171784867
5648.0 -0.0023798367075124533
5649.0 -0.0021332096917137076
5650.0 -0.0018935303185071987
5651.0 -0.0017653911312505456
5652.0 -0.0018442858408294772
5653.0 -0.0019231611899873564
5654.0 -0.002100537580001617
5655.0 -0.0022888158646741466
5656.0 -0.002347774012599476
5657.0 -0.002254970037732685
5658.0 -0.0021636839007226033
5659.0 -0.002145675041362582
5660.0 -0.0021276745373760343
5661.0 -0.0020894035953245597
5662.0 -0.0020358518759602856
5663.0 -0.0019892620608187774
5664.0 -0.0019891528749220546
5665.0 -0.0019890474063784126
5666.0 -0.001917765306260473
5667.0 -0.001814522898536825
5668.0 -0.0017190932074989248
5669.0 -0.0016470363867915792
5670.0 -0.0015749969148000226
5671.0 -0.0014495194903136703
5672.0 -0.001310710113465636
5673.0 -0.0011842588185430331
5674.0 -0.0010797393734370921
5675.0 -0.0009752469872455946
5676.0 -0.0011203543284000294
5677.0 -0.0012871286905263915
5678.0 -0.0014146634000078838
5679.0 -0.0014979687952684684
5680.0 -0.0015774632043601311
5681.0 -0.0015343765332545567
5682.0 -0.0014912999119263762
5683.0 -0.0014424045800387729
5684.0 -0.0013894779878438183
5685.0 -0.0013045718318248926
5686.0 -0.0010232034661138295
5687.0 -0.0007419024162518606
5688.0 -0.0005594680947428489
5689.0 -0.0004194146123686001
5690.0 -0.0003684139858809623
5691.0 -0.0005707631825694248
5692.0 -0.0007730649829741947
5693.0 -0.0006772991531305426
5694.0 -0.0005161409678084558
5695.0 -0.00040124470804751665
5696.0 -0.0003650743146861243
5697.0 -0.00032891198818754474
5698.0 -0.00030576195914215577
5699.0 -0.0002835951321368452
5700.0 -0.00018774456368173334
5701.0 -1.5226587132676226e-05
5702.0 0.00015085481780704148
5703.0 0.00016333995280068113
5704.0 0.00017582272179190493
5705.0 0.00021871460107008453
5706.0 0.00028187030469852497
5707.0 0.00034620163357259643
5708.0 0.0004167618417894472
5709.0 0.00048730733547998215
5710.0 0.00042356124966210217
5711.0 0.0003049873245670849
5712.0 0.00029583076592882033
5713.0 0.000582408633244388
5714.0 0.0008689294657521902
5715.0 0.001069710698025985
5716.0 0.001252906369878992
5717.0 0.0012954575294719635
5718.0 0.0011180981839629587
5719.0 0.0009407731276329018
5720.0 0.0008663676029106356
5721.0 0.0007985444812954183
5722.0 0.000821987978371629
5723.0 0.0009366692201887246
5724.0 0.0010664585420274337
5725.0 0.001433174528562084
5726.0 0.0017998236788862084
5727.0 0.0019252101879536564
5728.0 0.0018963782694024736
5729.0 0.0018672827032125956
5730.0 0.0018368872001580166
5731.0 0.0018064934337556028
5732.0 0.001852883420359969
5733.0 0.001927654616181025
5734.0 0.001999390532555462
5735.0 0.0020633237116162253
5736.0 0.0021272464193051164
5737.0 0.0022193313453959464
5738.0 0.002316766553573247
5739.0 0.0023560267440336275
5740.0 0.002308030265667313
5741.0 0.0022600455333725775
5742.0 0.0022911078041932425
5743.0 0.0023263293234001624
5744.0 0.002381917026303453
5745.0 0.0024570676816401465
5746.0 0.002528694480210118
5747.0 0.002553509508214702
5748.0 0.002578330824991744
5749.0 0.0027306382973844093
5750.0 0.002957800889664005
5751.0 0.003138963918054131
5752.0 0.0031106700936409585
5753.0 0.0030823797962131172
5754.0 0.003089432984413016
5755.0 0.003108897247269768
5756.0 0.003176924151229494
5757.0 0.003358241152661067
5758.0 0.003539550904669482
5759.0 0.0035864272216134152
5760.0 0.0036095945039177776
5761.0 0.0035998665243921753
5762.0 0.003542815068200837
5763.0 0.0034857758738574365
5764.0 0.003632583479206763
5765.0 0.003785681541664024
5766.0 0.0038787725564777644
5767.0 0.003916480169273209
5768.0 0.003952901747330434
5769.0 0.0039745755198512455
5770.0 0.003996255154471626
5771.0 0.004025146729161015
5772.0 0.004058097131274409
5773.0 0.004083198201818938
5774.0 0.004076918125141014
5775.0 0.004070653947435724
5776.0 0.0041087107144227525
5777.0 0.004161556663748171
5778.0 0.004213463712917305
5779.0 0.004263300754668971
5780.0 0.004313135514432717
5781.0 0.00318298898456295
5782.0 0.001876577120651287
5783.0 0.0007748532541286135
5784.0 -4.4238533167701516e-05
5785.0 -0.0008633053630179424
5786.0 -0.0006850705158715566
5787.0 -0.00048648989334992214
5788.0 -0.0003629905395313797
5789.0 -0.00030344979641052695
5790.0 -0.00025700468587238555
5791.0 -0.0003429575300300451
5792.0 -0.00042890971938874
5793.0 -0.0004114493056402025
5794.0 -0.0003383044791173052
5795.0 -0.0002818171016654158
5796.0 -0.00028798947000687613
5797.0 -0.0002941624455906661
5798.0 -0.0002735044760354277
5799.0 -0.0002448319668480557
5800.0 -0.00026404457367801455
5801.0 -0.00038501567269998523
5802.0 -0.000505990960527754
5803.0 -0.0004334220638750269
5804.0 -0.00033445780971005153
5805.0 -0.00015095917651588274
5806.0 0.00014013464777044688
5807.0 0.00043124259679993437
5808.0 0.00048439129560815355
5809.0 0.000535140829178339
5810.0 0.0005028496093742183
5811.0 0.0004026093992286298
5812.0 0.00030338622907075195
5813.0 0.00021243317179327567
5814.0 0.00012147434258906253
5815.0 7.943876339077536e-05
5816.0 6.260737471335161e-05
5817.0 6.15915487417458e-05
5818.0 0.00011665613775787526
5819.0 0.00017172620159177867
5820.0 0.00033630618967673854
5821.0 0.0005317903717458622
5822.0 0.0006699209920382675
5823.0 0.0006966866550879744
5824.0 0.0007234566448185233
5825.0 0.0007246600224512526
5826.0 0.0007227042536464833
5827.0 0.0006698404590601279
5828.0 0.000554741819952816
5829.0 0.0004403646608096223
5830.0 0.0003987123326715232
5831.0 0.00035705565428247683
5832.0 0.0004042950956056002
5833.0 0.0005213989273722821
5834.0 0.0006451918678872276
5835.0 0.0008179234208622935
5836.0 0.000990684437032562
5837.0 0.0009021729125212124
5838.0 0.0006906714815339003
5839.0 0.0005169165104591301
5840.0 0.00046962544998861293
5841.0 0.000422327537767345
5842.0 0.0006703646860467603
5843.0 0.0009969672546577579
