calculator/instruments/lris/plaintext_files/blue_D500_600-4000.txt
# %ECSV 1.0
# ---
# datatype:
# - {name: WAV, unit: Angstrom, datatype: float32}
# - {name: EFF, datatype: float64}
# meta: !!omap
# - {GRISM: 600/4000}
# - {DICHROIC: D500}
# schema: astropy-2.0
WAV EFF
[from data line 601]
3801.0 0.36662886874960254
3802.0 0.366876285684678
3803.0 0.3671188129570049
3804.0 0.3673564505665832
3805.0 0.3675891985134131
3806.0 0.36781803473004415
3807.0 0.3680419812839266
3808.0 0.36826201610761033
3809.0 0.3684781392010952
3810.0 0.36868937263183155
3811.0 0.36889669433236905
3812.0 0.3691001043027078
3813.0 0.3693005804753974
3814.0 0.3694961669853384
3815.0 0.36968881969763034
3816.0 0.36987756067972344
3817.0 0.3700623899316177
3818.0 0.3702442853858629
3819.0 0.370423247042459
3820.0 0.37059927490140593
3821.0 0.37077236896270377
3822.0 0.37094155129380274
3823.0 0.3711087777598024
3824.0 0.3712730704281529
3825.0 0.37143540723140395
3826.0 0.37159481023700586
3827.0 0.37175225737750844
3828.0 0.3719067707203619
3829.0 0.3720593281981159
3830.0 0.3722109077433202
3831.0 0.3723595534908754
3832.0 0.3725072213058809
3833.0 0.37265195532323725
3834.0 0.3727966893405937
3835.0 0.3729394674928506
3836.0 0.3730802897800081
3837.0 0.37322111206716574
3838.0 0.37335997848922386
3839.0 0.37349884491128205
3840.0 0.3736367334007905
3841.0 0.3737736439577492
3842.0 0.37390957658215823
3843.0 0.37404550920656726
3844.0 0.3741814418309763
3845.0 0.3743173744553853
3846.0 0.3744523291472447
3847.0 0.3745882617716537
3848.0 0.37472419439606275
3849.0 0.3748601270204718
3850.0 0.37499703757743047
3851.0 0.3751339481343893
3852.0 0.3752718366238977
3853.0 0.3754107030459558
3854.0 0.37555054740056365
3855.0 0.3756913696877212
3856.0 0.3758341478399782
3857.0 0.3759779039247849
3858.0 0.37612263794214124
3859.0 0.37626932782459704
3860.0 0.37641797357215223
3861.0 0.37656857518480685
3862.0 0.37672113266256085
3863.0 0.3768756460054143
3864.0 0.3770330931459169
3865.0 0.3771924961515188
3866.0 0.3773538550222202
3867.0 0.37751716975802097
3868.0 0.3776824403589212
3869.0 0.3778506447574705
3870.0 0.3780208050211191
3871.0 0.3781929211498673
3872.0 0.3783679710762646
3873.0 0.37854399893521146
3874.0 0.3787229605918075
3875.0 0.378903878113503
3876.0 0.3790877294328476
3877.0 0.37927255868474186
3878.0 0.3794603217342853
3879.0 0.3796510185814778
3880.0 0.37984269336122006
3881.0 0.3800373019386114
3882.0 0.3802338663811022
3883.0 0.38043238668869234
3884.0 0.3806328628613819
3885.0 0.3808362728317206
3886.0 0.3810416386671587
3887.0 0.38124993830024595
3888.0 0.3814601937984326
3889.0 0.38167240516171863
3890.0 0.3818865723901041
3891.0 0.38210367341613866
3892.0 0.38232273030727265
3893.0 0.382543743063506
3894.0 0.3827676896173885
3895.0 0.3829945699689201
3896.0 0.38322242825300146
3897.0 0.3834532203347319
3898.0 0.38368596828156176
3899.0 0.38392165002604073
3900.0 0.38415928763561913
3901.0 0.38439985904284657
3902.0 0.3846423863151735
3903.0 0.3848868694525998
3904.0 0.3851342863876752
3905.0 0.38538463712039983
3906.0 0.38563596578567405
3907.0 0.3858912061811471
3908.0 0.3861484024417196
3909.0 0.3864075545673915
3910.0 0.3866696404907125
3911.0 0.38693368227913294
3912.0 0.38720065786520247
3913.0 0.3874695893163714
3914.0 0.38774145456518944
3915.0 0.38801527567910693
3916.0 0.3882920305906736
3917.0 0.38857074136733954
3918.0 0.38885238594165467
3919.0 0.3891369643136189
3920.0 0.38942349855068253
3921.0 0.3897129665853953
3922.0 0.39000439048520746
3923.0 0.39029874818266874
3924.0 0.39059506174522945
3925.0 0.3908943091054392
3926.0 0.39119649026329817
3927.0 0.3915006272862565
3928.0 0.39180769810686394
3929.0 0.3921167247925708
3930.0 0.3924286852759268
3931.0 0.3927435795569319
3932.0 0.3930604297030364
3933.0 0.39338021364679
3934.0 0.39370195345564307
3935.0 0.3940266270621452
3936.0 0.3943542344662964
3937.0 0.3946837977355471
3938.0 0.39501629480244693
3939.0 0.3953507477344462
3940.0 0.39568813446409445
3941.0 0.3960284549913919
3942.0 0.3963717093163384
3943.0 0.39671594157383466
3944.0 0.3970640855615297
3945.0 0.3974141854143243
3946.0 0.39776624113221815
3947.0 0.3981222085803109
3948.0 0.3984791539609533
3949.0 0.3988400110717945
3950.0 0.39920184611518544
3951.0 0.39956759288877525
3952.0 0.3999352955274644
3953.0 0.400304954031253
3954.0 0.4006775463326907
3955.0 0.40105209449922785
3956.0 0.40142957646341404
3957.0 0.4018099922252494
3958.0 0.40219138591963444
3959.0 0.4025766913442183
3960.0 0.4029629747013519
3961.0 0.4033531697886843
3962.0 0.4037443428085664
3963.0 0.40413844962609763
3964.0 0.4045345123087283
3965.0 0.404933508789008
3966.0 0.4053334832018375
3967.0 0.40573736934486576
3968.0 0.4061422334204437
3969.0 0.4065500312936708
3970.0 0.4069597850319973
3971.0 0.4073714946354232
3972.0 0.40778516010394855
3973.0 0.408201759370123
3974.0 0.40861933656884714
3975.0 0.4090398475652204
3976.0 0.40946133649414335
3977.0 0.4098857592207154
3978.0 0.41031213781238696
3979.0 0.4107404722691579
3980.0 0.4111707625910282
3981.0 0.41160203084544816
3982.0 0.41203623289751734
3983.0 0.4124714128821362
3984.0 0.4129085487318544
3985.0 0.4133476404466721
3986.0 0.41378868802658914
3987.0 0.41423071353905594
3988.0 0.4146746949166221
3989.0 0.4151206321592877
3990.0 0.4155675473345031
3991.0 0.41601641837481773
3992.0 0.41646626734768216
3993.0 0.41691807218564597
3994.0 0.4173708549561595
3995.0 0.4178246156592228
3996.0 0.4182803322273854
3997.0 0.4187370267280978
3998.0 0.4191946991613598
3999.0 0.4196533495271716
4000.0 0.4201139557580828
4001.0 0.42057456198899396
4002.0 0.42103712408500454
4003.0 0.42149968618101513
4004.0 0.42196420414212515
4005.0 0.4224287221032351
4006.0 0.42289421799689486
4007.0 0.42335971389055455
4008.0 0.423826187716764
4009.0 0.42429363947552307
4010.0 0.4247620691668319
4011.0 0.42523049885814074
4012.0 0.4256989285494496
4013.0 0.4261673582407584
4014.0 0.4266367658646169
4015.0 0.42710617348847546
4016.0 0.42757558111233396
4017.0 0.4280459666687422
4018.0 0.4285153742926007
4019.0 0.4289847819164593
4020.0 0.4294541895403178
4021.0 0.4299226192316266
4022.0 0.4303920268554851
4023.0 0.43086045654679395
4024.0 0.4313288862381028
4025.0 0.43179633799686185
4026.0 0.4322628118230713
4027.0 0.4327292856492807
4028.0 0.4331947815429404
4029.0 0.43365929950405036
4030.0 0.4341228395326107
4031.0 0.4345854016286213
4032.0 0.4350469857920822
4033.0 0.43550759202299333
4034.0 0.4359672203213548
4035.0 0.4364248927546169
4036.0 0.4368815872553293
4037.0 0.43733632589094223
4038.0 0.4377900865940054
4039.0 0.4382418914319693
4040.0 0.4386917404048337
4041.0 0.4391406114451484
4042.0 0.4395875266203637
4043.0 0.44003346386302933
4044.0 0.4404774452405955
4045.0 0.4409194707530623
4046.0 0.44136051833297935
4047.0 0.441799610047797
4048.0 0.44223674589751527
4049.0 0.4426729038146838
4050.0 0.44310710586675295
4051.0 0.4435393520537227
4052.0 0.44397062030814266
4053.0 0.44439895476491365
4054.0 0.4448272892216845
4055.0 0.4452526898808063
4056.0 0.4456761346748287
4057.0 0.4460986015363013
4058.0 0.4465181346001249
4059.0 0.4469366897313987
4060.0 0.4473532889975732
4061.0 0.4477679323986482
4062.0 0.4481806199346238
4063.0 0.44859135160550007
4064.0 0.4490011053438266
4065.0 0.44940792528450396
4066.0 0.44981278936008195
4067.0 0.45021667550311023
4068.0 0.45061762784848935
4069.0 0.4510166243287691
4070.0 0.45141366494394947
4071.0 0.45180972762658006
4072.0 0.4522028565115616
4073.0 0.45259402953144373
4074.0 0.4529822687536767
4075.0 0.45336953004336
4076.0 0.4537548354679439
4077.0 0.4541372070948786
4078.0 0.454517622856714
4079.0 0.4548960827534499
4080.0 0.4552725867850864
4081.0 0.45564615701907385
4082.0 0.4560187493205115
4083.0 0.4563874298917504
4084.0 0.4567551325304396
4085.0 0.4571199013714797
4086.0 0.4574827143474203
4087.0 0.45784357145826154
4088.0 0.45820149477145367
4089.0 0.4585574622195464
4090.0 0.45891049586999
4091.0 0.4592615736553342
4092.0 0.459610695575579
4093.0 0.4599568836981746
4094.0 0.4603001380231212
4095.0 0.46064143648296835
4096.0 0.46098077907771606
4097.0 0.4613162099422649
4098.0 0.46165066287426415
4099.0 0.46198218200861424
4100.0 0.46231076734531523
4101.0 0.4626364188843671
4102.0 0.46296011455831954
4103.0 0.4632818543671725
4104.0 0.4635996824458267
4105.0 0.4639165325919312
4106.0 0.4642294710078369
4107.0 0.4645394756260935
4108.0 0.46484752437925064
4109.0 0.4651536172673084
4110.0 0.4654557984251673
4111.0 0.46575602371792685
4112.0 0.4660533152130372
4113.0 0.4663476729104985
4114.0 0.4666390968103107
4115.0 0.46692856484502343
4116.0 0.4672150990820871
4117.0 0.4674977215889519
4118.0 0.4677783882307173
4119.0 0.46805709900738335
4120.0 0.4683318980538505
4121.0 0.46860376330266856
4122.0 0.4688736726863872
4123.0 0.4691406482724568
4124.0 0.46940371212832743
4125.0 0.46966482011909877
4126.0 0.46992299431222095
4127.0 0.47017823470769404
4128.0 0.470430541305518
4129.0 0.4706799141056928
4130.0 0.4709273310407682
4131.0 0.4711708362456449
4132.0 0.47141140765287237
4133.0 0.4716490452624508
4134.0 0.47188472700692974
4135.0 0.47211649702120984
4136.0 0.4723453332378409
4137.0 0.47257123565682285
4138.0 0.4727951822107053
4139.0 0.473015217034389
4140.0 0.4732332959929733
4141.0 0.4734474632213587
4142.0 0.4736586966520951
4143.0 0.473867974217732
4144.0 0.4740733400531701
4145.0 0.4742757720909591
4146.0 0.474475270331099
4147.0 0.4746728127061394
4148.0 0.4748664433509811
4149.0 0.4750581181307233
4150.0 0.4752458811802667
4151.0 0.475430710432161
4152.0 0.4756135838189559
4153.0 0.47579254547555194
4154.0 0.4759695512670486
4155.0 0.47614264532834644
4156.0 0.47631378352454484
4157.0 0.4764810099905445
4158.0 0.47664628059144465
4159.0 0.476807639462146
4160.0 0.47696704246774796
4161.0 0.47712351167570083
4162.0 0.47727704708600455
4163.0 0.47742764869865917
4164.0 0.47757531651366464
4165.0 0.477720050531021
4166.0 0.477862828683278
4167.0 0.47800169510533613
4168.0 0.4781386056622949
4169.0 0.4782716044890548
4170.0 0.4784026474507153
4171.0 0.4785307566147267
4172.0 0.4786569099136387
4173.0 0.47877915148235184
4174.0 0.47889943718596556
4175.0 0.4790167890919302
4176.0 0.479130229267696
4177.0 0.47924269151091214
4178.0 0.4793512420239294
4179.0 0.47945685873929755
4180.0 0.4795605195895663
4181.0 0.47966124664218596
4182.0 0.4797590398971565
4183.0 0.4798538993544779
4184.0 0.47994680294669995
4185.0 0.4800357948087231
4186.0 0.4801228308056468
4187.0 0.48020791093747117
4188.0 0.48028907933909676
4189.0 0.48036829187562285
4190.0 0.4804445706144999
4191.0 0.48051791555572776
4192.0 0.48058930463185623
4193.0 0.48065775991033566
4194.0 0.4807232813911659
4195.0 0.4807868470068968
4196.0 0.48084747882497847
4197.0 0.48090517684541106
4198.0 0.4809609190007442
4199.0 0.4810137273584284
4200.0 0.48106457985101303
4201.0 0.48111249854594856
4202.0 0.481157483443235
4203.0 0.48120051247542206
4204.0 0.48124060770995997
4205.0 0.4812787470793985
4206.0 0.4813149305837376
4207.0 0.48134818029042753
4208.0 0.48137947413201815
4209.0 0.4814078341759596
4210.0 0.4814332604222519
4211.0 0.4814577087359945
4212.0 0.4814792232520881
4213.0 0.4814987819030822
4214.0 0.4815154067564272
4215.0 0.4815300757446727
4216.0 0.48154278886781887
4217.0 0.4815535461258657
4218.0 0.4815613695862633
4219.0 0.4815672371815615
4220.0 0.48157114891176034
4221.0 0.4815731047768598
4222.0 0.4815731047768598
4223.0 0.48157114891176034
4224.0 0.48156625924901186
4225.0 0.4815603916537136
4226.0 0.48155159026076627
4227.0 0.4815418109352692
4228.0 0.4815300757446727
4229.0 0.4815154067564272
4230.0 0.48149975983563187
4231.0 0.4814821570497372
4232.0 0.48146259839874306
4233.0 0.48144108388264956
4234.0 0.4814176135014567
4235.0 0.481393165187714
4236.0 0.481366761008872
4237.0 0.4813384009649305
4238.0 0.4813080850558897
4239.0 0.48127679121429906
4240.0 0.4812435415076091
4241.0 0.4812093138683694
4242.0 0.4811731303640303
4243.0 0.4811349909945918
4244.0 0.4810958736926036
4245.0 0.4810557784580657
4246.0 0.4810137273584284
4247.0 0.4809706983262413
4248.0 0.48092571342895485
4249.0 0.4808797505991187
4250.0 0.48083183190418316
4251.0 0.4807829352766979
4252.0 0.48073306071666294
4253.0 0.48068220822407826
4254.0 0.4806303777989439
4255.0 0.4805765915087101
4256.0 0.48052182728592663
4257.0 0.4804660851305934
4258.0 0.48040936504271053
4259.0 0.4803516670222779
4260.0 0.48029299106929557
4261.0 0.48023333718376354
4262.0 0.48017270536568185
4263.0 0.48011109561505044
4264.0 0.48004850793186926
4265.0 0.4799849423161384
4266.0 0.4799213767004076
4267.0 0.47985585521957735
4268.0 0.4797903337387471
4269.0 0.47972383432536714
4270.0 0.4796563569794375
4271.0 0.47958887963350777
4272.0 0.47951944642247873
4273.0 0.47945001321144964
4274.0 0.4793805800004206
4275.0 0.4793101688568418
4276.0 0.47923877978071333
4277.0 0.47916739070458486
4278.0 0.4790950236959066
4279.0 0.47902265668722843
4280.0 0.47894931174600053
4281.0 0.4788759668047727
4282.0 0.47880164393099506
4283.0 0.4787273210572175
4284.0 0.47865299818343987
4285.0 0.47857769737711253
4286.0 0.47850239657078525
4287.0 0.47842709576445797
4288.0 0.4783508170255809
4289.0 0.4782745382867039
4290.0 0.4781982595478269
4291.0 0.47812198080894985
4292.0 0.4780457020700729
4293.0 0.4779684453986462
4294.0 0.4778911887272195
4295.0 0.4778149099883424
4296.0 0.47773765331691576
4297.0 0.47766039664548904
4298.0 0.4775831399740623
4299.0 0.4775058833026356
4300.0 0.4774286266312089
4301.0 0.4773513699597821
4302.0 0.4772741132883554
4303.0 0.4771968566169287
4304.0 0.47711959994550196
4305.0 0.477043321206625
4306.0 0.4769660645351983
4307.0 0.47688978579632124
4308.0 0.47681350705744424
4309.0 0.4767362503860175
4310.0 0.47666094957969024
4311.0 0.47658467084081324
4312.0 0.4765083921019362
4313.0 0.4764330912956089
4314.0 0.4763577904892816
4315.0 0.476283467615504
4316.0 0.4762081668091767
4317.0 0.4761338439353991
4318.0 0.4760595210616215
4319.0 0.4759861761203936
4320.0 0.47591283117916566
4321.0 0.4758394862379378
4322.0 0.4757671192292596
4323.0 0.47569475222058144
4324.0 0.4756223852119032
4325.0 0.47555099613577473
4326.0 0.47547960705964626
4327.0 0.4754091959160675
4328.0 0.47533878477248875
4329.0 0.47526837362890995
4330.0 0.47519894041788086
4331.0 0.4751304851394015
4332.0 0.4750620298609221
4333.0 0.47499357458244273
4334.0 0.4749260972365131
4335.0 0.4748586198905834
4336.0 0.4747921204772035
4337.0 0.4747256210638235
4338.0 0.47466009958299327
4339.0 0.4745955560347127
4340.0 0.4745300345538825
4341.0 0.47446646893815164
4342.0 0.47440290332242074
4343.0 0.47433933770668996
4344.0 0.4742767500235088
4345.0 0.47421514027287737
4346.0 0.4741535305222459
4347.0 0.4740919207716145
4348.0 0.4740322668860825
4349.0 0.4739716350680008
4350.0 0.47391295911501846
4351.0 0.4738533052294864
4352.0 0.4737946292765041
4353.0 0.47373693125607147
4354.0 0.4736792332356389
4355.0 0.47362349108030566
4356.0 0.4735667709924228
4357.0 0.47351102883708956
4358.0 0.47345528668175635
4359.0 0.47340052245897285
4360.0 0.4733467361687391
4361.0 0.4732929498785053
4362.0 0.4732391635882715
4363.0 0.4731873331631371
4364.0 0.47313452480545304
4365.0 0.4730826943803187
4366.0 0.473031841887734
4367.0 0.4729809893951493
4368.0 0.47293013690256464
4369.0 0.47288026234252967
4370.0 0.4728313657150444
4371.0 0.47278246908755917
4372.0 0.4727335724600739
4373.0 0.4726856537651383
4374.0 0.47263773507020274
4375.0 0.4725907943078169
4376.0 0.47254385354543105
4377.0 0.4724978907155949
4378.0 0.4724519278857588
4379.0 0.47240596505592264
4380.0 0.4723609801586362
4381.0 0.47231599526134976
4382.0 0.4722710103640633
4383.0 0.47222700339932655
4384.0 0.47218299643458983
4385.0 0.47213996740240277
4386.0 0.47209693837021577
4387.0 0.47205390933802877
4388.0 0.4720108803058417
4389.0 0.4719688292062044
4390.0 0.4719267781065671
4391.0 0.47188570493947946
4392.0 0.4718436538398421
4393.0 0.4718025806727545
4394.0 0.4717615075056668
4395.0 0.47172043433857924
4396.0 0.4716803391040413
4397.0 0.47164024386950343
4398.0 0.4716001486349655
4399.0 0.47156005340042756
4400.0 0.47151995816588965
4401.0 0.47147986293135175
4402.0 0.4714407456293635
4403.0 0.4714016283273753
4404.0 0.4713615330928374
4405.0 0.4713224157908492
4406.0 0.471283298488861
