calculator/instruments/lris/plaintext_files/blue_D500_600-4000.txt
# %ECSV 1.0
# ---
# datatype:
# - {name: WAV, unit: Angstrom, datatype: float32}
# - {name: EFF, datatype: float64}
# meta: !!omap
# - {GRISM: 600/4000}
# - {DICHROIC: D500}
# schema: astropy-2.0
WAV EFF
3200.0 0.062355913166856694
3201.0 0.06289377606919458
3202.0 0.06338274234404721
3203.0 0.06383063545181222
3204.0 0.06424136712268844
3205.0 0.06462178288452379
3206.0 0.06497383860241768
3207.0 0.06530437980421806
3208.0 0.06561536235502434
3209.0 0.06590972005248562
3210.0 0.06619234255935043
3211.0 0.0664632298756188
3212.0 0.06672531579893981
3213.0 0.06698153412696259
3214.0 0.06723286279223685
3215.0 0.06748125765986197
3216.0 0.067726718729838
3217.0 0.06797217979981401
3218.0 0.06821666293724034
3219.0 0.06846310193976606
3220.0 0.06871051887484149
3221.0 0.06895989167501633
3222.0 0.06921122034029059
3223.0 0.06946646073576367
3224.0 0.06972365699633615
3225.0 0.06998574291965716
3226.0 0.07025076264062728
3227.0 0.07051969409179622
3228.0 0.0707935152057137
3229.0 0.07107027011728029
3230.0 0.07135191469159541
3231.0 0.07163747099610934
3232.0 0.07192791696337181
3233.0 0.07222227466083309
3234.0 0.07252054408849319
3235.0 0.07282370317890183
3236.0 0.07313077399950928
3237.0 0.07344175655031555
3238.0 0.07375762876387036
3239.0 0.07407839064017367
3240.0 0.07440306424667582
3241.0 0.0747316495833768
3242.0 0.07506512458282628
3243.0 0.07540348924502432
3244.0 0.07574478770487145
3245.0 0.07609195376001682
3246.0 0.07644303154536101
3247.0 0.07679899899345373
3248.0 0.07715985610429496
3249.0 0.07752462494533502
3250.0 0.07789428344912362
3251.0 0.07826883161566073
3252.0 0.07864924737749608
3253.0 0.07903357486953025
3254.0 0.07942279202431293
3255.0 0.07981787677439386
3256.0 0.08021785118722333
3257.0 0.0806227152628013
3258.0 0.08103344693367752
3259.0 0.08145004619985195
3260.0 0.08187153512877493
3261.0 0.08229791372044641
3262.0 0.08273113783996586
3263.0 0.0831692516222338
3264.0 0.08361421093234969
3265.0 0.08406405990521412
3266.0 0.08452075440592649
3267.0 0.08498233856938738
3268.0 0.08545076826069618
3269.0 0.08592506554730324
3270.0 0.08640523042920853
3271.0 0.08689224083896174
3272.0 0.0873841409114635
3273.0 0.08788386444436289
3274.0 0.0883884776400108
3275.0 0.08889993636350665
3276.0 0.08941726268230074
3277.0 0.08994045659639305
3278.0 0.09047049603833329
3279.0 0.09100640307557178
3280.0 0.09154915564065821
3281.0 0.09209679786849315
3282.0 0.09265128562417604
3283.0 0.09321066304260744
3284.0 0.0937768859888868
3285.0 0.09434897653046437
3286.0 0.09492595673479048
3287.0 0.09550978246696452
3288.0 0.09609849786188708
3289.0 0.0966930808521079
3290.0 0.0972925535050772
3291.0 0.09789789375334478
3292.0 0.09850714573181116
3293.0 0.09912324323812548
3294.0 0.09974325247463861
3295.0 0.10036815137390027
3296.0 0.10099793993591046
3297.0 0.10163164022811948
3298.0 0.10227023018307702
3299.0 0.10291273186823335
3300.0 0.10356012321613825
3301.0 0.10421044836169226
3302.0 0.10486566316999477
3303.0 0.10552381177594641
3304.0 0.10618587211209687
3305.0 0.10685086624589646
3306.0 0.10751879417734515
3307.0 0.10818965590644296
3308.0 0.10886345143318989
3309.0 0.10954018075758593
3310.0 0.11021886594708138
3311.0 0.11089950700167625
3312.0 0.11158210392137051
3313.0 0.1122666567061642
3314.0 0.11295316535605729
3315.0 0.1136406519385001
3316.0 0.11433009438604232
3317.0 0.11502051476613423
3318.0 0.11571191307877585
3319.0 0.11640331139141746
3320.0 0.1170956876366088
3321.0 0.11778904181434982
3322.0 0.11848239599209086
3323.0 0.1191757501698319
3324.0 0.11986910434757292
3325.0 0.12056245852531396
3326.0 0.121255812703055
3327.0 0.12194916688079602
3328.0 0.12264056519343763
3329.0 0.12333196350607926
3330.0 0.12402336181872087
3331.0 0.12471280426626309
3332.0 0.1254012687812556
3333.0 0.1260897332962481
3334.0 0.1267752640135915
3335.0 0.12746079473093488
3336.0 0.12814436958317887
3337.0 0.12882696650287312
3338.0 0.12950760755746799
3339.0 0.13018629274696344
3340.0 0.1308640000039092
3341.0 0.13153975139575552
3342.0 0.13221256898995276
3343.0 0.13288440865160028
3344.0 0.13355429244814837
3345.0 0.13422222037959708
3346.0 0.13488819244594635
3347.0 0.13555220864719625
3348.0 0.13621426898334668
3349.0 0.13687437345439774
3350.0 0.1375315441277997
3351.0 0.1381867589361022
3352.0 0.13884099581185502
3353.0 0.13949229888995873
3354.0 0.140141646102963
3355.0 0.14078903745086793
3356.0 0.1414344729336734
3357.0 0.14207795255137945
3358.0 0.1427194763039861
3359.0 0.14335904419149334
3360.0 0.14399665621390115
3361.0 0.1446323123712096
3362.0 0.14526699059596831
3363.0 0.1458997129556276
3364.0 0.1465314573827372
3365.0 0.14716124594474742
3366.0 0.1477890786416582
3367.0 0.14841691133856896
3368.0 0.14904181023783064
3369.0 0.1496667091370923
3370.0 0.15028965217125456
3371.0 0.1509125952054168
3372.0 0.15153358237447964
3373.0 0.15215456954354248
3374.0 0.15277457878005563
3375.0 0.15339361008401903
3376.0 0.15401264138798246
3377.0 0.1546297168268465
3378.0 0.15524777019826022
3379.0 0.15586484563712424
3380.0 0.15648289900853796
3381.0 0.157099974447402
3382.0 0.1577160719537163
3383.0 0.15833314739258034
3384.0 0.15895120076399405
3385.0 0.15956827620285807
3386.0 0.1601863295742718
3387.0 0.16080438294568553
3388.0 0.16142341424964896
3389.0 0.1620424455536124
3390.0 0.16266245479012553
3391.0 0.16328344195918837
3392.0 0.16390540706080092
3393.0 0.16452835009496317
3394.0 0.16515227106167513
3395.0 0.1657771699609368
3396.0 0.16640304679274817
3397.0 0.16702990155710923
3398.0 0.16765871218656972
3399.0 0.1682885007485799
3400.0 0.16892024517568952
3401.0 0.16955296753534882
3402.0 0.1701876457601075
3403.0 0.17082330191741596
3404.0 0.1714609139398238
3405.0 0.17209950389478132
3406.0 0.17273907178228856
3407.0 0.17337961760234552
3408.0 0.17402114135495214
3409.0 0.17466364304010853
3410.0 0.1753071226578146
3411.0 0.17595060227552065
3412.0 0.1765950598257764
3413.0 0.1772395173760322
3414.0 0.17788495285883765
3415.0 0.17853038834164311
3416.0 0.1791758238244486
3417.0 0.17982028137470438
3418.0 0.18046473892496015
3419.0 0.1811091964752159
3420.0 0.18175267609292195
3421.0 0.18239517777807834
3422.0 0.183036701530685
3423.0 0.18367724735074192
3424.0 0.18431681523824917
3425.0 0.18495344932810728
3426.0 0.1855891054854157
3427.0 0.18622280577762473
3428.0 0.18685455020473432
3429.0 0.1874833608341948
3430.0 0.1881102155985559
3431.0 0.18873315863271814
3432.0 0.18935316786923126
3433.0 0.1899702433080953
3434.0 0.1905834070167605
3435.0 0.19119265899522686
3436.0 0.19179702131094473
3437.0 0.19239747189646375
3438.0 0.19299401075178396
3439.0 0.19358468201180593
3440.0 0.1941704636090794
3441.0 0.1947503776110546
3442.0 0.19532442401773162
3443.0 0.19589260282911036
3444.0 0.1964539361126412
3445.0 0.19700940180087378
3446.0 0.19755704402870872
3447.0 0.19809784072869574
3448.0 0.1986317919008348
3449.0 0.19915694168002654
3450.0 0.19967426799882063
3451.0 0.20018279292466734
3452.0 0.20068251645756674
3453.0 0.2011744165300685
3454.0 0.2016584931421726
3455.0 0.20213376836132935
3456.0 0.20260219805263818
3457.0 0.20306182635099965
3458.0 0.20351363118896348
3459.0 0.20395859049907938
3460.0 0.20439572634879763
3461.0 0.20482601667066794
3462.0 0.20524848353214062
3463.0 0.20566410486576536
3464.0 0.20607385860409186
3465.0 0.20647578888202073
3466.0 0.20687087363210166
3467.0 0.20726106871943403
3468.0 0.2076434403463688
3469.0 0.20802092231055502
3470.0 0.20839155874689333
3471.0 0.2087573055204831
3472.0 0.20911718469877463
3473.0 0.20947119628176794
3474.0 0.20982031820201272
3475.0 0.21016455045950896
3476.0 0.2105038930542567
3477.0 0.21083834598625592
3478.0 0.21116888718805626
3479.0 0.21149551665965782
3480.0 0.21181725646851088
3481.0 0.21213606247971478
3482.0 0.21245095676071987
3483.0 0.21276193931152618
3484.0 0.2130699880646833
3485.0 0.21337510302019136
3486.0 0.21367826211059998
3487.0 0.2139784874033595
3488.0 0.2142757788984699
3489.0 0.2145720924610306
3490.0 0.21486645015849187
3491.0 0.21515885199085374
3492.0 0.21545027589066593
3493.0 0.2157407218579284
3494.0 0.21603116782519086
3495.0 0.21632063585990363
3496.0 0.21661010389461638
3497.0 0.21689957192932913
3498.0 0.2171890399640419
3499.0 0.21747948593130434
3500.0 0.2177718877636662
3501.0 0.21806428959602808
3502.0 0.2183586472934894
3503.0 0.21865398292350038
3504.0 0.21895029648606107
3505.0 0.21924758798117147
3506.0 0.21954585740883156
3507.0 0.21984412683649168
3508.0 0.2201433741967015
3509.0 0.2204426215569113
3510.0 0.22074284684967083
3511.0 0.22104307214243032
3512.0 0.22134329743518985
3513.0 0.22164352272794938
3514.0 0.22194374802070885
3515.0 0.22224397331346837
3516.0 0.2225441986062279
3517.0 0.2228434459664377
3518.0 0.22314269332664752
3519.0 0.22344194068685733
3520.0 0.22374021011451745
3521.0 0.22403847954217754
3522.0 0.22433577103728794
3523.0 0.22463208459984862
3524.0 0.2249283981624093
3525.0 0.22522373379242033
3526.0 0.2255180914898816
3527.0 0.2258114712547932
3528.0 0.22610387308715504
3529.0 0.22639529698696723
3530.0 0.2266857429542297
3531.0 0.22697521098894244
3532.0 0.2272637010911055
3533.0 0.22755023532816915
3534.0 0.22783676956523277
3535.0 0.22812134793719702
3536.0 0.22840494837661154
3537.0 0.22868757088347635
3538.0 0.22896823752524179
3539.0 0.22924792623445747
3540.0 0.22952663701112347
3541.0 0.2298033919226901
3542.0 0.23007916890170696
3543.0 0.23035299001562445
3544.0 0.2306258331969922
3545.0 0.23089769844581026
3546.0 0.23116760782952891
3547.0 0.23143556134814816
3548.0 0.2317025369342177
3549.0 0.23196853458773753
3550.0 0.23223257637615793
3551.0 0.23249564023202868
3552.0 0.23275674822279996
3553.0 0.2330159003484719
3554.0 0.23327407454159405
3555.0 0.23353127080216654
3556.0 0.2337865111976396
3557.0 0.23404077366056297
3558.0 0.2342930802583869
3559.0 0.23454343099111147
3560.0 0.23479280379128634
3561.0 0.23504022072636177
3562.0 0.2352866597288875
3563.0 0.23553212079886351
3564.0 0.2357756260037401
3565.0 0.23601717534351732
3566.0 0.23625774675074482
3567.0 0.23649636229287288
3568.0 0.23673399990245128
3569.0 0.23696968164693025
3570.0 0.2372043854588595
3571.0 0.23743713340568937
3572.0 0.2376689034199695
3573.0 0.23789871756915026
3574.0 0.23812755378578127
3575.0 0.23835639000241232
3576.0 0.23858424828649363
3577.0 0.23881112863802526
3578.0 0.2390389869221066
3579.0 0.2392658672736382
3580.0 0.23949372555771953
3581.0 0.23972158384180084
3582.0 0.2399504200584319
3583.0 0.24018023420761264
3584.0 0.24041200422189277
3585.0 0.2406447521687226
3586.0 0.2408784780481022
3587.0 0.24111513772513085
3588.0 0.24135277533470922
3589.0 0.2415943246744864
3590.0 0.24183685194681334
3591.0 0.24208329094933906
3592.0 0.24233168581696418
3593.0 0.24258399241478815
3594.0 0.24284021074281095
3595.0 0.24309936286848283
3596.0 0.24336242672435354
3597.0 0.24362940231042307
3598.0 0.24390126755924113
3599.0 0.24417704453825803
3600.0 0.24445771118002343
3601.0 0.24474228955198768
3602.0 0.24503273551925014
3603.0 0.24532904908181083
3604.0 0.24562927437457036
3605.0 0.2459363451951778
3606.0 0.24624830567853379
3607.0 0.2465671116897377
3608.0 0.24689178529623984
3609.0 0.2472223264980402
3610.0 0.24755971322768852
3611.0 0.2479039454851848
3612.0 0.2482540453379793
3613.0 0.2486119686511714
3614.0 0.24897673749221147
3615.0 0.24934932979364915
3616.0 0.24972876762293478
3617.0 0.2501160289126181
3618.0 0.250511113662699
3619.0 0.25091402187317763
3620.0 0.2513247535440538
3621.0 0.25174428660787734
3622.0 0.25217164313209856
3623.0 0.2526078010492671
3624.0 0.2530517824268333
3625.0 0.2535045651973468
3626.0 0.25396614936080775
3627.0 0.25443653491721596
3628.0 0.25491669979912124
3629.0 0.25540468814142414
3630.0 0.2559034337417739
3631.0 0.25641000280252113
3632.0 0.2569273291213152
3633.0 0.257452478900507
3634.0 0.2579883859377454
3635.0 0.258534072300481
3636.0 0.2590895379887136
3637.0 0.25965380506989355
3638.0 0.2602288294091202
3639.0 0.26081265514129426
3640.0 0.26140723813151506
3641.0 0.2620106225146832
3642.0 0.2626237862233484
3643.0 0.2632457513249609
3644.0 0.2638774957520706
3645.0 0.2645180415721275
3646.0 0.2651683667176815
3647.0 0.2658265153236331
3648.0 0.2664944432550818
3649.0 0.26717117257947787
3650.0 0.26785572536427155
3651.0 0.26855005747456234
3652.0 0.26925123511270094
3653.0 0.269961214143787
3654.0 0.2706799945678203
3655.0 0.2714056205197017
3656.0 0.27214004786453033
3657.0 0.2728813207372069
3658.0 0.2736304170702812
3659.0 0.27438733686375305
3660.0 0.2751511021850728
3661.0 0.27592171303424057
3662.0 0.27669819147870656
3663.0 0.2774824933835702
3664.0 0.27827364081628175
3665.0 0.2790696779117418
3666.0 0.27987256053504983
3667.0 0.2806813107536561
3668.0 0.2814949506350109
3669.0 0.2823144581116639
3670.0 0.28313983318361513
3671.0 0.2839700979183149
3672.0 0.2848042743832135
3673.0 0.2856443184434103
3674.0 0.28648827423380596
3675.0 0.2873351638218507
3676.0 0.288186943072644
3677.0 0.2890426340536361
3678.0 0.2899012588322773
3679.0 0.29076281740856763
3680.0 0.29162828771505683
3681.0 0.29249571388664536
3682.0 0.29336607385588304
3683.0 0.29423741175767043
3684.0 0.295111683457107
3685.0 0.2959879110216429
3686.0 0.2968651165187285
3687.0 0.29774329994836385
3688.0 0.29862148337799915
3689.0 0.29950162267273384
3690.0 0.30038176196746863
3691.0 0.30126092332965365
3692.0 0.3021410626243884
3693.0 0.3030202239865734
3694.0 0.3038984074162087
3695.0 0.30477561291329436
3696.0 0.30565086254528057
3697.0 0.30652513424471706
3698.0 0.30739745007905417
3699.0 0.30826781004829185
3700.0 0.3091352362198804
3701.0 0.3099987506612702
3702.0 0.31086030923756053
3703.0 0.31171893401620177
3704.0 0.31257266913209447
3705.0 0.31342249251778825
3706.0 0.31426938210583305
3707.0 0.3151113820311293
3708.0 0.315948492293677
3709.0 0.31678169082602586
3710.0 0.3176099996956262
3711.0 0.3184343968350278
3712.0 0.31925292637913105
3713.0 0.32006754419303557
3714.0 0.3208762944116418
3715.0 0.32168113290004924
3716.0 0.32247912586060873
3717.0 0.3232732070909694
3718.0 0.32406142072603183
3719.0 0.3248447446983458
3720.0 0.32562220107536144
3721.0 0.3263937898570789
3722.0 0.3271604889760478
3723.0 0.32792034256716884
3724.0 0.32867432856299156
3725.0 0.32942342489606585
3726.0 0.3301656757012921
3727.0 0.33090205891122015
3728.0 0.3316315965933003
3729.0 0.3323562446126319
3730.0 0.3330740471041156
3731.0 0.33378500406775125
3732.0 0.33449009343608876
3733.0 0.3351883372765783
3734.0 0.33587973558921996
3735.0 0.33656526630656336
3736.0 0.3372439514960588
3737.0 0.3379157911577063
3738.0 0.3385807852915059
3739.0 0.3392389338974575
3740.0 0.3398902369755612
3741.0 0.340534694525817
3742.0 0.34117328448077455
3743.0 0.34180307304278473
3744.0 0.3424269940094967
3745.0 0.34304406944836074
3746.0 0.34365429935937686
3747.0 0.34425670580999523
3748.0 0.34485226673276576
3749.0 0.3454409821276883
3750.0 0.34602285199476296
3751.0 0.34659689840144
3752.0 0.347164099280269
3753.0 0.3477234766987004
3754.0 0.3482769865218336
3755.0 0.34882267288456914
3756.0 0.3493615137194567
3757.0 0.3498925310939467
3758.0 0.3504167029405887
3759.0 0.3509340292593828
3760.0 0.35144451005032895
3761.0 0.35194716738087745
3762.0 0.352442979183578
3763.0 0.35293194545843065
3764.0 0.3534130882728856
3765.0 0.35388836349204233
3766.0 0.3543558152508015
3767.0 0.35481642148171266
3768.0 0.35527018218477596
3769.0 0.35571709735999124
3770.0 0.3561561890748089
3771.0 0.35658941319432835
3772.0 0.35701579178599985
3773.0 0.35743434691727366
3774.0 0.35784703445324934
3775.0 0.358252876461377
3776.0 0.3586518729416567
3777.0 0.3590440238940885
3778.0 0.3594303072512221
3779.0 0.3598097450805078
3780.0 0.3601823373819455
3781.0 0.3605490620880849
3782.0 0.36090894126637646
3783.0 0.36126295284936977
3784.0 0.3616101189045151
3785.0 0.36195141736436226
3786.0 0.3622868482289112
3787.0 0.3626164114981619
3788.0 0.36293912923956456
3789.0 0.36325695731821883
3790.0 0.3635679398690251
3791.0 0.3638740327570828
3792.0 0.36417328011729266
3793.0 0.36446763781475394
3794.0 0.364756127916917
3795.0 0.3650397283563315
3796.0 0.3653174612004478
3797.0 0.36559030438181556
3798.0 0.3658572799678851
3799.0 0.36611936589120614
