calculator/instruments/lris/plaintext_files/blue_D680_400-3400.txt
# %ECSV 1.0
# ---
# datatype:
# - {name: WAV, unit: Angstrom, datatype: float32}
# - {name: EFF, datatype: float64}
# meta: !!omap
# - {GRISM: 400/3400}
# - {DICHROIC: D680}
# schema: astropy-2.0
WAV EFF
[from data line 781]
3881.0 0.46393494
3882.0 0.46445433999999997
3883.0 0.46496884
3884.0 0.46547745999999995
3885.0 0.4659802
3886.0 0.46647706
3887.0 0.46696804
3888.0 0.46745216
3889.0 0.46793138
3890.0 0.46840472
3891.0 0.4688712
3892.0 0.46933277999999995
3893.0 0.46978749999999997
3894.0 0.47023731999999996
3895.0 0.47068028
3896.0 0.47111638
3897.0 0.47154758
3898.0 0.4719729
3899.0 0.47239136
3900.0 0.47280491999999996
3901.0 0.47321162
3902.0 0.47361243999999997
3903.0 0.4740064
3904.0 0.47439546
3905.0 0.47477766
3906.0 0.47515496
3907.0 0.4755254
3908.0 0.47588995999999995
3909.0 0.47624864
3910.0 0.47660046
3911.0 0.47694738
3912.0 0.47728842
3913.0 0.4776226
3914.0 0.47795187999999994
3915.0 0.4782743
3916.0 0.47859182
3917.0 0.47890247999999996
3918.0 0.47920823999999995
3919.0 0.47950713999999994
3920.0 0.47980114
3921.0 0.48008926
3922.0 0.4803715
3923.0 0.48064786
3924.0 0.48091833999999994
3925.0 0.48118392
3926.0 0.48144362
3927.0 0.48169744000000003
3928.0 0.48194635999999996
3929.0 0.48218842
3930.0 0.48242656
3931.0 0.48265784
3932.0 0.4828852
3933.0 0.48310569999999997
3934.0 0.48332228
3935.0 0.48353297999999995
3936.0 0.4837378
3937.0 0.48393771999999996
3938.0 0.48413273999999995
3939.0 0.48432286
3940.0 0.48450709999999997
3941.0 0.48468742
3942.0 0.48486186
3943.0 0.48503139999999995
3944.0 0.48519702
3945.0 0.48535676
3946.0 0.48551160000000004
3947.0 0.48566252
3948.0 0.48580854
3949.0 0.48594966
3950.0 0.48608587999999997
3951.0 0.48621818
3952.0 0.48634558
3953.0 0.48646807999999997
3954.0 0.48658666
3955.0 0.48670132
3956.0 0.48681108
3957.0 0.48691692000000003
3958.0 0.48701884
3959.0 0.48711586
3960.0 0.48720895999999997
3961.0 0.48729814
3962.0 0.48738339999999997
3963.0 0.48746572
3964.0 0.48754314
3965.0 0.48761664
3966.0 0.48768720000000004
3967.0 0.48775286
3968.0 0.48781656
3969.0 0.48787536
3970.0 0.48793122
3971.0 0.48798315999999997
3972.0 0.48803216
3973.0 0.48807723999999997
3974.0 0.48811938
3975.0 0.48815857999999995
3976.0 0.48819483999999996
3977.0 0.48822718
3978.0 0.48825658
3979.0 0.48828402
3980.0 0.48830754000000004
3981.0 0.48832812000000003
3982.0 0.48834674
3983.0 0.48836144
3984.0 0.48837418
3985.0 0.48838398
3986.0 0.48839182
3987.0 0.48839671999999995
3988.0 0.48839868
3989.0 0.48839868
3990.0 0.48839671999999995
3991.0 0.48839182
3992.0 0.48838496000000003
3993.0 0.48837516
3994.0 0.48836438000000004
3995.0 0.48835066
3996.0 0.48833498
3997.0 0.48831734
3998.0 0.48829871999999996
3999.0 0.48827716
4000.0 0.48825462000000003
4001.0 0.48822914
4002.0 0.48820268
4003.0 0.48817524
4004.0 0.48814486
4005.0 0.4881135
4006.0 0.48808018000000003
4007.0 0.48804588
4008.0 0.4880106
4009.0 0.48797335999999997
4010.0 0.48793514
4011.0 0.48789496
4012.0 0.48785478
4013.0 0.48781263999999996
4014.0 0.48776952
4015.0 0.48772444
4016.0 0.48767936
4017.0 0.4876333
4018.0 0.48758626
4019.0 0.48753823999999996
4020.0 0.48748826
4021.0 0.48743828
4022.0 0.4873883
4023.0 0.48733635999999997
4024.0 0.48728442
4025.0 0.4872315
4026.0 0.48717857999999997
4027.0 0.48712468
4028.0 0.4870698
4029.0 0.48701492
4030.0 0.48695905999999994
4031.0 0.4869032
4032.0 0.48684733999999996
4033.0 0.4867905
4034.0 0.48673366
4035.0 0.48667583999999997
4036.0 0.48661802
4037.0 0.4865602
4038.0 0.4865014
4039.0 0.48644358
4040.0 0.48638478
4041.0 0.48632598
4042.0 0.48626717999999997
4043.0 0.48620838
4044.0 0.4861486
4045.0 0.4860898
4046.0 0.486031
4047.0 0.48597122000000004
4048.0 0.48591242
4049.0 0.48585362
4050.0 0.48579384
4051.0 0.48573503999999995
4052.0 0.48567624
4053.0 0.48561744
4054.0 0.48555864
4055.0 0.48550082
4056.0 0.48544202
4057.0 0.4853842
4058.0 0.48532637999999995
4059.0 0.48526856
4060.0 0.48521074000000003
4061.0 0.4851539
4062.0 0.48509706
4063.0 0.48504022
4064.0 0.48498436
4065.0 0.4849285
4066.0 0.48487263999999997
4067.0 0.48481678
4068.0 0.4847619
4069.0 0.48470702
4070.0 0.48465312
4071.0 0.48459922
4072.0 0.48454532
4073.0 0.4844924
4074.0 0.48443948
4075.0 0.48438655999999997
4076.0 0.48433462
4077.0 0.48428267999999997
4078.0 0.48423172
4079.0 0.48418076
4080.0 0.48413078
4081.0 0.4840808
4082.0 0.48403082
4083.0 0.48398182
4084.0 0.4839338
4085.0 0.48388479999999995
4086.0 0.48383775999999995
4087.0 0.48378974
4088.0 0.4837427
4089.0 0.48369565999999997
4090.0 0.4836496
4091.0 0.48360452000000004
4092.0 0.48355846
4093.0 0.48351338
4094.0 0.4834683
4095.0 0.48342419999999997
4096.0 0.4833801
4097.0 0.48333697999999997
4098.0 0.48329386
4099.0 0.48325074
4100.0 0.4832086
4101.0 0.48316548000000004
4102.0 0.48312432
4103.0 0.48308218
4104.0 0.48304102
4105.0 0.48299986
4106.0 0.4829587
4107.0 0.48291851999999996
4108.0 0.48287736
4109.0 0.48283718
4110.0 0.48279798
4111.0 0.48275779999999996
4112.0 0.4827186
4113.0 0.48267940000000004
4114.0 0.48264019999999996
4115.0 0.482601
4116.0 0.4825618
4117.0 0.48252259999999997
4118.0 0.48248438
4119.0 0.48244616
4120.0 0.48240696
4121.0 0.48236874
4122.0 0.48233052
4123.0 0.4822923
4124.0 0.48225408
4125.0 0.48221586
4126.0 0.48217764
4127.0 0.48213942
4128.0 0.4821012
4129.0 0.48206298
4130.0 0.48202476
4131.0 0.48198556
4132.0 0.48194734
4133.0 0.48190912
4134.0 0.48186991999999995
4135.0 0.48183072
4136.0 0.48179152
4137.0 0.48175232
4138.0 0.48171312
4139.0 0.48167392
4140.0 0.48163374
4141.0 0.48159454
4142.0 0.48155338000000003
4143.0 0.4815132
4144.0 0.48147204
4145.0 0.48143186
4146.0 0.4813907
4147.0 0.48134856
4148.0 0.48130641999999996
4149.0 0.48126428
4150.0 0.48122214
4151.0 0.48117902
4152.0 0.48113491999999997
4153.0 0.4810918
4154.0 0.48104769999999997
4155.0 0.48100262
4156.0 0.48095754
4157.0 0.48091148
4158.0 0.48086639999999997
4159.0 0.48081936000000003
4160.0 0.48077232000000003
4161.0 0.4807243
4162.0 0.48067627999999996
4163.0 0.48062728
4164.0 0.4805773
4165.0 0.48052732
4166.0 0.48047636
4167.0 0.4804254
4168.0 0.48037346
4169.0 0.48032152
4170.0 0.48026761999999995
4171.0 0.48021372
4172.0 0.48015884
4173.0 0.48010297999999996
4174.0 0.48004712
4175.0 0.47999028
4176.0 0.47993246
4177.0 0.47987366000000004
4178.0 0.47981486
4179.0 0.4797541
4180.0 0.47969333999999997
4181.0 0.4796316
4182.0 0.47956985999999996
4183.0 0.47950616
4184.0 0.47944148
4185.0 0.4793768
4186.0 0.47931113999999997
4187.0 0.47924352
4188.0 0.4791759
4189.0 0.4791073
4190.0 0.47903772
4191.0 0.47896716
4192.0 0.47889562
4193.0 0.4788231
4194.0 0.4787496
4195.0 0.47867511999999995
4196.0 0.47860064
4197.0 0.4785242
4198.0 0.47844678
4199.0 0.47836838
4200.0 0.47828899999999996
4201.0 0.47820962
4202.0 0.47812827999999996
4203.0 0.47804596
4204.0 0.47796266
4205.0 0.47787838
4206.0 0.47779311999999996
4207.0 0.47770688
4208.0 0.47761966
4209.0 0.47753146
4210.0 0.47744228
4211.0 0.47735212
4212.0 0.47725999999999996
4213.0 0.47716788
4214.0 0.47707478
4215.0 0.47697972
4216.0 0.47688466
4217.0 0.47678764
4218.0 0.47668964
4219.0 0.47659164
4220.0 0.47649168
4221.0 0.47639074000000003
4222.0 0.47628882
4223.0 0.47618592
4224.0 0.47608105999999994
4225.0 0.4759762
4226.0 0.47587036
4227.0 0.47576256
4228.0 0.47565476
4229.0 0.475545
4230.0 0.47543426
4231.0 0.47532253999999996
4232.0 0.47521082
4233.0 0.47509714
4234.0 0.4749815
4235.0 0.47486586000000003
4236.0 0.47474923999999996
4237.0 0.47463164
4238.0 0.47451306
4239.0 0.47439252
4240.0 0.47427198000000004
4241.0 0.47414947999999996
4242.0 0.47402698
4243.0 0.47390252
4244.0 0.47377707999999996
4245.0 0.47365164000000004
4246.0 0.47352424
4247.0 0.47339586
4248.0 0.47326748
4249.0 0.47313714
4250.0 0.47300582
4251.0 0.47287352
4252.0 0.47274024
4253.0 0.47260598
4254.0 0.47247172
4255.0 0.47233549999999996
4256.0 0.4721983
4257.0 0.47206109999999996
4258.0 0.47192194
4259.0 0.4717818
4260.0 0.47164166
4261.0 0.47150054
4262.0 0.47135746
4263.0 0.47121438
4264.0 0.47107032
4265.0 0.47092528
4266.0 0.47077926
4267.0 0.47063226
4268.0 0.47048428
4269.0 0.4703363
4270.0 0.47018635999999997
4271.0 0.47003642
4272.0 0.46988549999999996
4273.0 0.46973360000000003
4274.0 0.4695817
4275.0 0.46942784
4276.0 0.46927398000000003
4277.0 0.46911914
4278.0 0.46896332
4279.0 0.4688075
4280.0 0.4686507
4281.0 0.46849292
4282.0 0.46833416
4283.0 0.46817442
4284.0 0.46801566
4285.0 0.46785494
4286.0 0.46769324
4287.0 0.46753154
4288.0 0.46736886
4289.0 0.46720618
4290.0 0.46704252
4291.0 0.46687886
4292.0 0.46671324
4293.0 0.4665486
4294.0 0.46638199999999996
4295.0 0.4662154
4296.0 0.4660488
4297.0 0.46588122
4298.0 0.46571266
4299.0 0.46554409999999996
4300.0 0.46537554
4301.0 0.465206
4302.0 0.46503548
4303.0 0.46486594000000003
4304.0 0.46469444
4305.0 0.46452294
4306.0 0.46435144
4307.0 0.46417896000000003
4308.0 0.46400746
4309.0 0.46383399999999997
4310.0 0.46366054
4311.0 0.46348708
4312.0 0.46331264
4313.0 0.46313918
4314.0 0.46296474000000004
4315.0 0.46278932
4316.0 0.46261389999999997
4317.0 0.46243848
4318.0 0.46226305999999995
4319.0 0.46208666000000004
4320.0 0.46191026
4321.0 0.46173386
4322.0 0.46155746
4323.0 0.46138007999999997
4324.0 0.4612027
4325.0 0.46102532
4326.0 0.46084793999999996
4327.0 0.46067056
4328.0 0.46049219999999996
4329.0 0.46031481999999996
4330.0 0.46013646
4331.0 0.4599581
4332.0 0.45977974
4333.0 0.45960137999999995
4334.0 0.45942302
4335.0 0.45924368
4336.0 0.45906532
4337.0 0.45888597999999997
4338.0 0.45870762
4339.0 0.45852828
4340.0 0.45834992
4341.0 0.45817058
4342.0 0.45799123999999997
4343.0 0.4578119
4344.0 0.45763354
4345.0 0.4574542
4346.0 0.45727584
4347.0 0.45709649999999996
4348.0 0.45691814000000003
4349.0 0.45673879999999994
4350.0 0.45656044
4351.0 0.45638110000000004
4352.0 0.45620274
4353.0 0.45602438
4354.0 0.45584601999999996
4355.0 0.45566863999999996
4356.0 0.45549027999999997
4357.0 0.45531192
4358.0 0.45513454
4359.0 0.45495715999999997
4360.0 0.45477977999999997
4361.0 0.4546024
4362.0 0.45442501999999996
4363.0 0.45424862
4364.0 0.45407124000000004
4365.0 0.45389484
4366.0 0.45371844
4367.0 0.45354302
4368.0 0.4533676
4369.0 0.4531912
4370.0 0.45301676
4371.0 0.45284134000000004
4372.0 0.45266592
4373.0 0.45249246
4374.0 0.45231802
4375.0 0.45214358
4376.0 0.45197012
4377.0 0.45179666
4378.0 0.4516232
4379.0 0.45145072
4380.0 0.45127824
4381.0 0.45110674
4382.0 0.45093426000000003
4383.0 0.45076276
4384.0 0.45059224
4385.0 0.45042074
4386.0 0.4502512
4387.0 0.45008068
4388.0 0.44991114
4389.0 0.44974159999999996
4390.0 0.44957206
4391.0 0.4494035
4392.0 0.44923591999999996
4393.0 0.44906735999999997
4394.0 0.44889977999999997
4395.0 0.44873318
4396.0 0.44856658
4397.0 0.44839998
4398.0 0.44823436
4399.0 0.44806873999999997
4400.0 0.44790312
4401.0 0.44773848
4402.0 0.44757384
4403.0 0.44741018
4404.0 0.44724652
4405.0 0.44708384
4406.0 0.44692116
4407.0 0.44675848
4408.0 0.44659677999999997
4409.0 0.44643605999999997
4410.0 0.44627533999999996
4411.0 0.44611461999999996
4412.0 0.44595488
4413.0 0.44579514
4414.0 0.44563638
4415.0 0.44547762
4416.0 0.44531983999999997
4417.0 0.44516206
4418.0 0.44500526
4419.0 0.44484846
4420.0 0.44469166
4421.0 0.44453682
4422.0 0.444381
4423.0 0.44422616
4424.0 0.4440723
4425.0 0.44391843999999997
4426.0 0.44376457999999996
4427.0 0.44361268
4428.0 0.4434598
4429.0 0.4433079
4430.0 0.44315698000000003
4431.0 0.44300606
4432.0 0.44285612
4433.0 0.44270618
4434.0 0.44255722000000003
4435.0 0.44240825999999994
4436.0 0.44225929999999997
4437.0 0.4421123
4438.0 0.4419653
4439.0 0.4418183
4440.0 0.44167228
4441.0 0.44152626
4442.0 0.44138024
4443.0 0.44123618
4444.0 0.44109212
4445.0 0.44094806
4446.0 0.44080498
4447.0 0.44066288
4448.0 0.4405198
4449.0 0.44037867999999997
4450.0 0.44023756
4451.0 0.44009644
4452.0 0.43995629999999997
4453.0 0.43981714
4454.0 0.43967798
4455.0 0.43953980000000004
4456.0 0.43940162
4457.0 0.43926344
4458.0 0.43912624
4459.0 0.43899002
4460.0 0.43885379999999996
4461.0 0.43871856
4462.0 0.43858332
4463.0 0.43844808
4464.0 0.4383148
4465.0 0.43818152
4466.0 0.43804824
4467.0 0.43791496
4468.0 0.43778266
4469.0 0.43765134
4470.0 0.43752001999999995
4471.0 0.43738968
4472.0 0.43725934
4473.0 0.43712998
4474.0 0.43700062
4475.0 0.43687224
4476.0 0.43674386000000004
4477.0 0.43661646
4478.0 0.43648906
4479.0 0.43636263999999997
4480.0 0.43623622
4481.0 0.4361098
4482.0 0.43598533999999994
4483.0 0.4358599
4484.0 0.43573544000000003
4485.0 0.43561196
4486.0 0.43548848
4487.0 0.43536598
4488.0 0.43524348
4489.0 0.43512098
4490.0 0.43499946
4491.0 0.43487891999999995
4492.0 0.43475838
4493.0 0.43463784
4494.0 0.43451828
4495.0 0.4343997
4496.0 0.43428111999999996
4497.0 0.43416254
4498.0 0.43404494
4499.0 0.43392734
4500.0 0.43380973999999994
4501.0 0.4336941
4502.0 0.43357747999999996
4503.0 0.43346184
4504.0 0.43334718
4505.0 0.43323153999999997
4506.0 0.43311785999999997
4507.0 0.43300417999999996
4508.0 0.43289049999999996
4509.0 0.43277681999999995
4510.0 0.4326651
4511.0 0.4325524
4512.0 0.43244067999999997
4513.0 0.43232896
4514.0 0.43221822
4515.0 0.43210748
4516.0 0.43199674
4517.0 0.43188698
4518.0 0.4317782
4519.0 0.43166844
4520.0 0.43155966
4521.0 0.43145186
4522.0 0.43134406000000003
4523.0 0.43123626
4524.0 0.43112846
4525.0 0.43102164
4526.0 0.43091579999999996
4527.0 0.43080898
4528.0 0.43070314000000004
4529.0 0.43059828
4530.0 0.43049341999999996
4531.0 0.43038758
4532.0 0.4302837
4533.0 0.43017884
4534.0 0.43007594
4535.0 0.42997206
4536.0 0.42986818
4537.0 0.42976527999999997
4538.0 0.42966336
4539.0 0.42956046000000003
4540.0 0.42945853999999994
4541.0 0.42935661999999997
4542.0 0.42925568000000003
4543.0 0.42915376
4544.0 0.42905282
4545.0 0.42895286
4546.0 0.42885192
4547.0 0.42875196
4548.0 0.428652
4549.0 0.42855204
4550.0 0.42845306
4551.0 0.4283531
4552.0 0.42825411999999996
4553.0 0.42815514
4554.0 0.42805714
4555.0 0.42795816000000003
4556.0 0.42786016
4557.0 0.42776216
4558.0 0.42766416
4559.0 0.42756713999999996
4560.0 0.42746913999999997
4561.0 0.42737211999999997
4562.0 0.4272751
4563.0 0.42717808
4564.0 0.42708105999999996
4565.0 0.42698502
4566.0 0.426888
4567.0 0.42679195999999997
4568.0 0.42669592
4569.0 0.42659988000000004
4570.0 0.42650383999999997
4571.0 0.4264078
4572.0 0.42631176
4573.0 0.42621572
4574.0 0.42612066
4575.0 0.42602462
4576.0 0.42592956
4577.0 0.42583352
4578.0 0.42573846
4579.0 0.4256434
4580.0 0.42554833999999997
4581.0 0.4254523
4582.0 0.42535723999999997
4583.0 0.42526218
4584.0 0.42516712
4585.0 0.42507206
4586.0 0.424977
4587.0 0.42488194
4588.0 0.42478688
4589.0 0.42469182
4590.0 0.42459675999999996
4591.0 0.42450170000000004
4592.0 0.42440664
4593.0 0.42431060000000004
4594.0 0.42421554
4595.0 0.42412047999999997
4596.0 0.42402444
4597.0 0.42392937999999997
4598.0 0.42383334
4599.0 0.42373827999999997
4600.0 0.42364224
4601.0 0.4235462
4602.0 0.42345015999999996
4603.0 0.42335412
4604.0 0.42325808
4605.0 0.42316106
4606.0 0.42306502
4607.0 0.42296799999999996
4608.0 0.42287098
4609.0 0.42277494
4610.0 0.42267694
4611.0 0.42257991999999994
4612.0 0.4224829
4613.0 0.4223849
4614.0 0.42228689999999997
4615.0 0.4221889
4616.0 0.4220909
4617.0 0.42199191999999996
4618.0 0.42189392
4619.0 0.42179396
4620.0 0.42169498
4621.0 0.421596
4622.0 0.42149603999999996
4623.0 0.42139608
4624.0 0.42129612
4625.0 0.42119517999999995
4626.0 0.42109522
4627.0 0.4209933
4628.0 0.42089235999999997
4629.0 0.42079044
4630.0 0.42068851999999995
4631.0 0.4205866
4632.0 0.42048369999999996
4633.0 0.42038178
4634.0 0.4202779
4635.0 0.420175
4636.0 0.42007112
4637.0 0.41996723999999996
4638.0 0.41986238
4639.0 0.41975752
4640.0 0.41965167999999997
4641.0 0.41954682
4642.0 0.41944
4643.0 0.41933416
4644.0 0.41922734
4645.0 0.41912052
4646.0 0.41901272
4647.0 0.41890492
4648.0 0.41879711999999997
4649.0 0.41868834
4650.0 0.41857956
4651.0 0.4184698
4652.0 0.41836004
4653.0 0.4182493
4654.0 0.41813856
4655.0 0.41802782
4656.0 0.4179161
4657.0 0.41780438000000003
4658.0 0.41769167999999995
4659.0 0.41757898
4660.0 0.4174653
4661.0 0.41735162
4662.0 0.41723696
4663.0 0.4171223
4664.0 0.41700666
4665.0 0.416892
4666.0 0.41677538000000003
4667.0 0.41665875999999996
4668.0 0.41654214
4669.0 0.41642356
