calculator/instruments/lris/plaintext_files/blue_D560_600-4000.txt
# %ECSV 1.0
# ---
# datatype:
# - {name: WAV, unit: Angstrom, datatype: float32}
# - {name: EFF, datatype: float64}
# meta: !!omap
# - {GRISM: 600/4000}
# - {DICHROIC: D560}
# schema: astropy-2.0
WAV EFF
[from data line 1814]
5014.0 0.43006916075886853
5015.0 0.42989420431583125
5016.0 0.4297160424647938
5017.0 0.42953482070524435
5018.0 0.42934741032328094
5019.0 0.4291110812472338
5020.0 0.42887189227366634
5021.0 0.4287000990942889
5022.0 0.4285647729500406
5023.0 0.42841891697731344
5024.0 0.4282339775365197
5025.0 0.42804710219810627
5026.0 0.427829795762666
5027.0 0.4276017316147514
5028.0 0.4273744638545346
5029.0 0.4271522662471858
5030.0 0.4269281602598283
5031.0 0.4267338613802874
5032.0 0.4265441606382148
5033.0 0.4263412005221475
5034.0 0.42612228256739854
5035.0 0.4259014496160784
5036.0 0.42568079546701443
5037.0 0.42545920000722937
5038.0 0.42523195042136014
5039.0 0.42499878080267206
5040.0 0.42476615696422443
5041.0 0.4245371982134912
5042.0 0.4243072994080227
5043.0 0.42409605400314604
5044.0 0.4238929049694726
5045.0 0.4236936013272596
5046.0 0.4235077746602794
5047.0 0.4233209640329046
5048.0 0.42311061721059096
5049.0 0.4228922861445023
5050.0 0.42265599826219324
5051.0 0.4223836298189461
5052.0 0.42211035826170407
5053.0 0.42184872811844054
5054.0 0.42158873095227123
5055.0 0.4213530020409023
5056.0 0.42114836959833385
5057.0 0.42094470447275917
5058.0 0.4207418071496932
5059.0 0.4205379373079892
5060.0 0.4203353758425173
5061.0 0.4201321218032121
5062.0 0.419929365061847
5063.0 0.4197306583223872
5064.0 0.4195309738619862
5065.0 0.41929622588289783
5066.0 0.4190428015661617
5067.0 0.41879284576226783
5068.0 0.41855163130160505
5069.0 0.41830948168041565
5070.0 0.41809365662412384
5071.0 0.41788621946556137
5072.0 0.41767514243343246
5073.0 0.41745985398522706
5074.0 0.417244573469889
5075.0 0.4170421424456584
5076.0 0.4168412929581991
5077.0 0.416637061543386
5078.0 0.41642752108296466
5079.0 0.416217871647204
5080.0 0.41599712756665824
5081.0 0.415777366393114
5082.0 0.41554074222322906
5083.0 0.4152914233115302
5084.0 0.41504784006397355
5085.0 0.4148389199025352
5086.0 0.41463000427277247
5087.0 0.41444343376627957
5088.0 0.4142668994070062
5089.0 0.41408220665096285
5090.0 0.41386966070932685
5091.0 0.4136561571688442
5092.0 0.4134510021529245
5093.0 0.41324658397601594
5094.0 0.4130501335516609
5095.0 0.41286486976800807
5096.0 0.41267959223596146
5097.0 0.4124746072043001
5098.0 0.41226855427601483
5099.0 0.4120619762925833
5100.0 0.41185574972296907
5101.0 0.41164958102417204
5102.0 0.41144677345884445
5103.0 0.4112449410676443
5104.0 0.4110334027774811
5105.0 0.410815818718608
5106.0 0.4106054918798324
5107.0 0.41043365767238466
5108.0 0.41026277219232704
5109.0 0.4100387535733106
5110.0 0.40979188172725034
5111.0 0.4095636202861373
5112.0 0.4093881407093969
5113.0 0.40921361598538836
5114.0 0.4090622888920064
5115.0 0.40891614332518933
5116.0 0.40875385534322384
5117.0 0.40856217598925976
5118.0 0.40837050188234586
5119.0 0.4081686227412901
5120.0 0.40796780709383795
5121.0 0.40777082897039874
5122.0 0.40758098541795723
5123.0 0.4073908761078875
5124.0 0.4071919851661042
5125.0 0.4069950446428189
5126.0 0.40679576553284685
5127.0 0.4065965080317427
5128.0 0.4064017491109354
5129.0 0.40622690940103134
5130.0 0.406053033048297
5131.0 0.4059001458479414
5132.0 0.40575677477204264
5133.0 0.4055801007621241
5134.0 0.40530876861897946
5135.0 0.4050384860464939
5136.0 0.4048325202882819
5137.0 0.4046394949787165
5138.0 0.40448396846772733
5139.0 0.4043889467874663
5140.0 0.40429385569923043
5141.0 0.404129195528426
5142.0 0.40396130534968633
5143.0 0.4037857110778511
5144.0 0.40360408290993377
5145.0 0.403422193088059
5146.0 0.403235219537419
5147.0 0.4030492249267059
5148.0 0.40287409464884844
5149.0 0.4027078105555312
5150.0 0.40253788792237805
5151.0 0.4023488998024288
5152.0 0.40215992522417715
5153.0 0.401990063269438
5154.0 0.40182762261308025
5155.0 0.4016593629609768
5156.0 0.40147616628432
5157.0 0.4012929781845894
5158.0 0.4011058674622891
5159.0 0.4009179638751575
5160.0 0.4007314732523301
5161.0 0.4005471833468508
5162.0 0.4003619352791291
5163.0 0.40017615906525517
5164.0 0.39999133231626627
5165.0 0.39980888507146645
5166.0 0.39962978066776017
5167.0 0.39945072115064745
5168.0 0.3992884212137874
5169.0 0.3991251432318213
5170.0 0.3989388715798148
5171.0 0.398740089058307
5172.0 0.3985447834167505
5173.0 0.39837108309041624
5174.0 0.398197380646538
5175.0 0.39799187178445006
5176.0 0.3977740205357809
5177.0 0.39756417295337515
5178.0 0.39736955206120006
5179.0 0.39717591252610224
5180.0 0.39699412895157055
5181.0 0.3968146073567042
5182.0 0.39662271323803155
5183.0 0.39641276189866254
5184.0 0.3962028370964166
5185.0 0.39599346736585045
5186.0 0.3957831787734059
5187.0 0.39559064255281534
5188.0 0.3954135044249247
5189.0 0.39523457299187775
5190.0 0.3950309256473377
5191.0 0.39482633001315914
5192.0 0.3946214507746858
5193.0 0.39441641303177016
5194.0 0.3942133727968508
5195.0 0.3940219318216909
5196.0 0.39383049545902776
5197.0 0.3936266149491354
5198.0 0.39341871768287257
5199.0 0.3932127031054932
5200.0 0.3930091187424352
5201.0 0.3928065144719048
5202.0 0.39259215520841745
5203.0 0.39237718513769815
5204.0 0.3921564834552989
5205.0 0.39192823348432215
5206.0 0.39170001956518535
5207.0 0.39150489167657815
5208.0 0.3913117842044202
5209.0 0.3911267815429225
5210.0 0.39095066546752477
5211.0 0.39076697193976834
5212.0 0.3905068612456294
5213.0 0.3902458509062902
5214.0 0.3899970612452561
5215.0 0.38975419374408515
5216.0 0.38952170966465466
5217.0 0.38932576023992577
5218.0 0.389129811740946
5219.0 0.3889160980952025
5220.0 0.3886980648970974
5221.0 0.38847315131271265
5222.0 0.38823505637377653
5223.0 0.3879979690542604
5224.0 0.3877700597773818
5225.0 0.38754369136663985
5226.0 0.3873244588102402
5227.0 0.38711466343157797
5228.0 0.38690584694717456
5229.0 0.38668442211009046
5230.0 0.38646387015372535
5231.0 0.3862286426742514
5232.0 0.3859809388099197
5233.0 0.38573708158675235
5234.0 0.38551775831328666
5235.0 0.38530038821531487
5236.0 0.38507476237689797
5237.0 0.38484636556281804
5238.0 0.384619464148472
5239.0 0.38439446200156946
5240.0 0.38417045673642575
5241.0 0.383940348337711
5242.0 0.38370941060772773
5243.0 0.383489580598394
5244.0 0.38328736656795853
5245.0 0.3830870925543936
5246.0 0.3828564407872567
5247.0 0.3826215589508127
5248.0 0.38238935249663086
5249.0 0.3821580850701626
5250.0 0.3819287888444368
5251.0 0.38169796253889887
5252.0 0.3814681460486443
5253.0 0.381236023122696
5254.0 0.38100327054220423
5255.0 0.380771388250291
5256.0 0.3805403201998189
5257.0 0.3803102661077758
5258.0 0.3801038994258146
5259.0 0.37990921536059585
5260.0 0.3797067681662087
5261.0 0.379477965621302
5262.0 0.37925017913388254
5263.0 0.37904390119227516
5264.0 0.3788438575443431
5265.0 0.37863295424407517
5266.0 0.3783991509755079
5267.0 0.37816733235645383
5268.0 0.3779509907799611
5269.0 0.377738119377559
5270.0 0.3775414654791302
5271.0 0.37736417642816233
5272.0 0.3771891650915223
5273.0 0.3769542083066659
5274.0 0.376721240342826
5275.0 0.376494572491854
5276.0 0.3762740988650564
5277.0 0.37606290783909724
5278.0 0.3758951781292995
5279.0 0.37573130823497836
5280.0 0.3755462851839299
5281.0 0.3753547213940599
5282.0 0.3751581532109282
5283.0 0.37494149897882845
5284.0 0.3747277797771604
5285.0 0.374537191620088
5286.0 0.374354570121112
5287.0 0.3741689986852812
5288.0 0.37397723282078726
5289.0 0.3737883856518475
5290.0 0.37359826856261913
5291.0 0.3734106544607126
5292.0 0.3732391217598291
5293.0 0.37308641673540627
5294.0 0.3729361270347247
5295.0 0.3727651348137541
5296.0 0.37259704772315855
5297.0 0.37243314319636955
5298.0 0.37227306563200485
5299.0 0.37211511270675235
5300.0 0.3719553042584767
5301.0 0.3717983925310659
5302.0 0.3716218332848501
5303.0 0.3714375615502455
5304.0 0.37126306367368267
5305.0 0.37110921596657237
5306.0 0.3709582568180218
5307.0 0.37080945885942035
5308.0 0.37066242279087447
5309.0 0.37050726205141615
5310.0 0.37033462311223025
5311.0 0.37016486890145744
5312.0 0.3700116955126986
5313.0 0.36986362333319395
5314.0 0.3697229413025779
5315.0 0.36959200248291446
5316.0 0.369462547629952
5317.0 0.369325583049696
5318.0 0.3691914818662501
5319.0 0.36904526284152633
5320.0 0.3688914948966751
5321.0 0.36874351420648943
5322.0 0.3686203648445908
5323.0 0.3685000659664508
5324.0 0.3683713397895407
5325.0 0.3682399065532574
5326.0 0.36809952884017033
5327.0 0.3679301205458111
5328.0 0.36776260244215775
5329.0 0.36762925111874123
5330.0 0.36750676241731256
5331.0 0.3673906204241412
5332.0 0.3672861299599736
5333.0 0.3671835197154149
5334.0 0.36706673299263975
5335.0 0.3669507353180509
5336.0 0.36682852149417894
5337.0 0.36669975771827396
5338.0 0.36657236481917943
5339.0 0.36643838011271207
5340.0 0.3663053120406676
5341.0 0.36616544093630926
5342.0 0.36602034172932485
5343.0 0.3658737550514902
5344.0 0.36571149751477244
5345.0 0.36555013938031455
5346.0 0.3654117243991507
5347.0 0.3652820521706678
5348.0 0.3651675306090448
5349.0 0.3650881480534135
5350.0 0.36501061036604343
5351.0 0.36487929653613754
5352.0 0.364738456378976
5353.0 0.3645852904159832
5354.0 0.36441087226793006
5355.0 0.3642382612053642
5356.0 0.3641279946679573
5357.0 0.36402190046089483
5358.0 0.36391976661689557
5359.0 0.36381964156635666
5360.0 0.3637180611273345
5361.0 0.3635651333944174
5362.0 0.3634130716408815
5363.0 0.363252273318965
5364.0 0.36308551871941624
5365.0 0.36293093550655803
5366.0 0.36282266568876476
5367.0 0.36271619897212487
5368.0 0.36258897909002447
5369.0 0.36245403933646775
5370.0 0.36229859037260237
5371.0 0.3620907369938756
5372.0 0.36188279100792214
5373.0 0.3617249396994784
5374.0 0.36157570632291086
5375.0 0.3614210769794089
5376.0 0.36125871193376613
5377.0 0.36109719187012496
5378.0 0.3609248990999412
5379.0 0.36075303953779025
5380.0 0.3605954341857938
5381.0 0.3604527607852308
5382.0 0.36031068846511427
5383.0 0.3601878028033531
5384.0 0.3600639318858829
5385.0 0.35990191252522574
5386.0 0.35971598495363627
5387.0 0.359528417769055
5388.0 0.3593341404185578
5389.0 0.3591388575859628
5390.0 0.35897551259741367
5391.0 0.35882154580661046
5392.0 0.35866581281166043
5393.0 0.3585060555524299
5394.0 0.35834622276607064
5395.0 0.35817469793311113
5396.0 0.3580002898253692
5397.0 0.3578178740884733
5398.0 0.35762442576294556
5399.0 0.35742998165803425
5400.0 0.35722734953795277
5401.0 0.3570244451059893
5402.0 0.35683108362231614
5403.0 0.3566469867518319
5404.0 0.35646649782715617
5405.0 0.35632322976244707
5406.0 0.35617989479240225
5407.0 0.3560033549885458
5408.0 0.3558088908698257
5409.0 0.3556141725611581
5410.0 0.3554232119509736
5411.0 0.3552321687885569
5412.0 0.35506080339080376
5413.0 0.3548965050374935
5414.0 0.3547238345052966
5415.0 0.3545362698038129
5416.0 0.354348622251904
5417.0 0.3541541886404794
5418.0 0.353959566935721
5419.0 0.3537893389151985
5420.0 0.3536523865073305
5421.0 0.3535153657345272
5422.0 0.35338997386827853
5423.0 0.35326462552955284
5424.0 0.3530962237425751
5425.0 0.35289272366048097
5426.0 0.35268789729393263
5427.0 0.35246384939155995
5428.0 0.3522405890387608
5429.0 0.35206664624248485
5430.0 0.35191940294454543
5431.0 0.3517718739663999
5432.0 0.35162532394576834
5433.0 0.3514786885553683
5434.0 0.3513632590500476
5435.0 0.35125834934001604
5436.0 0.3511363404930421
5437.0 0.3509814531707936
5438.0 0.35082824324061723
5439.0 0.3506521828934335
5440.0 0.350473975160164
5441.0 0.350348578062596
5442.0 0.3502899776263417
5443.0 0.3502330819772857
5444.0 0.3501146415951486
5445.0 0.3499987558394334
5446.0 0.34984214898850363
5447.0 0.3496545667110416
5448.0 0.34947932642212803
5449.0 0.3493843391642476
5450.0 0.34929101453389627
5451.0 0.34923214378082784
5452.0 0.3491919854359753
5453.0 0.34912881478167157
5454.0 0.34898461441958495
5455.0 0.3488420273466904
5456.0 0.34871987562489787
5457.0 0.3486052246548396
5458.0 0.3484965618227272
5459.0 0.34839800424892126
5460.0 0.3483019401725028
5461.0 0.3482362409571936
5462.0 0.3481743932632889
5463.0 0.34812517651278524
5464.0 0.34809035935886523
5465.0 0.3480567316196307
5466.0 0.3479812909391977
5467.0 0.3479074486326784
5468.0 0.3478281670362566
5469.0 0.34774603524625264
5470.0 0.3476690402593008
5471.0 0.34761161107673555
5472.0 0.3475557695040658
5473.0 0.34750764278468727
5474.0 0.34746433478685984
5475.0 0.3474137833580166
5476.0 0.3473377100018145
5477.0 0.34726231410806885
5478.0 0.347211877760195
5479.0 0.34716755424958096
5480.0 0.3471309426905512
5481.0 0.34710288593590993
5482.0 0.3470772579795006
5483.0 0.3470662880702383
5484.0 0.3470581835834566
5485.0 0.34702847683634463
5486.0 0.3469731961650992
5487.0 0.34692160840532216
5488.0 0.34691329734484005
5489.0 0.3469073973703137
5490.0 0.34692453044191546
5491.0 0.3469587959943658
5492.0 0.3469862461586061
5493.0 0.3469645361189709
5494.0 0.3469434769080522
5495.0 0.34689981452752394
5496.0 0.3468481517405721
5497.0 0.3468058503848568
5498.0 0.34679080974127574
5499.0 0.34677640633963364
5500.0 0.3467650497931111
5501.0 0.3467544900560492
5502.0 0.34675529455054355
5503.0 0.346772106795446
5504.0 0.3467904280109067
5505.0 0.3467945708621587
5506.0 0.3467980980410884
5507.0 0.3467904624007659
5508.0 0.3467705846201853
5509.0 0.3467509039370236
5510.0 0.34670273444579425
5511.0 0.34665596433591706
5512.0 0.3466164452605894
5513.0 0.3465822311697263
5514.0 0.3465493648118358
5515.0 0.3465175977965784
5516.0 0.34648722326996717
5517.0 0.3464737401716763
5518.0 0.346468844686841
5519.0 0.3464593563592893
5520.0 0.34643816664399274
5521.0 0.346418354012395
5522.0 0.3464134293104842
5523.0 0.34641350599695997
5524.0 0.34639353127123235
5525.0 0.3463429744238269
5526.0 0.34629288153774024
5527.0 0.3462783346103157
5528.0 0.34626810509613215
5529.0 0.3462387671318989
5530.0 0.34619027454207996
5531.0 0.3461415043704501
5532.0 0.34604933899332835
5533.0 0.34595837107896593
5534.0 0.3459296367176632
5535.0 0.3459415306151731
5536.0 0.34594683785817343
5537.0 0.34591480336435615
5538.0 0.3458856846633321
5539.0 0.34581279598778336
5540.0 0.3457235592831537
5541.0 0.3456472874626245
5542.0 0.345600459179303
5543.0 0.34555564753668555
5544.0 0.34549890437225955
5545.0 0.34544164592422427
5546.0 0.3453643406828591
5547.0 0.34525757445032007
5548.0 0.34515269124530534
5549.0 0.34512924856719923
5550.0 0.3451112599735105
5551.0 0.3450745713323826
5552.0 0.345019882569461
5553.0 0.3449574062716144
5554.0 0.34478779115718405
5555.0 0.3446182757667984
5556.0 0.344440315626272
5557.0 0.34425606628737415
5558.0 0.3440896885350625
5559.0 0.34400291351470136
5560.0 0.3439147422325851
5561.0 0.3437615061959824
5562.0 0.34358357667962613
5563.0 0.3433962423106695
5564.0 0.3431892443554141
5565.0 0.3429798874208083
5566.0 0.3427995859062719
5567.0 0.3426210650283389
5568.0 0.34242366420306536
5569.0 0.34220041651525934
5570.0 0.34197244138005706
5571.0 0.34176503237129413
5572.0 0.34155371942668444
5573.0 0.3413170191299641
5574.0 0.3410557585594076
5575.0 0.34078504541736204
5576.0 0.3404446498357556
5577.0 0.3401011200474951
5578.0 0.33976440728614726
5579.0 0.3394310928083975
5580.0 0.33909517708539955
5581.0 0.3387623776455303
5582.0 0.33842732813438564
5583.0 0.338069957671674
5584.0 0.33770545852056216
5585.0 0.33730462472009665
5586.0 0.3368233161383706
5587.0 0.3363466110915034
5588.0 0.33583730483906993
5589.0 0.33533005908660296
5590.0 0.33488461897089006
5591.0 0.3345217830800367
5592.0 0.3341765721405773
5593.0 0.3337959113177135
5594.0 0.3334391161227243
5595.0 0.3330493766072657
5596.0 0.33264091778644034
5597.0 0.33228226524428106
5598.0 0.33206642189830216
5599.0 0.3319034918400522
5600.0 0.3317914406184591
