calculator/instruments/lris/plaintext_files/blue_D500_300-5000.txt
# %ECSV 1.0
# ---
# datatype:
# - {name: WAV, unit: Angstrom, datatype: float32}
# - {name: EFF, datatype: float64}
# meta: !!omap
# - {GRISM: 300/5000}
# - {DICHROIC: D500}
# schema: astropy-2.0
WAV EFF
[from data line 600]
4100.0 0.3367109782564694
4101.0 0.3372410176984097
4102.0 0.33776910127525056
4103.0 0.33829522898699194
4104.0 0.338819400833634
4105.0 0.33934259474772627
4106.0 0.3398628548641695
4107.0 0.34038115911551325
4108.0 0.3408975075017577
4109.0 0.3414119000229026
4110.0 0.3419253146114979
4111.0 0.34243579540244407
4112.0 0.3429443203282908
4113.0 0.3434508893890381
4114.0 0.34395550258468605
4115.0 0.34445815991523454
4116.0 0.3449588613806836
4117.0 0.3454576069810333
4118.0 0.3459543967162836
4119.0 0.34644923058643445
4120.0 0.34694113065893617
4121.0 0.3474320527988882
4122.0 0.34792101907374084
4123.0 0.34840705155094437
4124.0 0.3488911281630485
4125.0 0.3493742268426029
4126.0 0.34985439172450816
4127.0 0.35033260074131406
4128.0 0.3508088538930205
4129.0 0.35128315117962755
4130.0 0.3517554926011352
4131.0 0.35222490022499375
4132.0 0.35269332991630253
4133.0 0.35315980374251194
4134.0 0.35362334377107224
4135.0 0.35408590586708283
4136.0 0.3545455341654443
4137.0 0.3550032065987064
4138.0 0.35545892316686906
4139.0 0.35591268386993224
4140.0 0.3563644887078961
4141.0 0.35681433768076054
4142.0 0.3572612528559758
4143.0 0.35770719009864144
4144.0 0.3581501935436579
4145.0 0.3585922190561247
4146.0 0.35903131077094236
4147.0 0.35946844662066063
4148.0 0.3599046045378292
4149.0 0.3603378286573486
4150.0 0.3607690969117686
4151.0 0.3611984093010892
4152.0 0.3616257658253104
4153.0 0.3620501885518825
4154.0 0.3624736333459049
4155.0 0.3628951222748279
4156.0 0.36331465533865137
4157.0 0.3637322325373756
4158.0 0.3641468759384506
4159.0 0.3645605414069759
4160.0 0.3649722510104018
4161.0 0.3653810268161786
4162.0 0.36578882468940577
4163.0 0.3661946666975334
4164.0 0.366597574908012
4165.0 0.3669995051859408
4166.0 0.36739947959877034
4167.0 0.36779749814650037
4168.0 0.36819356082913096
4169.0 0.3685876676466622
4170.0 0.36897981859909396
4171.0 0.3693700136864264
4172.0 0.3697582529086594
4173.0 0.37014453626579297
4174.0 0.37052984169037684
4175.0 0.3709122133173116
4176.0 0.37129262907914695
4177.0 0.3716720669084326
4178.0 0.3720485709400691
4179.0 0.37242409703915597
4180.0 0.37279766727314334
4181.0 0.3731683037094817
4182.0 0.3735389401458199
4183.0 0.3739056648519594
4184.0 0.37427141162554917
4185.0 0.37463520253403954
4186.0 0.3749980155099802
4187.0 0.37535789468827174
4188.0 0.3757158180014638
4189.0 0.37607276338210627
4190.0 0.3764267749650996
4191.0 0.3767798086155432
4192.0 0.3771308864008874
4193.0 0.37748000832113215
4194.0 0.3778271743762775
4195.0 0.37817238456632346
4196.0 0.37851563889127
4197.0 0.37885693735111714
4198.0 0.3791972578784146
4199.0 0.3795356225406126
4200.0 0.37987203133771125
4201.0 0.3802055063371607
4202.0 0.38053898133661024
4203.0 0.38086952253841055
4204.0 0.38119908580766126
4205.0 0.3815257152792628
4206.0 0.38185136681831466
4207.0 0.3821750624922671
4208.0 0.38249680230112015
4209.0 0.3828175641774235
4210.0 0.3831363701886274
4211.0 0.3834532203347319
4212.0 0.383768114615737
4213.0 0.38408105303164264
4214.0 0.38439301351499866
4215.0 0.38470301813325525
4216.0 0.3850110668864124
4217.0 0.38531813770701984
4218.0 0.38562325266252784
4219.0 0.3859264117529365
4220.0 0.3862276149782457
4221.0 0.38652784027100523
4222.0 0.3868261096986653
4223.0 0.38712242326122603
4224.0 0.38741775889123703
4225.0 0.3877111386561486
4226.0 0.38800354048851043
4227.0 0.38829398645577295
4228.0 0.388582476557936
4229.0 0.38886998872754935
4230.0 0.3891555450320633
4231.0 0.3894391454714778
4232.0 0.3897217679783426
4233.0 0.39000341255265775
4234.0 0.39028212332932377
4235.0 0.39056083410598974
4236.0 0.39083758901755633
4237.0 0.39111238806402354
4238.0 0.39138620917794104
4239.0 0.3916580744267591
4240.0 0.3919289617430274
4241.0 0.3921978931941964
4242.0 0.3924658467128156
4243.0 0.3927328222988851
4244.0 0.39299784201985527
4245.0 0.393260905875726
4246.0 0.3935239697315967
4247.0 0.393785077722368
4248.0 0.39404422984803994
4249.0 0.39430240404116207
4250.0 0.3945596003017346
4251.0 0.39481581862975734
4252.0 0.3950700810926807
4253.0 0.39532336562305437
4254.0 0.39557469428832864
4255.0 0.3958260229536029
4256.0 0.39607539575377776
4257.0 0.3963237906214028
4258.0 0.3965702296239286
4259.0 0.3968166686264543
4260.0 0.3970611517638806
4261.0 0.3973046569687573
4262.0 0.39754718424108415
4263.0 0.39778775564831165
4264.0 0.39802832705553914
4265.0 0.3982669425976672
4266.0 0.3985045802072456
4267.0 0.3987412398842743
4268.0 0.3989778995613029
4269.0 0.39921162544068256
4270.0 0.3994453513200621
4271.0 0.3996780992668919
4272.0 0.39990986928117206
4273.0 0.4001406613629025
4274.0 0.40036949757953355
4275.0 0.40059833379616455
4276.0 0.40082521414769623
4277.0 0.40105209449922785
4278.0 0.40127799691820976
4279.0 0.40150292140464194
4280.0 0.4017268679585244
4281.0 0.4019498365798572
4282.0 0.4021718272686403
4283.0 0.4023928400248737
4284.0 0.4026128748485574
4285.0 0.40283290967224106
4286.0 0.4030509886308254
4287.0 0.4032690675894096
4288.0 0.4034861686154442
4289.0 0.4037022917089291
4290.0 0.40391743686986425
4291.0 0.40413160409824966
4292.0 0.40434577132663513
4293.0 0.4045589606224709
4294.0 0.4047721499183066
4295.0 0.40498338334904294
4296.0 0.4051946167797793
4297.0 0.40540487227796596
4298.0 0.4056151277761526
4299.0 0.40582342740923977
4300.0 0.40603172704232704
4301.0 0.40624002667541426
4302.0 0.40644734837595176
4303.0 0.40665369214393954
4304.0 0.4068600359119274
4305.0 0.40706540174736544
4306.0 0.4072707675828036
4307.0 0.40747515548569196
4308.0 0.4076785654560307
4309.0 0.4078819754263694
4310.0 0.4080853853967081
4311.0 0.40828781743449705
4312.0 0.40848927153973635
4313.0 0.4086907256449756
4314.0 0.4088921797502149
4315.0 0.40909265592290445
4316.0 0.40929313209559404
4317.0 0.40949263033573396
4318.0 0.40969212857587384
4319.0 0.40989162681601365
4320.0 0.41009014712360387
4321.0 0.410288667431194
4322.0 0.41048620980623446
4323.0 0.41068473011382467
4324.0 0.41088227248886516
4325.0 0.41107883693135583
4326.0 0.4112763793063964
4327.0 0.4114729437488871
4328.0 0.4116695081913779
4329.0 0.41186509470131893
4330.0 0.41206165914380966
4331.0 0.4122572456537507
4332.0 0.4124528321636918
4333.0 0.41264841867363283
4334.0 0.4128430272510242
4335.0 0.41303861376096523
4336.0 0.4132332223383566
4337.0 0.4134278309157479
4338.0 0.413623417425689
4339.0 0.4138180260030803
4340.0 0.41401165664792194
4341.0 0.41420626522531334
4342.0 0.4144008738027047
4343.0 0.414595482380096
4344.0 0.41479009095748737
4345.0 0.414983721602329
4346.0 0.41517833017972033
4347.0 0.4153729387571117
4348.0 0.4155665694019533
4349.0 0.41576117797934464
4350.0 0.41595578655673604
4351.0 0.4161503951341274
4352.0 0.4163450037115187
4353.0 0.41653961228891007
4354.0 0.4167342208663014
4355.0 0.4169288294436928
4356.0 0.41712343802108415
4357.0 0.41731902453102515
4358.0 0.4175136331084165
4359.0 0.41770921961835755
4360.0 0.4179048061282986
4361.0 0.41810039263823967
4362.0 0.4182959791481807
4363.0 0.4184915656581218
4364.0 0.41868813010061257
4365.0 0.4188846945431033
4366.0 0.419081258985594
4367.0 0.4192778234280848
4368.0 0.41947438787057556
4369.0 0.41967193024561605
4370.0 0.4198694726206565
4371.0 0.42006701499569693
4372.0 0.4202655353032871
4373.0 0.4204640556108773
4374.0 0.42066257591846745
4375.0 0.4208620741586073
4376.0 0.4210615723987472
4377.0 0.42126107063888707
4378.0 0.42146154681157666
4379.0 0.4216620229842662
4380.0 0.4218624991569558
4381.0 0.4220629753296454
4382.0 0.4222644294348847
4383.0 0.42246686147267365
4384.0 0.4226692935104627
4385.0 0.42287172554825164
4386.0 0.42307513551859033
4387.0 0.423278545488929
4388.0 0.4234819554592677
4389.0 0.4236863433621561
4390.0 0.4238917091975942
4391.0 0.42409707503303234
4392.0 0.42430244086847047
4393.0 0.42450878463645825
4394.0 0.42471512840444603
4395.0 0.4249224501049836
4396.0 0.4251307497380708
4397.0 0.425339049371158
4398.0 0.42554734900424523
4399.0 0.42575662656988217
4400.0 0.4259659041355191
4401.0 0.4261761596337057
4402.0 0.42638739306444207
4403.0 0.4265986264951784
4404.0 0.42681083785846446
4405.0 0.4270230492217505
4406.0 0.42723623851758624
4407.0 0.427449427813422
4408.0 0.4276635950418074
4409.0 0.42787776227019286
4410.0 0.4280938853636777
4411.0 0.4283090305246129
4412.0 0.42852613155064745
4413.0 0.428743232576682
4414.0 0.42896033360271657
4415.0 0.42917939049385057
4416.0 0.42939746945243484
4417.0 0.42961750427611856
4418.0 0.42983753909980227
4419.0 0.43005855185603564
4420.0 0.430279564612269
4421.0 0.4305015553010521
4422.0 0.4307245239223849
4423.0 0.4309474925437177
4424.0 0.4311714390976002
4425.0 0.43139636358403244
4426.0 0.4316212880704646
4427.0 0.43184719048944653
4428.0 0.43207407084097815
4429.0 0.4323019291250595
4430.0 0.43252978740914083
4431.0 0.43275862362577183
4432.0 0.4329874598424029
4433.0 0.43321727399158366
4434.0 0.43344806607331404
4435.0 0.43367983608759425
4436.0 0.43391160610187435
4437.0 0.43414435404870416
4438.0 0.4343780799280838
4439.0 0.43461180580746334
4440.0 0.43484650961939264
4441.0 0.43508219136387155
4442.0 0.43531885104090023
4443.0 0.4355555107179289
4444.0 0.43579314832750726
4445.0 0.4360317638696354
4446.0 0.43627037941176344
4447.0 0.43651095081899094
4448.0 0.43675152222621844
4449.0 0.43699209363344593
4450.0 0.43723462090577286
4451.0 0.43747714817809974
4452.0 0.43772065338297633
4453.0 0.437964158587853
4454.0 0.438209619657829
4455.0 0.438455080727805
4456.0 0.438700541797781
4457.0 0.43894795873285647
4458.0 0.4391953756679319
4459.0 0.439443770535557
4460.0 0.43969314333573184
4461.0 0.43994349406845645
4462.0 0.44019384480118096
4463.0 0.44044517346645523
4464.0 0.4406965021317295
4465.0 0.44094978666210316
4466.0 0.44120307119247676
4467.0 0.4414573336554002
4468.0 0.44171159611832356
4469.0 0.4419678144463463
4470.0 0.4422240327743691
4471.0 0.44248025110239186
4472.0 0.4427374473629644
4473.0 0.44299562155608657
4474.0 0.4432547736817585
4475.0 0.4435139258074303
4476.0 0.44377405586565194
4477.0 0.44403418592387356
4478.0 0.44429529391464484
4479.0 0.4445564019054161
4480.0 0.4448184878287371
4481.0 0.4450815516846079
4482.0 0.4453446155404786
4483.0 0.44560767939634927
4484.0 0.4458717211847697
4485.0 0.44613674090573985
4486.0 0.44640176062671
4487.0 0.4466667803476801
4488.0 0.4469327780011999
4489.0 0.4471997535872695
4490.0 0.4474657512407893
4491.0 0.44773370475940855
4492.0 0.4480006803454781
4493.0 0.4482686338640973
4494.0 0.44853658738271657
4495.0 0.4488055188338855
4496.0 0.4490744502850545
4497.0 0.4493433817362234
4498.0 0.449613291119942
4499.0 0.449882222571111
4500.0 0.45015213195482967
4501.0 0.4506694308867898
4502.0 0.45118604720328875
4503.0 0.451674278582564
4504.0 0.4521394525959104
4505.0 0.4526028658047045
4506.0 0.453050369970188
4507.0 0.45349906621775077
4508.0 0.4541627005422014
4509.0 0.45493409498791004
4510.0 0.45567896842532385
4511.0 0.4563335612192874
4512.0 0.45698861123136475
4513.0 0.4575225553160314
4514.0 0.45802250333882166
4515.0 0.4585641616421483
4516.0 0.4591866301884811
4517.0 0.459809515067326
4518.0 0.46052168131103544
4519.0 0.4612442498649063
4520.0 0.4619604800133066
4521.0 0.46266817092906976
4522.0 0.4633773534602198
4523.0 0.4640844240560049
4524.0 0.464793002653817
4525.0 0.46541704184535415
4526.0 0.465978044524871
4527.0 0.4665493764781761
4528.0 0.46718796356612724
4529.0 0.4678259806237249
4530.0 0.46846692331458145
4531.0 0.46910947262150765
4532.0 0.4696749376388398
4533.0 0.46999413049912736
4534.0 0.4703133747969428
4535.0 0.4706734919956502
4536.0 0.4710429181218455
4537.0 0.4713670251936034
4538.0 0.47160576970164947
4539.0 0.4718444739401934
4540.0 0.4720657626079752
4541.0 0.4722842700995864
4542.0 0.4724894249535443
4543.0 0.4726785055218135
4544.0 0.4728655661190679
4545.0 0.47298923390322234
4546.0 0.4731127342691874
4547.0 0.4732578986230702
4548.0 0.47341846481665434
4549.0 0.47355466020561426
4550.0 0.4735406640119056
4551.0 0.4735263514624522
4552.0 0.47341806460214886
4553.0 0.47326862828294575
4554.0 0.4730899462309183
4555.0 0.4728273623948494
4556.0 0.47256320149120745
4557.0 0.47235908979173113
4558.0 0.4721667104601238
4559.0 0.4720597690697776
4560.0 0.472096844471834
4561.0 0.4721346711866179
4562.0 0.47209885779093264
4563.0 0.4720555269498553
4564.0 0.4719298991288164
4565.0 0.47171608072106336
4566.0 0.4714982566118904
4567.0 0.47124309900601724
4568.0 0.47098543711379687
4569.0 0.4707730059894496
4570.0 0.4705896334924676
4571.0 0.4704309369998793
4572.0 0.4704254030103612
4573.0 0.47041862966603915
4574.0 0.4704392720766712
4575.0 0.4704717984916239
4576.0 0.4704639976731813
4577.0 0.47034910289929666
4578.0 0.4702328721332301
4579.0 0.4702339099825786
4580.0 0.4702609752649406
4581.0 0.4703118406562265
4582.0 0.4704023320367899
4583.0 0.4704917066574534
4584.0 0.47041969499983
4585.0 0.4703361766007667
4586.0 0.47029386561625997
4587.0 0.47029456074015985
4588.0 0.47029644190998976
4589.0 0.47034234561719895
4590.0 0.4703871052317962
4591.0 0.470451472484481
4592.0 0.4705279905579416
4593.0 0.4706086982838767
4594.0 0.4707084698542937
4595.0 0.4708071581969554
4596.0 0.47089483458727355
4597.0 0.47097755683542675
4598.0 0.47106525821976886
4599.0 0.4711640303770443
4600.0 0.471261727126513
4601.0 0.4714336818900664
4602.0 0.4716189860453086
4603.0 0.47178539144823667
4604.0 0.47192028337263336
4605.0 0.4720541396942682
4606.0 0.4721761037547867
4607.0 0.47229543160422316
4608.0 0.4724629230736411
4609.0 0.47267481286860324
4610.0 0.4728841339742208
4611.0 0.47305117168194755
4612.0 0.4732181782284647
4613.0 0.4733318059368346
4614.0 0.47341383508673013
4615.0 0.47349893548402616
4616.0 0.47360087184618266
4617.0 0.47370272754152903
4618.0 0.4738269209328227
4619.0 0.4739583067104337
4620.0 0.47410226997675714
4621.0 0.47427852906214846
4622.0 0.4744538069854605
4623.0 0.4746027535158152
4624.0 0.47474622327157473
4625.0 0.4749069542021901
4626.0 0.4750906329777974
4627.0 0.4752733410756096
4628.0 0.4754195303162853
4629.0 0.4755631981060495
4630.0 0.475700264377842
4631.0 0.4758330125226143
4632.0 0.4759637839571198
4633.0 0.47608238913502926
4634.0 0.47619997893068966
4635.0 0.47637588988288293
4636.0 0.47658569263142403
4637.0 0.47679657592003066
4638.0 0.4770100647111446
4639.0 0.47722357961946993
4640.0 0.4773993095054638
4641.0 0.47756178595291104
4642.0 0.4777068768804392
4643.0 0.4778144422501935
4644.0 0.4779209931956049
4645.0 0.47802289301700357
4646.0 0.47812206117404576
4647.0 0.47825374034619095
4648.0 0.4784294101863985
4649.0 0.478605083512269
4650.0 0.4787654291687895
4651.0 0.4789254952262327
4652.0 0.47909234333427114
4653.0 0.47926789003099324
4654.0 0.47942904731609165
4655.0 0.4794631586163364
4656.0 0.4794971798585977
4657.0 0.4796716112409789
4658.0 0.47992128435228204
4659.0 0.4801574575801425
4660.0 0.48034328768663276
4661.0 0.4805281690211285
4662.0 0.480615922512331
4663.0 0.48067228088902436
4664.0 0.4807605135740371
4665.0 0.48091563505006946
4666.0 0.48106979023655755
4667.0 0.4812403113315823
4668.0 0.4814121094971101
4669.0 0.481545768367422
4670.0 0.4816291414772891
4671.0 0.48171246915709565
4672.0 0.48184886630492185
4673.0 0.481985799135529
4674.0 0.48212969258263794
4675.0 0.4822791110470894
4676.0 0.48243065146229086
4677.0 0.482599378442306
4678.0 0.4827690814037656
4679.0 0.48291993635193237
4680.0 0.48306060617817537
4681.0 0.4832039214830705
4682.0 0.483361016357681
4683.0 0.4835161884705082
4684.0 0.48362152824493354
4685.0 0.4837109881597866
4686.0 0.48379648724757407
4687.0 0.48387397467545834
4688.0 0.48394949428776435
4689.0 0.4840458374620663
4690.0 0.48414268570910224
4691.0 0.4842793465482105
4692.0 0.4844625696097347
4693.0 0.4846448531932884
4694.0 0.4847109365978171
4695.0 0.48477601275753746
4696.0 0.48488093199737736
4697.0 0.48501717934174726
4698.0 0.48515342264087463
4699.0 0.48529671703727434
4700.0 0.485439050498584
4701.0 0.4855186976191081
4702.0 0.48556742581318885
4703.0 0.4856413523167515
4704.0 0.4858030215384518
4705.0 0.4859647043702974
