calculator/instruments/lris/plaintext_files/blue_D560_300-5000.txt
# %ECSV 1.0
# ---
# datatype:
# - {name: WAV, unit: Angstrom, datatype: float32}
# - {name: EFF, datatype: float64}
# meta: !!omap
# - {GRISM: 300/5000}
# - {DICHROIC: D560}
# schema: astropy-2.0
WAV EFF
[from data line 600]
4100.0 0.33945058694434216
4101.0 0.3399849389889412
4102.0 0.34051731925477785
4103.0 0.3410477277418521
4104.0 0.34157616445016403
4105.0 0.3421036152690947
4106.0 0.34262810841988195
4107.0 0.3431506297919068
4108.0 0.3436711793851693
4109.0 0.3441897571996694
4110.0 0.34470734912478834
4111.0 0.34522198338176374
4112.0 0.3457346458599768
4113.0 0.3462453365594275
4114.0 0.34675405548011584
4115.0 0.34726080262204184
4116.0 0.3477655779852054
4117.0 0.3482683815696067
4118.0 0.34876921337524563
4119.0 0.3492680734021222
4120.0 0.34976397576085516
4121.0 0.350258892230207
4122.0 0.3507518369207965
4123.0 0.35124182394324244
4124.0 0.351729839186926
4125.0 0.3522168685412284
4126.0 0.35270094022738724
4127.0 0.35318304013478374
4128.0 0.3536631682634179
4129.0 0.3541413246132897
4130.0 0.3546175091843991
4131.0 0.3550907360873651
4132.0 0.3555629771009497
4133.0 0.3560332463357721
4134.0 0.35650055790245094
4135.0 0.3569668835797486
4136.0 0.3574302515889026
4137.0 0.35789164781929445
4138.0 0.35835107227092383
4139.0 0.35880852494379084
4140.0 0.35926400583789553
4141.0 0.35971751495323784
4142.0 0.36016806640043664
4143.0 0.36061763195825425
4144.0 0.3610642398479283
4145.0 0.36150986184822115
4146.0 0.3619525261803705
4147.0 0.3623932187337575
4148.0 0.36283292539776335
4149.0 0.36326967439362556
4150.0 0.3637044516107255
4151.0 0.364137257049063
4152.0 0.36456809070863827
4153.0 0.3649959667000699
4154.0 0.3654228568021204
4155.0 0.36584777512540856
4156.0 0.3662707216699343
4157.0 0.3666916964356977
4158.0 0.36710971353331756
4159.0 0.3675267447415563
4160.0 0.3679418041710326
4161.0 0.36835390593236544
4162.0 0.36876502180431703
4163.0 0.3691741658975063
4164.0 0.369580352322552
4165.0 0.36998555285821655
4166.0 0.3703887816151188
4167.0 0.3707900385932586
4168.0 0.3711893237926361
4169.0 0.3715866372132512
4170.0 0.3719819788551039
4171.0 0.37237534871819433
4172.0 0.37276674680252236
4173.0 0.373156173108088
4174.0 0.37354461352427254
4175.0 0.37393009627231355
4176.0 0.37431360724159213
4177.0 0.3746961323214896
4178.0 0.37507569973324345
4179.0 0.3754542812556162
4180.0 0.37583089099922656
4181.0 0.37620454307469336
4182.0 0.37657819515016017
4183.0 0.37694790366810227
4184.0 0.3773166262966632
4185.0 0.3776833771464618
4186.0 0.3780491421068792
4187.0 0.378411949399153
4188.0 0.37877278491266453
4189.0 0.3791326345367948
4190.0 0.3794895264927816
4191.0 0.37984543255938724
4192.0 0.3801993668472305
4193.0 0.38055132935631136
4194.0 0.38090132008662986
4195.0 0.38124933903818603
4196.0 0.3815953862109798
4197.0 0.3819394616050113
4198.0 0.3822825511096616
4199.0 0.3826236688355495
4200.0 0.3829628147826751
4201.0 0.38329900306165704
4202.0 0.3836351913406391
4203.0 0.38396842195147757
4204.0 0.3843006666729349
4205.0 0.38462995372624864
4206.0 0.3849582548901812
4207.0 0.3852845842753515
4208.0 0.3856089418817593
4209.0 0.38593231359878605
4210.0 0.3862537135370504
4211.0 0.3865731416965524
4212.0 0.386890598077292
4213.0 0.3872060826792692
4214.0 0.38752058139186535
4215.0 0.38783310832569906
4216.0 0.38814366348077045
4217.0 0.3884532327464606
4218.0 0.3887608302333884
4219.0 0.3890664559415539
4220.0 0.389370109870957
4221.0 0.389672777910979
4222.0 0.38997347417223854
4223.0 0.3902721986547358
4224.0 0.39056993724785183
4225.0 0.3908657040622055
4226.0 0.391160484987178
4227.0 0.39145329413338814
4228.0 0.3917441315008359
4229.0 0.3920339829789026
4230.0 0.3923218626782068
4231.0 0.3926077705987487
4232.0 0.3928926926299094
4233.0 0.39317662877168896
4234.0 0.39345760724532497
4235.0 0.393738585718961
4236.0 0.39401759241383455
4237.0 0.3942946273299459
4238.0 0.394570676356676
4239.0 0.3948447536046438
4240.0 0.39511784496323027
4241.0 0.3953889645430545
4242.0 0.39565909823349754
4243.0 0.3959282460345594
4244.0 0.39619542205685887
4245.0 0.396460626300396
4246.0 0.3967258305439331
4247.0 0.39698906300870795
4248.0 0.39725032369472035
4249.0 0.3975105984913516
4250.0 0.3977698873986017
4251.0 0.39802819041647053
4252.0 0.39828452165557704
4253.0 0.3985398670053024
4254.0 0.3987932405762654
4255.0 0.3990466141472284
4256.0 0.39929801593942904
4257.0 0.3995484318422485
4258.0 0.3997968759663056
4259.0 0.40004532009036264
4260.0 0.40029179243565743
4261.0 0.400537278891571
4262.0 0.40078177945810334
4263.0 0.4010243082458734
4264.0 0.40126683703364335
4265.0 0.40150739404265107
4266.0 0.40174696516227754
4267.0 0.4019855503925229
4268.0 0.40222413562276815
4269.0 0.4024597631848699
4270.0 0.4026953907469717
4271.0 0.4029300324196923
4272.0 0.4031636882030317
4273.0 0.40339635809698987
4274.0 0.40362705621218575
4275.0 0.4038577543273817
4276.0 0.4040864806638152
4277.0 0.4043152070002487
4278.0 0.404542947447301
4279.0 0.4047697020049722
4280.0 0.40499547067326214
4281.0 0.40522025345217094
4282.0 0.40544405034169856
4283.0 0.405666861341845
4284.0 0.4058886864526103
4285.0 0.4061105115633755
4286.0 0.4063303648953785
4287.0 0.40655021822738135
4288.0 0.4067690856700031
4289.0 0.4069869672232437
4290.0 0.40720386288710303
4291.0 0.4074197726615812
4292.0 0.4076356824360594
4293.0 0.4078506063211564
4294.0 0.4080655302062534
4295.0 0.40827848231258806
4296.0 0.4084914344189227
4297.0 0.4087034006358762
4298.0 0.4089153668528297
4299.0 0.4091253612910208
4300.0 0.4093353557292119
4301.0 0.409545350167403
4302.0 0.40975435871621296
4303.0 0.40996238137564167
4304.0 0.41017040403507044
4305.0 0.410377440805118
4306.0 0.41058447757516564
4307.0 0.410790528455832
4308.0 0.4109955934471173
4309.0 0.4112006584384025
4310.0 0.4114057234296877
4311.0 0.41160980253159174
4312.0 0.41181289574411456
4313.0 0.41201598895663744
4314.0 0.4122190821691603
4315.0 0.412421189492302
4316.0 0.4126232968154437
4317.0 0.41282441824920424
4318.0 0.4130255396829647
4319.0 0.4132266611167252
4320.0 0.41342679666110455
4321.0 0.41362693220548385
4322.0 0.413826081860482
4323.0 0.41402621740486134
4324.0 0.4142253670598595
4325.0 0.41442353082547645
4326.0 0.4146226804804746
4327.0 0.41482084424609156
4328.0 0.41501900801170855
4329.0 0.41521618588794434
4330.0 0.4154143496535613
4331.0 0.4156115275297971
4332.0 0.4158087054060329
4333.0 0.4160058832822687
4334.0 0.4162020752691233
4335.0 0.416399253145359
4336.0 0.41659544513221364
4337.0 0.41679163711906825
4338.0 0.4169888149953041
4339.0 0.41718500698215866
4340.0 0.41738021307963213
4341.0 0.41757640506648674
4342.0 0.41777259705334135
4343.0 0.41796878904019596
4344.0 0.4181649810270506
4345.0 0.418360187124524
4346.0 0.4185563791113786
4347.0 0.4187525710982332
4348.0 0.41894777719570664
4349.0 0.41914396918256125
4350.0 0.41934016116941586
4351.0 0.41953635315627047
4352.0 0.4197325451431251
4353.0 0.4199287371299797
4354.0 0.4201249291168343
4355.0 0.4203211211036889
4356.0 0.4205173130905435
4357.0 0.4207144909667793
4358.0 0.42091068295363393
4359.0 0.4211078608298697
4360.0 0.42130503870610553
4361.0 0.42150221658234127
4362.0 0.42169939445857707
4363.0 0.42189657233481287
4364.0 0.42209473610042986
4365.0 0.42229289986604684
4366.0 0.4224910636316637
4367.0 0.4226892273972807
4368.0 0.4228873911628977
4369.0 0.4230865408178959
4370.0 0.423285690472894
4371.0 0.4234848401278921
4372.0 0.4236849756722715
4373.0 0.4238851112166508
4374.0 0.42408524676103015
4375.0 0.4242863681947906
4376.0 0.4244874896285511
4377.0 0.42468861106231165
4378.0 0.42489071838545334
4379.0 0.42509282570859497
4380.0 0.4252949330317367
4381.0 0.4254970403548784
4382.0 0.4257001335674012
4383.0 0.4259042126693053
4384.0 0.42610829177120935
4385.0 0.4263123708731134
4386.0 0.4265174358643986
4387.0 0.4267225008556838
4388.0 0.426927565846969
4389.0 0.42713361672763545
4390.0 0.427340653497683
4391.0 0.4275476902677306
4392.0 0.42775472703777817
4393.0 0.4279627496972069
4394.0 0.4281707723566357
4395.0 0.4283797809054456
4396.0 0.42858977534363674
4397.0 0.4287997697818279
4398.0 0.42900976422001896
4399.0 0.42922074454759124
4400.0 0.42943172487516357
4401.0 0.42964369109211703
4402.0 0.4298566431984517
4403.0 0.43006959530478633
4404.0 0.4302835333005022
4405.0 0.430497471296218
4406.0 0.43071239518131504
4407.0 0.430927319066412
4408.0 0.4311432288408902
4409.0 0.4313591386153684
4410.0 0.43157702016860894
4411.0 0.4317939158324683
4412.0 0.43201278327509
4413.0 0.43223165071771175
4414.0 0.4324505181603335
4415.0 0.4326713573817176
4416.0 0.4328912107137205
4417.0 0.43311303582448574
4418.0 0.43333486093525103
4419.0 0.43355767193539746
4420.0 0.43378048293554394
4421.0 0.4340042798250715
4422.0 0.4342290626039803
4423.0 0.4344538453828891
4424.0 0.4346796140511791
4425.0 0.43490636860885024
4426.0 0.4351331231665214
4427.0 0.43536086361357373
4428.0 0.43558958995000724
4429.0 0.43581930217582193
4430.0 0.4360490144016367
4431.0 0.4362797125168325
4432.0 0.4365104106320284
4433.0 0.43674209463660546
4434.0 0.43697476453056366
4435.0 0.4372084203139031
4436.0 0.4374420760972425
4437.0 0.4376767177699631
4438.0 0.4379123453320649
4439.0 0.4381479728941666
4440.0 0.4383845863456496
4441.0 0.43862218568651373
4442.0 0.438860770916759
4443.0 0.4390993561470043
4444.0 0.4393389272666308
4445.0 0.4395794842756385
4446.0 0.43982004128464613
4447.0 0.44006257007241617
4448.0 0.44030509886018615
4449.0 0.4405476276479562
4450.0 0.4407921282144886
4451.0 0.44103662878102096
4452.0 0.4412821152369345
4453.0 0.44152760169284805
4454.0 0.44177505992752397
4455.0 0.4420225181621999
4456.0 0.4422699763968758
4457.0 0.44251940641031406
4458.0 0.44276883642375237
4459.0 0.4430192523265718
4460.0 0.4432706541187724
4461.0 0.4435230418003543
4462.0 0.44377542948193605
4463.0 0.44402880305289905
4464.0 0.44428217662386205
4465.0 0.4445375219735874
4466.0 0.4447928673233127
4467.0 0.44504919856241926
4468.0 0.44530552980152577
4469.0 0.44556383281939466
4470.0 0.4458221358372636
4471.0 0.44608043885513243
4472.0 0.4463397277623825
4473.0 0.4466000025590138
4474.0 0.4468612632450262
4475.0 0.4471225239310386
4476.0 0.4473847705064322
4477.0 0.4476470170818258
4478.0 0.4479102495466005
4479.0 0.44817348201137536
4480.0 0.44843770036553127
4481.0 0.4487029046090684
4482.0 0.44896810885260563
4483.0 0.44923331309614273
4484.0 0.449499503229061
4485.0 0.44976667925136055
4486.0 0.45003385527366
4487.0 0.4503010312959595
4488.0 0.45056919320764016
4489.0 0.45083834100870207
4490.0 0.45110650292038273
4491.0 0.4513766366108257
4492.0 0.45164578441188763
4493.0 0.45191591810233067
4494.0 0.45218605179277366
4495.0 0.45245717137259783
4496.0 0.4527282909524221
4497.0 0.4529994105322463
4498.0 0.45327151600145166
4499.0 0.4535426355812759
4500.0 0.4538147410504813
4501.0 0.45417745181805647
4502.0 0.45453928410248157
4503.0 0.4549846588610536
4504.0 0.4554950604181111
4505.0 0.45601884285066535
4506.0 0.4566489494288681
4507.0 0.45728047279040956
4508.0 0.45791897516217667
4509.0 0.45856262086722394
4510.0 0.4592038575722772
4511.0 0.45983598105373624
4512.0 0.46046853225253426
4513.0 0.4610978666665102
4514.0 0.4617265958774211
4515.0 0.4623806626973449
4516.0 0.4630835757740599
4517.0 0.46378699868967843
4518.0 0.4645189813384584
4519.0 0.4652546258602966
4520.0 0.4659658247710692
4521.0 0.46664718308914005
4522.0 0.4673303507646872
4523.0 0.4680453804443975
4524.0 0.46876193328661786
4525.0 0.46944427680557305
4526.0 0.47010164234583096
4527.0 0.47075457962850165
4528.0 0.4713752996961247
4529.0 0.47199541673736306
4530.0 0.47258299265193515
4531.0 0.4731554206622155
4532.0 0.47369672598077145
4533.0 0.47413762036256507
4534.0 0.4745787060009981
4535.0 0.4749473049088432
4536.0 0.4752968192372748
4537.0 0.47563636143075255
4538.0 0.4759562779224475
4539.0 0.47627624540371133
4540.0 0.4766019474351487
4541.0 0.4769272582822079
4542.0 0.4771885762715394
4543.0 0.4773765982509593
4544.0 0.4775603784218619
4545.0 0.4776090080499756
4546.0 0.47765738147935244
4547.0 0.47773516531392973
4548.0 0.47783394596084033
4549.0 0.4779183791695845
4550.0 0.47791460460475
4551.0 0.47791052242799453
4552.0 0.47780377040299477
4553.0 0.47765213012615587
4554.0 0.477512429359984
4555.0 0.47741253506786097
4556.0 0.47731123168720957
4557.0 0.477169853003812
4558.0 0.4770167121673061
4559.0 0.4769068833181844
4560.0 0.4768692095425071
4561.0 0.4768322128411218
4562.0 0.4767406778119155
4563.0 0.4766432236849118
4564.0 0.4764880303991305
4565.0 0.4762713071214396
4566.0 0.47605256294765746
4567.0 0.4758447370364997
4568.0 0.47563443509935865
4569.0 0.4754789834241734
4570.0 0.47535902261836804
4571.0 0.47525555469058955
4572.0 0.475258661271521
4573.0 0.47526052477897307
4574.0 0.47522440460511817
4575.0 0.4751733872759199
4576.0 0.47512641200706446
4577.0 0.4750925772859307
4578.0 0.4750574763885101
4579.0 0.47508441867628887
4580.0 0.4751252702003251
4581.0 0.47514037187126396
4582.0 0.47511416476311497
4583.0 0.47508671331167435
4584.0 0.4750805369292246
4585.0 0.47507457948992654
4586.0 0.4751267307873857
4587.0 0.47523950109940655
4588.0 0.4753454173081848
4589.0 0.47534078638293653
4590.0 0.4753349503575823
4591.0 0.47539144059366334
4592.0 0.47548742539086447
4593.0 0.47557799091805675
4594.0 0.4756405916381169
4595.0 0.4757020620672319
4596.0 0.4757883901073731
4597.0 0.4758837245050215
4598.0 0.4759783223717429
4599.0 0.47606924632458686
4600.0 0.47615907558055165
4601.0 0.4763235655816801
4602.0 0.47650146659896764
4603.0 0.4766599483691121
4604.0 0.4767860866333163
4605.0 0.4769111695970027
4606.0 0.4770087364233048
4607.0 0.47710280164549046
4608.0 0.4772650469177951
4609.0 0.4774909273353365
4610.0 0.4777122001740337
4611.0 0.47785906000370093
4612.0 0.4780058695466088
4613.0 0.4781204691198252
4614.0 0.4782164728944765
4615.0 0.4783187370613272
4616.0 0.47845236323431417
4617.0 0.4785859335813687
4618.0 0.478704161253047
4619.0 0.47881631497866417
4620.0 0.4789569473605241
4621.0 0.4791688749396929
4622.0 0.479379838911893
4623.0 0.4795311184514271
4624.0 0.47967102018746194
4625.0 0.4796530237352661
4626.0 0.4794056583058716
4627.0 0.4791569691759662
4628.0 0.47923072487438145
4629.0 0.4793168699344097
4630.0 0.479664444772774
4631.0 0.48025543124455905
4632.0 0.4808187389880455
4633.0 0.4810705355908419
4634.0 0.481321407632024
4635.0 0.48142702833633794
4636.0 0.4814468190552303
4637.0 0.48149671912248343
4638.0 0.481673503887885
4639.0 0.4818502859619436
4640.0 0.4820407636207415
4641.0 0.48223516737824323
4642.0 0.482425193090127
4643.0 0.48260664952439636
4644.0 0.48278713448818905
4645.0 0.4829084465624238
4646.0 0.48301813262288584
4647.0 0.4831188156521532
4648.0 0.48320609798301634
4649.0 0.48329331945411397
4650.0 0.4834657309910482
4651.0 0.48363992407128537
4652.0 0.483843192237422
4653.0 0.48407497818392575
4654.0 0.48429502284987364
4655.0 0.4844146472612065
4656.0 0.4845342393011151
4657.0 0.4846879556059424
4658.0 0.48485961243526954
4659.0 0.4850184282228023
4660.0 0.48512973956812433
4661.0 0.4852400412848531
4662.0 0.48537458513973586
4663.0 0.48551611350617546
4664.0 0.4856492463472545
4665.0 0.4857635675406734
4666.0 0.48587688491726755
4667.0 0.486028970133819
4668.0 0.48618536937793005
4669.0 0.48632624746377606
4670.0 0.4864468528794769
4671.0 0.48656743573518874
4672.0 0.4867768100029069
4673.0 0.48698712620872453
4674.0 0.4871428871315771
4675.0 0.4872537934603192
4676.0 0.4873672986716131
4677.0 0.4875024662413716
4678.0 0.48763859778896673
4679.0 0.48779774917890195
4680.0 0.4879683010604755
4681.0 0.4881224971010891
4682.0 0.48822307232230394
4683.0 0.48832166997245713
4684.0 0.4884951412967257
4685.0 0.4886900348868079
4686.0 0.48886826026694774
4687.0 0.48901259420910803
4688.0 0.48915497889362286
4689.0 0.48924562654155546
4690.0 0.4893277773698109
4691.0 0.48945126918675524
4692.0 0.48962317195358535
4693.0 0.48979411744734697
4694.0 0.48990658245344415
4695.0 0.49001805602021253
4696.0 0.49016109935534036
4697.0 0.4903289692119535
4698.0 0.4904917166046366
4699.0 0.49062393342392346
4700.0 0.49075517150256803
4701.0 0.4908492319419855
4702.0 0.490924951947481
4703.0 0.4910390406857213
4704.0 0.49128498587126557
4705.0 0.4915309915621036
