calculator/instruments/lris/plaintext_files/blue_D500_600-4000.txt
# %ECSV 1.0
# ---
# datatype:
# - {name: WAV, unit: Angstrom, datatype: float32}
# - {name: EFF, datatype: float64}
# meta: !!omap
# - {GRISM: 600/4000}
# - {DICHROIC: D500}
# schema: astropy-2.0
WAV EFF
[from data line 1815]
5015.0 0.33138306578709736
5016.0 0.33023708685820236
5017.0 0.3290615569118675
5018.0 0.32788374981952
5019.0 0.32668823584111256
5020.0 0.32549135546985253
5021.0 0.3243495730521519
5022.0 0.3232380550371301
5023.0 0.32211627626048855
5024.0 0.3209532694293222
5025.0 0.31978966608182735
5026.0 0.31846401770544724
5027.0 0.31708461561008405
5028.0 0.3157492455451418
5029.0 0.3145129953106555
5030.0 0.313276270572735
5031.0 0.3119984566780557
5032.0 0.31071546942561096
5033.0 0.3093982731573497
5034.0 0.3080366285250654
5035.0 0.3066746788104814
5036.0 0.3052078541950321
5037.0 0.3037393741964819
5038.0 0.302274353829413
5039.0 0.3008116758998254
5040.0 0.2993491465707595
5041.0 0.29787751732944834
5042.0 0.29640644688202983
5043.0 0.29485872924469403
5044.0 0.29326906382383616
5045.0 0.29168443149529016
5046.0 0.2901142822091291
5047.0 0.2885448293870914
5048.0 0.28684123136127754
5049.0 0.28509801533839
5050.0 0.28334975058618583
5051.0 0.2815904262600593
5052.0 0.27983202378773564
5053.0 0.2781973668548427
5054.0 0.27658081536136564
5055.0 0.27489200575636286
5056.0 0.2731111391039013
5057.0 0.27133251072365056
5058.0 0.2693497586142462
5059.0 0.26736820527642285
5060.0 0.26547094376226144
5061.0 0.2636417492771545
5062.0 0.26180922565314363
5063.0 0.25993790296800395
5064.0 0.2580677056261159
5065.0 0.25609125652702075
5066.0 0.2540625988266354
5067.0 0.25203331021865644
5068.0 0.24999490477790315
5069.0 0.24795782088493531
5070.0 0.24583399966861547
5071.0 0.24368774716256913
5072.0 0.2415656388959731
5073.0 0.23949011648445045
5074.0 0.23741653627385406
5075.0 0.23533367358848037
5076.0 0.23325137763283402
5077.0 0.23110673387934105
5078.0 0.22888489029086362
5079.0 0.22666440021221707
5080.0 0.22437328918128968
5081.0 0.2220848566959712
5082.0 0.2198264675699382
5083.0 0.21759123309239534
5084.0 0.21534009476241028
5085.0 0.21295540180093228
5086.0 0.210572953446167
5087.0 0.20815444120629645
5088.0 0.20571995352153247
5089.0 0.20332683449437472
5090.0 0.20105861111254889
5091.0 0.1987920339901264
5092.0 0.19642411749025018
5093.0 0.19403021541023094
5094.0 0.19165495955985407
5095.0 0.18931069282588822
5096.0 0.18696860214581712
5097.0 0.184397682761388
5098.0 0.18180670024823747
5099.0 0.17919503793955696
5100.0 0.17655913246543603
5101.0 0.17393003430424064
5102.0 0.1715179273975424
5103.0 0.16910843357620736
5104.0 0.16672409570077465
5105.0 0.16435893994613232
5106.0 0.16198728816537405
5107.0 0.15956232315913768
5108.0 0.15713993448636954
5109.0 0.15452482562175654
5110.0 0.15182492268569767
5111.0 0.1491771132842966
5112.0 0.14667950831948112
5113.0 0.14418449544397616
5114.0 0.14191222628235164
5115.0 0.1396936038028904
5116.0 0.13736403178364068
5117.0 0.13483560336465325
5118.0 0.13230941914735694
5119.0 0.1297035771652285
5120.0 0.12709353856426855
5121.0 0.12467423868269559
5122.0 0.12246203084850596
5123.0 0.12024517544034573
5124.0 0.11781748627655345
5125.0 0.11539247925681845
5126.0 0.11306465085946965
5127.0 0.11080534424030741
5128.0 0.10856025282284806
5129.0 0.10638501943037128
5130.0 0.10421191995121003
5131.0 0.10182281540801535
5132.0 0.09934706136690191
5133.0 0.09693541567850855
5134.0 0.09470215962816118
5135.0 0.09247104965915093
5136.0 0.09031288186635493
5137.0 0.088171883159047
5138.0 0.08609985434085235
5139.0 0.08413894347574019
5140.0 0.08217969915193331
5141.0 0.08014147633069568
5142.0 0.0780993207582923
5143.0 0.07610428801035814
5144.0 0.0741585479135052
5145.0 0.07222317787755755
5146.0 0.07045503002425216
5147.0 0.0686885481694815
5148.0 0.06688657992914807
5149.0 0.06506176603967055
5150.0 0.06323116673175676
5151.0 0.06136364855556601
5152.0 0.05949771530437267
5153.0 0.057726744762175604
5154.0 0.05599357658779542
5155.0 0.05437388429689291
5156.0 0.05304345134832019
5157.0 0.051714146438905366
5158.0 0.050329639431309005
5159.0 0.0489347766080523
5160.0 0.047540226545574195
5161.0 0.04614549761837695
5162.0 0.044751849123134256
5163.0 0.04327966400754539
5164.0 0.04180465009301055
5165.0 0.0405383604449779
5166.0 0.03948062844968333
5167.0 0.03841473885909446
5168.0 0.03720937290157202
5169.0 0.03600495665001562
5170.0 0.034704370256782816
5171.0 0.03334549497625683
5172.0 0.03206143507287511
5173.0 0.03113822935057449
5174.0 0.030215827294734616
5175.0 0.02926344665513192
5176.0 0.028300478770581696
5177.0 0.0274002160063651
5178.0 0.026651821838735143
5179.0 0.02590415369747603
5180.0 0.025213119227536784
5181.0 0.024532581363968554
5182.0 0.023802442990451013
5183.0 0.02299771610900296
5184.0 0.022193713602629974
5185.0 0.02161820394813046
5186.0 0.021052645236043256
5187.0 0.020349230498709635
5188.0 0.01951874142904799
5189.0 0.01871653937664264
5190.0 0.0182805868767681
5191.0 0.017844988061094122
5192.0 0.017321954316447993
5193.0 0.0167478410999601
5194.0 0.016239483901261977
5195.0 0.016009665803965532
5196.0 0.015780058064479612
5197.0 0.015405285765900271
5198.0 0.014979823463321763
5199.0 0.014558825803666173
5200.0 0.014147636218923216
5201.0 0.01373687006126671
5202.0 0.013476302817515587
5203.0 0.013240401169134287
5204.0 0.012999469486315744
5205.0 0.012751529709305213
5206.0 0.012503825781557837
5207.0 0.01217670879648738
5208.0 0.011847475070347281
5209.0 0.011618162535810531
5210.0 0.011477406666098694
5211.0 0.011342083258519563
5212.0 0.011260440351445872
5213.0 0.011178845011482919
5214.0 0.0111015298000973
5215.0 0.011026622560968122
5216.0 0.010923561956342642
5217.0 0.010707628614167365
5218.0 0.010491906127574486
5219.0 0.01044000261845683
5220.0 0.010439819760904818
5221.0 0.010412158904176298
5222.0 0.010323459773274911
5223.0 0.010234870327693548
5224.0 0.010166617697179137
5225.0 0.010101457358690094
5226.0 0.0100175660946648
5227.0 0.00990885731128426
5228.0 0.009800277843130659
5229.0 0.009814497898016814
5230.0 0.009829962022517853
5231.0 0.009861768221552918
5232.0 0.009907468856856779
5233.0 0.009950210748378764
5234.0 0.009966500782763019
5235.0 0.009982819241897608
5236.0 0.009972550958854704
5237.0 0.009948647440117874
5238.0 0.009920031558505843
5239.0 0.00987355588658849
5240.0 0.009827146311937582
5241.0 0.009792593588030812
5242.0 0.009761622454630067
5243.0 0.009774976881594922
5244.0 0.009878087252296401
5245.0 0.009981141482495987
5246.0 0.009952904708054235
5247.0 0.00990680691592952
5248.0 0.009871168993527862
5249.0 0.009848752739901842
5250.0 0.009826403036210522
5251.0 0.009959785993669484
5252.0 0.010093063512000025
5253.0 0.010153901048945665
5254.0 0.010157919898639983
5255.0 0.010168285854473246
5256.0 0.010229877716129685
5257.0 0.010291434985202859
5258.0 0.010442071929498697
5259.0 0.010636455122518488
5260.0 0.010771750803031567
5261.0 0.010709781653675777
5262.0 0.010647889682694728
5263.0 0.010603669834632564
5264.0 0.010564456316115151
5265.0 0.010551021726538613
5266.0 0.01058750778584101
5267.0 0.010624013774049673
5268.0 0.010596953031294749
5269.0 0.010562902107063165
5270.0 0.010592445340426495
5271.0 0.010699616934631631
5272.0 0.010806426176706154
5273.0 0.01087781322304887
5274.0 0.01094919877231517
5275.0 0.010895913014954768
5276.0 0.010748730561121857
5277.0 0.01062866156384
5278.0 0.010688853291801262
5279.0 0.010749109721967156
5280.0 0.010777968857538385
5281.0 0.01079215354413501
5282.0 0.010799783233623714
5283.0 0.010786572294792813
5284.0 0.010773450195221237
5285.0 0.010884695232040014
5286.0 0.011027015363686343
5287.0 0.011059324518238165
5288.0 0.01088750423951579
5289.0 0.010715862060353132
5290.0 0.010596208728529849
5291.0 0.010481821851603368
5292.0 0.010420643238594101
5293.0 0.010419434502694723
5294.0 0.010420290548623347
5295.0 0.010518485529573001
5296.0 0.010616715227372715
5297.0 0.01069179454522699
5298.0 0.010750135616709584
5299.0 0.010785747429226555
5300.0 0.010681477478031987
5301.0 0.010577328816801231
5302.0 0.010600729158909448
5303.0 0.010678778317671575
5304.0 0.010754789823522617
5305.0 0.010824499485208305
5306.0 0.010894270727499402
5307.0 0.010861076959490295
5308.0 0.010803783950670087
5309.0 0.01077745044078315
5310.0 0.01080370076198736
5311.0 0.010830028083515781
5312.0 0.010811341897406155
5313.0 0.010788852223106856
5314.0 0.01075200122317721
5315.0 0.010699645630467823
5316.0 0.010650295704608018
5317.0 0.010671654877457689
5318.0 0.010693093598210938
5319.0 0.010687780753857694
5320.0 0.010663905935823788
5321.0 0.010655017020479808
5322.0 0.010730806654663135
5323.0 0.010806674981192132
5324.0 0.010831114021475905
5325.0 0.010834569176215681
5326.0 0.010811962171191949
5327.0 0.010718747891915362
5328.0 0.010625587316267405
5329.0 0.01066974735893128
5330.0 0.010744151844325242
5331.0 0.01078119841632551
5332.0 0.010757324336670425
5333.0 0.010733503720129817
5334.0 0.010770570055895127
5335.0 0.010811577013171352
5336.0 0.010966245167244487
5337.0 0.01123923412510994
5338.0 0.0115032849223976
5339.0 0.01159583484982656
5340.0 0.011688428964181269
5341.0 0.011723236564031996
5342.0 0.011721064058813051
5343.0 0.01170662045107411
5344.0 0.011627491011450355
5345.0 0.01154837514927761
5346.0 0.011437827206936313
5347.0 0.011315030725870581
5348.0 0.011235649440942578
5349.0 0.011267854562749447
5350.0 0.011300125168910548
5351.0 0.011503559592000012
5352.0 0.011739675811789498
5353.0 0.011991962848588068
5354.0 0.012269453560696955
5355.0 0.012547085128088309
5356.0 0.01266037508215931
5357.0 0.01276507484848411
5358.0 0.012791785154640793
5359.0 0.01274346822077806
5360.0 0.012696478771136185
5361.0 0.012669492604897423
5362.0 0.012642529785418506
5363.0 0.012760974491095733
5364.0 0.012968577745988459
5365.0 0.013213762062720109
5366.0 0.013629613490054709
5367.0 0.014045672523519832
5368.0 0.014229496060904836
5369.0 0.014327419348142686
5370.0 0.014365883171683136
5371.0 0.014258591722344545
5372.0 0.0141512626275616
5373.0 0.014173827694852712
5374.0 0.014219326547102996
5375.0 0.014320899897490098
5376.0 0.014503192778183993
5377.0 0.014685585746756205
5378.0 0.014908797855800888
5379.0 0.015133825401592292
5380.0 0.015404527478225445
5381.0 0.0157174951334875
5382.0 0.0160173161658947
5383.0 0.016165282021894715
5384.0 0.016313257377894727
5385.0 0.016336859667353893
5386.0 0.01628731600384084
5387.0 0.016271483752471467
5388.0 0.016399464587149495
5389.0 0.016527446689373813
5390.0 0.016749266229989485
5391.0 0.01700237450652633
5392.0 0.01724951031497618
5393.0 0.017482591833189585
5394.0 0.017715751984776592
5395.0 0.017819688523902276
5396.0 0.017902561106896774
5397.0 0.018039291714774773
5398.0 0.01825041806239647
5399.0 0.018461567364323948
5400.0 0.018727166408955664
5401.0 0.018993962729949375
5402.0 0.019238559603860925
5403.0 0.019463511728000444
5404.0 0.01969224927362136
5405.0 0.019958600412681347
5406.0 0.02022503858825557
5407.0 0.02040048479665888
5408.0 0.020526937270900984
5409.0 0.020639284760624002
5410.0 0.020695338548284578
5411.0 0.020751409736652657
5412.0 0.02088225684294923
5413.0 0.021036811369388893
5414.0 0.021254440624702185
5415.0 0.021606258196410006
5416.0 0.02195819255615993
5417.0 0.02224373600322292
5418.0 0.0225194915273002
5419.0 0.02273996007168422
5420.0 0.022887137863799974
5421.0 0.023034365109810464
5422.0 0.023136720278561056
5423.0 0.023238655450752804
5424.0 0.02337811395840001
5425.0 0.02354831011557897
5426.0 0.023729089835765573
5427.0 0.02400412396693939
5428.0 0.02427931846739074
5429.0 0.024574042473549506
5430.0 0.02487898024345699
5431.0 0.025164673317543608
5432.0 0.02538194879549984
5433.0 0.025599308158761328
5434.0 0.025652674827033827
5435.0 0.025657132033341263
5436.0 0.02570308402513395
5437.0 0.025833448811549333
5438.0 0.025963998051311298
5439.0 0.02623138865294314
5440.0 0.026515863276671905
5441.0 0.026757449086928058
5442.0 0.026944349745923676
5443.0 0.027131471538271563
5444.0 0.027245679486179945
5445.0 0.027360146424035624
5446.0 0.027523401327592987
5447.0 0.027725120956628525
5448.0 0.027929175762069422
5449.0 0.02814884184247577
5450.0 0.02836876349343622
5451.0 0.02859751410182681
5452.0 0.028830826495358567
5453.0 0.029049379995806434
5454.0 0.029217860644734632
5455.0 0.029386582837293306
5456.0 0.029490855401963778
5457.0 0.02957820674057936
5458.0 0.029665162203379655
5459.0 0.029751163535032803
5460.0 0.029837438856431222
5461.0 0.030036783959666222
5462.0 0.03024886856895845
5463.0 0.030456305793688417
5464.0 0.030658222783818943
5465.0 0.03085931116540599
5466.0 0.030950046849898615
5467.0 0.03104099612688703
5468.0 0.031187178228032124
5469.0 0.031375217175915765
5470.0 0.031555119137322105
5471.0 0.03167834656704153
5472.0 0.03180182039228179
5473.0 0.031804289691877936
5474.0 0.03175245503674108
5475.0 0.03172676864859327
5476.0 0.03178379313953754
5477.0 0.031840934183753875
5478.0 0.032012884199280355
5479.0 0.03221367853961553
5480.0 0.032367046335613034
5481.0 0.03243540084243114
5482.0 0.03250404695121094
5483.0 0.03262186551839544
5484.0 0.032744786952483215
5485.0 0.03286490968171406
5486.0 0.032981747818725614
5487.0 0.0331037315529094
5488.0 0.033381228872065204
5489.0 0.03365923296448627
5490.0 0.03378259521933977
5491.0 0.03379388351529884
5492.0 0.033788689344283314
5493.0 0.03368142697932175
5494.0 0.03357411849198855
5495.0 0.03356659072431101
5496.0 0.033602056328565715
5497.0 0.03366692679984801
5498.0 0.03381554344638403
5499.0 0.033964385248464055
5500.0 0.033915170861318095
5501.0 0.033819389284580184
5502.0 0.03377919044991747
5503.0 0.03383349323387298
5504.0 0.03388800275641906
5505.0 0.03423323381370986
5506.0 0.03460079691122303
5507.0 0.034825202340915476
5508.0 0.03489421819307376
5509.0 0.034953821187504806
5510.0 0.034782105837601794
5511.0 0.03461033156219114
5512.0 0.03451224172187786
5513.0 0.03446337105277471
5514.0 0.03442301274941006
5515.0 0.03443053954678443
5516.0 0.03443821794849391
5517.0 0.034498790790686816
5518.0 0.034581222428567204
5519.0 0.0346523743314024
5520.0 0.03469288976687879
5521.0 0.03473359809089493
5522.0 0.03458405178845262
5523.0 0.034395499976279977
5524.0 0.03426243148392817
5525.0 0.034220393486137424
5526.0 0.03417835164102818
5527.0 0.03417533629502185
5528.0 0.03417501677509296
5529.0 0.034136534976054705
5530.0 0.03405981083196628
5531.0 0.03398883101876557
5532.0 0.0340251354772477
5533.0 0.03406162208670636
5534.0 0.03402339482514736
5535.0 0.033937351902513166
5536.0 0.03385464137072836
5537.0 0.03378820450561681
5538.0 0.033721958913498926
5539.0 0.03362682197679873
5540.0 0.03352041246656274
5541.0 0.03343968398442008
5542.0 0.03342493081646742
5543.0 0.033410357024638626
5544.0 0.03336768857543193
5545.0 0.03331977969216964
5546.0 0.033306056564804204
5547.0 0.03334380295818526
5548.0 0.03338180708564211
5549.0 0.033170624741953425
5550.0 0.032946091866162174
5551.0 0.03277183391325364
5552.0 0.03264598499721914
5553.0 0.03252770899743912
5554.0 0.032512181678367974
5555.0 0.032496664515754524
5556.0 0.03246897505384382
5557.0 0.032433696569968924
5558.0 0.032377525876798555
5559.0 0.03222599283408998
5560.0 0.03207409928916231
5561.0 0.0319467851988455
5562.0 0.03182784659255243
5563.0 0.03169253760973552
5564.0 0.03151764306480374
5565.0 0.03134228943844664
5566.0 0.031271862271115586
5567.0 0.031219620234233254
5568.0 0.031144707456462844
5569.0 0.031037262638642836
5570.0 0.030929260726845653
5571.0 0.030673463557588924
5572.0 0.03041235017754765
5573.0 0.030205340350765063
5574.0 0.03004826735815334
5575.0 0.02989575225995099
5576.0 0.029801061045917288
5577.0 0.029706010180501504
5578.0 0.029551921178147332
5579.0 0.02936445324590906
5580.0 0.029204643082938627
5581.0 0.029164734347693292
5582.0 0.029124618017797383
5583.0 0.028985474320047458
5584.0 0.028813199609473327
5585.0 0.028620237994288728
5586.0 0.028381429646575126
5587.0 0.028142756718578583
5588.0 0.027948430171468426
5589.0 0.027761776884529417
5590.0 0.027628609702792326
5591.0 0.027569264321945532
5592.0 0.027511324479171154
5593.0 0.0273231629560753
5594.0 0.027134063219475885
5595.0 0.02686862203052123
5596.0 0.026538567940592787
5597.0 0.026228409552921238
