calculator/instruments/lris/plaintext_files/blue_MIRROR_300-5000.txt
# %ECSV 1.0
# ---
# datatype:
# - {name: WAV, unit: Angstrom, datatype: float32}
# - {name: EFF, datatype: float64}
# meta: !!omap
# - {GRISM: 300/5000}
# - {DICHROIC: MIRROR}
# schema: astropy-2.0
WAV EFF
[from data line 2016]
5516.0 0.537609
5517.0 0.537591
5518.0 0.537572
5519.0 0.537553
5520.0 0.537534
5521.0 0.537514
5522.0 0.537493
5523.0 0.537472
5524.0 0.537451
5525.0 0.537429
5526.0 0.537407
5527.0 0.537384
5528.0 0.53736
5529.0 0.537337
5530.0 0.537312
5531.0 0.537288
5532.0 0.537262
5533.0 0.537236
5534.0 0.53721
5535.0 0.537183
5536.0 0.537156
5537.0 0.537128
5538.0 0.5371
5539.0 0.537071
5540.0 0.537042
5541.0 0.537012
5542.0 0.536982
5543.0 0.536951
5544.0 0.53692
5545.0 0.536888
5546.0 0.536856
5547.0 0.536823
5548.0 0.53679
5549.0 0.536756
5550.0 0.536722
5551.0 0.536687
5552.0 0.536652
5553.0 0.536616
5554.0 0.53658
5555.0 0.536542
5556.0 0.536505
5557.0 0.536467
5558.0 0.536429
5559.0 0.53639
5560.0 0.536351
5561.0 0.536311
5562.0 0.536271
5563.0 0.53623
5564.0 0.536188
5565.0 0.536147
5566.0 0.536105
5567.0 0.536062
5568.0 0.536019
5569.0 0.535975
5570.0 0.535931
5571.0 0.535886
5572.0 0.535841
5573.0 0.535796
5574.0 0.53575
5575.0 0.535704
5576.0 0.535656
5577.0 0.535609
5578.0 0.535562
5579.0 0.535514
5580.0 0.535465
5581.0 0.535416
5582.0 0.535367
5583.0 0.535317
5584.0 0.535267
5585.0 0.535217
5586.0 0.535166
5587.0 0.535114
5588.0 0.535063
5589.0 0.535011
5590.0 0.534959
5591.0 0.534906
5592.0 0.534853
5593.0 0.534799
5594.0 0.534745
5595.0 0.534691
5596.0 0.534636
5597.0 0.534582
5598.0 0.534527
5599.0 0.534471
5600.0 0.534415
5601.0 0.534359
5602.0 0.534303
5603.0 0.534246
5604.0 0.534189
5605.0 0.534132
5606.0 0.534074
5607.0 0.534016
5608.0 0.533958
5609.0 0.533899
5610.0 0.533841
5611.0 0.533782
5612.0 0.533722
5613.0 0.533663
5614.0 0.533603
5615.0 0.533543
5616.0 0.533483
5617.0 0.533422
5618.0 0.533361
5619.0 0.533301
5620.0 0.53324
5621.0 0.533178
5622.0 0.533117
5623.0 0.533055
5624.0 0.532993
5625.0 0.532931
5626.0 0.532869
5627.0 0.532806
5628.0 0.532744
5629.0 0.532681
5630.0 0.532618
5631.0 0.532555
5632.0 0.532492
5633.0 0.532428
5634.0 0.532365
5635.0 0.532301
5636.0 0.532238
5637.0 0.532174
5638.0 0.53211
5639.0 0.532046
5640.0 0.531982
5641.0 0.531918
5642.0 0.531853
5643.0 0.531789
5644.0 0.531725
5645.0 0.53166
5646.0 0.531595
5647.0 0.53153
5648.0 0.531466
5649.0 0.531401
5650.0 0.531336
5651.0 0.531272
5652.0 0.531207
5653.0 0.531142
5654.0 0.531077
5655.0 0.531012
5656.0 0.530948
5657.0 0.530883
5658.0 0.530818
5659.0 0.530753
5660.0 0.530689
5661.0 0.530624
5662.0 0.530559
5663.0 0.530495
5664.0 0.53043
5665.0 0.530366
5666.0 0.530302
5667.0 0.530237
5668.0 0.530173
5669.0 0.530109
5670.0 0.530045
5671.0 0.529981
5672.0 0.529917
5673.0 0.529854
5674.0 0.52979
5675.0 0.529727
5676.0 0.529663
5677.0 0.5296
5678.0 0.529537
5679.0 0.529474
5680.0 0.529411
5681.0 0.529349
5682.0 0.529287
5683.0 0.529224
5684.0 0.529163
5685.0 0.529101
5686.0 0.529039
5687.0 0.528978
5688.0 0.528917
5689.0 0.528856
5690.0 0.528795
5691.0 0.528735
5692.0 0.528674
5693.0 0.528615
5694.0 0.528555
5695.0 0.528495
5696.0 0.528436
5697.0 0.528377
5698.0 0.528319
5699.0 0.52826
5700.0 0.528202
5701.0 0.528145
5702.0 0.528087
5703.0 0.52803
5704.0 0.527974
5705.0 0.527917
5706.0 0.527861
5707.0 0.527805
5708.0 0.52775
5709.0 0.527695
5710.0 0.527641
5711.0 0.527586
5712.0 0.527533
5713.0 0.527479
5714.0 0.527426
5715.0 0.527373
5716.0 0.527321
5717.0 0.527269
5718.0 0.527218
5719.0 0.527167
5720.0 0.527116
5721.0 0.527066
5722.0 0.527017
5723.0 0.526967
5724.0 0.526919
5725.0 0.526871
5726.0 0.526823
5727.0 0.526776
5728.0 0.526729
5729.0 0.526682
5730.0 0.526637
5731.0 0.526591
5732.0 0.526547
5733.0 0.526502
5734.0 0.526459
5735.0 0.526416
5736.0 0.526373
5737.0 0.526331
5738.0 0.526289
5739.0 0.526249
5740.0 0.526208
5741.0 0.526168
5742.0 0.526129
5743.0 0.526091
5744.0 0.526053
5745.0 0.526015
5746.0 0.525979
5747.0 0.525942
5748.0 0.525907
5749.0 0.525872
5750.0 0.525838
5751.0 0.525805
5752.0 0.525772
5753.0 0.525739
5754.0 0.525708
5755.0 0.525677
5756.0 0.525647
5757.0 0.525617
5758.0 0.525589
5759.0 0.52556
5760.0 0.525533
5761.0 0.525506
5762.0 0.52548
5763.0 0.525455
5764.0 0.525431
5765.0 0.525407
5766.0 0.525384
5767.0 0.525362
5768.0 0.52534
5769.0 0.525319
5770.0 0.525299
5771.0 0.52528
5772.0 0.525262
5773.0 0.525244
5774.0 0.525227
5775.0 0.525212
5776.0 0.525196
5777.0 0.525182
5778.0 0.525168
5779.0 0.525156
5780.0 0.525144
5781.0 0.525133
5782.0 0.525123
5783.0 0.525113
5784.0 0.525105
5785.0 0.525097
5786.0 0.52509
5787.0 0.525085
5788.0 0.525079
5789.0 0.525075
5790.0 0.525072
5791.0 0.52507
5792.0 0.525068
5793.0 0.525068
5794.0 0.525068
5795.0 0.52507
5796.0 0.525072
5797.0 0.525075
5798.0 0.525079
5799.0 0.525084
5800.0 0.52509
5801.0 0.525097
5802.0 0.525105
5803.0 0.525114
5804.0 0.525124
5805.0 0.525135
5806.0 0.525147
5807.0 0.52516
5808.0 0.525173
5809.0 0.525188
5810.0 0.525204
5811.0 0.525221
5812.0 0.525239
5813.0 0.525257
5814.0 0.525277
5815.0 0.525298
5816.0 0.52532
5817.0 0.525343
5818.0 0.525366
5819.0 0.525391
5820.0 0.525418
5821.0 0.525445
5822.0 0.525473
5823.0 0.525502
5824.0 0.525532
5825.0 0.525563
5826.0 0.525595
5827.0 0.525629
5828.0 0.525663
5829.0 0.525699
5830.0 0.525735
5831.0 0.525773
5832.0 0.525812
5833.0 0.525852
5834.0 0.525893
5835.0 0.525935
5836.0 0.525978
5837.0 0.526022
5838.0 0.526067
5839.0 0.526114
5840.0 0.526161
5841.0 0.52621
5842.0 0.52626
5843.0 0.526311
5844.0 0.526363
5845.0 0.526416
5846.0 0.52647
5847.0 0.526526
5848.0 0.526582
5849.0 0.52664
5850.0 0.526698
5851.0 0.526758
5852.0 0.526819
5853.0 0.526881
5854.0 0.526944
5855.0 0.527009
5856.0 0.527075
5857.0 0.527141
5858.0 0.527209
5859.0 0.527278
5860.0 0.527348
5861.0 0.52742
5862.0 0.527492
5863.0 0.527566
5864.0 0.52764
5865.0 0.527716
5866.0 0.527793
5867.0 0.527871
5868.0 0.527951
5869.0 0.528031
5870.0 0.528113
5871.0 0.528195
5872.0 0.528279
5873.0 0.528364
5874.0 0.52845
5875.0 0.528538
5876.0 0.528626
5877.0 0.528716
5878.0 0.528806
5879.0 0.528898
5880.0 0.528991
5881.0 0.529086
5882.0 0.529181
5883.0 0.529277
5884.0 0.529375
5885.0 0.529473
5886.0 0.529573
5887.0 0.529674
5888.0 0.529776
5889.0 0.529879
5890.0 0.529984
5891.0 0.530089
5892.0 0.530196
5893.0 0.530304
5894.0 0.530412
5895.0 0.530522
5896.0 0.530633
5897.0 0.530745
5898.0 0.530858
5899.0 0.530973
5900.0 0.531088
5901.0 0.531204
5902.0 0.531322
5903.0 0.53144
5904.0 0.53156
5905.0 0.531681
5906.0 0.531803
5907.0 0.531926
5908.0 0.53205
5909.0 0.532175
5910.0 0.532301
5911.0 0.532428
5912.0 0.532556
5913.0 0.532685
5914.0 0.532815
5915.0 0.532947
5916.0 0.533079
5917.0 0.533212
5918.0 0.533347
5919.0 0.533482
5920.0 0.533618
5921.0 0.533756
5922.0 0.533894
5923.0 0.534033
5924.0 0.534173
5925.0 0.534315
5926.0 0.534457
5927.0 0.5346
5928.0 0.534744
5929.0 0.534889
5930.0 0.535035
5931.0 0.535182
5932.0 0.53533
5933.0 0.535478
5934.0 0.535628
5935.0 0.535778
5936.0 0.53593
5937.0 0.536082
5938.0 0.536235
5939.0 0.536389
5940.0 0.536544
5941.0 0.5367
5942.0 0.536856
5943.0 0.537014
5944.0 0.537172
5945.0 0.537331
5946.0 0.537491
5947.0 0.537652
5948.0 0.537813
5949.0 0.537975
5950.0 0.538138
5951.0 0.538302
5952.0 0.538467
5953.0 0.538632
5954.0 0.538798
5955.0 0.538965
5956.0 0.539132
5957.0 0.539301
5958.0 0.539469
5959.0 0.539639
5960.0 0.539809
5961.0 0.53998
5962.0 0.540151
5963.0 0.540323
5964.0 0.540496
5965.0 0.54067
5966.0 0.540844
5967.0 0.541019
5968.0 0.541194
5969.0 0.54137
5970.0 0.541546
5971.0 0.541723
5972.0 0.541901
5973.0 0.542079
5974.0 0.542258
5975.0 0.542437
5976.0 0.542616
5977.0 0.542796
5978.0 0.542977
5979.0 0.543158
5980.0 0.54334
5981.0 0.543522
5982.0 0.543704
5983.0 0.543887
5984.0 0.54407
5985.0 0.544254
5986.0 0.544438
5987.0 0.544623
5988.0 0.544807
5989.0 0.544993
5990.0 0.545178
5991.0 0.545364
5992.0 0.54555
5993.0 0.545737
5994.0 0.545923
5995.0 0.54611
5996.0 0.546298
5997.0 0.546486
5998.0 0.546673
5999.0 0.546861
6000.0 0.54705
6001.0 0.547238
6002.0 0.547427
6003.0 0.547616
6004.0 0.547805
6005.0 0.547994
6006.0 0.548184
6007.0 0.548373
6008.0 0.548563
6009.0 0.548752
6010.0 0.548943
6011.0 0.549132
6012.0 0.549322
6013.0 0.549513
6014.0 0.549703
6015.0 0.549893
6016.0 0.550083
6017.0 0.550273
6018.0 0.550463
6019.0 0.550654
6020.0 0.550844
6021.0 0.551034
6022.0 0.551224
6023.0 0.551414
6024.0 0.551604
6025.0 0.551794
6026.0 0.551984
6027.0 0.552174
6028.0 0.552363
6029.0 0.552553
6030.0 0.552742
6031.0 0.552931
6032.0 0.55312
6033.0 0.553309
6034.0 0.553498
6035.0 0.553686
6036.0 0.553875
6037.0 0.554063
6038.0 0.55425
6039.0 0.554438
6040.0 0.554625
6041.0 0.554812
6042.0 0.554999
6043.0 0.555185
6044.0 0.555371
6045.0 0.555557
6046.0 0.555743
6047.0 0.555928
6048.0 0.556113
6049.0 0.556298
6050.0 0.556482
6051.0 0.556665
6052.0 0.556849
6053.0 0.557032
6054.0 0.557215
6055.0 0.557397
6056.0 0.557579
6057.0 0.55776
6058.0 0.557941
6059.0 0.558122
6060.0 0.558302
6061.0 0.558481
6062.0 0.55866
6063.0 0.558839
6064.0 0.559017
6065.0 0.559195
6066.0 0.559371
6067.0 0.559548
6068.0 0.559724
6069.0 0.559899
6070.0 0.560075
6071.0 0.560249
6072.0 0.560423
6073.0 0.560596
6074.0 0.560769
6075.0 0.560941
6076.0 0.561112
6077.0 0.561283
6078.0 0.561453
6079.0 0.561623
6080.0 0.561791
6081.0 0.56196
6082.0 0.562127
6083.0 0.562294
6084.0 0.562461
6085.0 0.562626
6086.0 0.562791
6087.0 0.562956
6088.0 0.563119
6089.0 0.563282
6090.0 0.563444
6091.0 0.563606
6092.0 0.563766
6093.0 0.563927
6094.0 0.564086
6095.0 0.564244
6096.0 0.564403
6097.0 0.56456
6098.0 0.564716
6099.0 0.564872
6100.0 0.565027
6101.0 0.565181
6102.0 0.565334
6103.0 0.565487
6104.0 0.565639
6105.0 0.565791
6106.0 0.565941
6107.0 0.566091
6108.0 0.56624
6109.0 0.566388
6110.0 0.566535
6111.0 0.566682
6112.0 0.566828
6113.0 0.566973
6114.0 0.567117
6115.0 0.567261
6116.0 0.567404
6117.0 0.567546
6118.0 0.567687
6119.0 0.567828
6120.0 0.567968
6121.0 0.568107
6122.0 0.568245
6123.0 0.568383
6124.0 0.568519
6125.0 0.568655
6126.0 0.568791
6127.0 0.568925
6128.0 0.569059
6129.0 0.569192
6130.0 0.569325
6131.0 0.569456
6132.0 0.569587
6133.0 0.569717
6134.0 0.569847
6135.0 0.569975
6136.0 0.570104
6137.0 0.570231
6138.0 0.570358
6139.0 0.570484
6140.0 0.570609
6141.0 0.570733
6142.0 0.570857
6143.0 0.57098
6144.0 0.571103
6145.0 0.571225
6146.0 0.571347
6147.0 0.571467
6148.0 0.571587
6149.0 0.571707
6150.0 0.571826
6151.0 0.571944
6152.0 0.572062
6153.0 0.572179
6154.0 0.572296
6155.0 0.572411
6156.0 0.572527
6157.0 0.572642
6158.0 0.572756
6159.0 0.57287
6160.0 0.572983
6161.0 0.573097
6162.0 0.573209
6163.0 0.573321
6164.0 0.573432
6165.0 0.573543
6166.0 0.573654
6167.0 0.573764
6168.0 0.573874
6169.0 0.573983
6170.0 0.574092
6171.0 0.574201
6172.0 0.574309
6173.0 0.574417
6174.0 0.574525
6175.0 0.574632
6176.0 0.574739
6177.0 0.574846
6178.0 0.574952
6179.0 0.575058
6180.0 0.575164
6181.0 0.57527
6182.0 0.575376
6183.0 0.575481
6184.0 0.575586
6185.0 0.575691
6186.0 0.575796
6187.0 0.575901
6188.0 0.576005
6189.0 0.57611
6190.0 0.576214
6191.0 0.576319
6192.0 0.576423
6193.0 0.576527
6194.0 0.576632
6195.0 0.576736
6196.0 0.57684
6197.0 0.576945
6198.0 0.577049
6199.0 0.577154
6200.0 0.577258
6201.0 0.577363
6202.0 0.577468
6203.0 0.577573
6204.0 0.577678
6205.0 0.577783
6206.0 0.577889
6207.0 0.577995
6208.0 0.578101
6209.0 0.578207
6210.0 0.578314
6211.0 0.578421
6212.0 0.578528
6213.0 0.578636
6214.0 0.578744
6215.0 0.578852
6216.0 0.578961
6217.0 0.57907
6218.0 0.579179
6219.0 0.579289
6220.0 0.5794
6221.0 0.579511
6222.0 0.579623
6223.0 0.579735
6224.0 0.579847
6225.0 0.579961
6226.0 0.580074
6227.0 0.580189
6228.0 0.580304
6229.0 0.580419
6230.0 0.580536
6231.0 0.580653
6232.0 0.58077
6233.0 0.580889
6234.0 0.581008
6235.0 0.581128
6236.0 0.581249
6237.0 0.581371
6238.0 0.581493
6239.0 0.581616
6240.0 0.58174
6241.0 0.581865
6242.0 0.581991
6243.0 0.582118
6244.0 0.582245
6245.0 0.582374
6246.0 0.582504
6247.0 0.582635
6248.0 0.582766
6249.0 0.582899
6250.0 0.583032
6251.0 0.583167
6252.0 0.583303
6253.0 0.58344
6254.0 0.583578
6255.0 0.583717
6256.0 0.583857
6257.0 0.583998
6258.0 0.584141
6259.0 0.584285
6260.0 0.58443
6261.0 0.584576
6262.0 0.584723
6263.0 0.584872
6264.0 0.585022
6265.0 0.585173
6266.0 0.585326
6267.0 0.58548
6268.0 0.585635
6269.0 0.585791
6270.0 0.585949
6271.0 0.586108
6272.0 0.586268
6273.0 0.58643
6274.0 0.586594
6275.0 0.586758
6276.0 0.586925
6277.0 0.587092
6278.0 0.587261
6279.0 0.587432
6280.0 0.587603
6281.0 0.587777
6282.0 0.587952
6283.0 0.588128
6284.0 0.588306
6285.0 0.588485
6286.0 0.588666
6287.0 0.588849
6288.0 0.589033
6289.0 0.589218
6290.0 0.589405
6291.0 0.589594
6292.0 0.589784
6293.0 0.589976
6294.0 0.590169
6295.0 0.590364
6296.0 0.59056
6297.0 0.590759
6298.0 0.590958
6299.0 0.59116
6300.0 0.591362
6301.0 0.591567
6302.0 0.591773
6303.0 0.591981
6304.0 0.59219
6305.0 0.592401
6306.0 0.592613
6307.0 0.592827
6308.0 0.593043
6309.0 0.59326
6310.0 0.593479
6311.0 0.5937
6312.0 0.593922
6313.0 0.594146
6314.0 0.594371
6315.0 0.594598
6316.0 0.594827
6317.0 0.595057
6318.0 0.595288
6319.0 0.595522
6320.0 0.595756
6321.0 0.595993
6322.0 0.596231
6323.0 0.596471
6324.0 0.596712
6325.0 0.596954
6326.0 0.597199
6327.0 0.597444
6328.0 0.597691
6329.0 0.59794
6330.0 0.59819
6331.0 0.598442
6332.0 0.598695
6333.0 0.59895
6334.0 0.599206
6335.0 0.599463
6336.0 0.599723
6337.0 0.599983
6338.0 0.600245
6339.0 0.600508
6340.0 0.600773
6341.0 0.601039
6342.0 0.601306
6343.0 0.601574
6344.0 0.601844
6345.0 0.602115
6346.0 0.602388
6347.0 0.602661
6348.0 0.602937
6349.0 0.603213
6350.0 0.60349
6351.0 0.603769
6352.0 0.604048
6353.0 0.604329
6354.0 0.604611
6355.0 0.604894
6356.0 0.605178
6357.0 0.605464
6358.0 0.60575
6359.0 0.606037
6360.0 0.606325
6361.0 0.606615
6362.0 0.606905
6363.0 0.607196
6364.0 0.607488
6365.0 0.607781
6366.0 0.608074
6367.0 0.608369
6368.0 0.608664
6369.0 0.60896
6370.0 0.609257
6371.0 0.609554
6372.0 0.609852
6373.0 0.610151
6374.0 0.610451
6375.0 0.61075
6376.0 0.611051
6377.0 0.611352
6378.0 0.611654
6379.0 0.611955
6380.0 0.612258
6381.0 0.612561
6382.0 0.612864
6383.0 0.613168
6384.0 0.613472
6385.0 0.613775
6386.0 0.61408
6387.0 0.614385
6388.0 0.614689
6389.0 0.614994
6390.0 0.615299
6391.0 0.615604
6392.0 0.61591
6393.0 0.616215
6394.0 0.61652
6395.0 0.616825
6396.0 0.61713
6397.0 0.617435
6398.0 0.617739
6399.0 0.618044
6400.0 0.618348
6401.0 0.618652
6402.0 0.618955
6403.0 0.619259
6404.0 0.619562
6405.0 0.619864
6406.0 0.620166
6407.0 0.620468
6408.0 0.620769
6409.0 0.621069
6410.0 0.621369
6411.0 0.621668
6412.0 0.621966
6413.0 0.622264
6414.0 0.622561
6415.0 0.622857
6416.0 0.623153
6417.0 0.623447
6418.0 0.62374
6419.0 0.624033
6420.0 0.624324
6421.0 0.624615
6422.0 0.624904
6423.0 0.625193
6424.0 0.62548
6425.0 0.625766
6426.0 0.626051
6427.0 0.626335
6428.0 0.626617
6429.0 0.626898
6430.0 0.627178
6431.0 0.627456
6432.0 0.627733
6433.0 0.628008
6434.0 0.628281
6435.0 0.628554
6436.0 0.628824
6437.0 0.629093
6438.0 0.629361
6439.0 0.629626
6440.0 0.62989
6441.0 0.630153
6442.0 0.630413
6443.0 0.630672
6444.0 0.630928
6445.0 0.631183
6446.0 0.631436
6447.0 0.631687
6448.0 0.631936
6449.0 0.632182
6450.0 0.632428
6451.0 0.63267
6452.0 0.632911
6453.0 0.633149
6454.0 0.633386
6455.0 0.633619
6456.0 0.633851
6457.0 0.634081
6458.0 0.634308
6459.0 0.634533
6460.0 0.634756
6461.0 0.634976
6462.0 0.635194
6463.0 0.635408
6464.0 0.635622
6465.0 0.635832
6466.0 0.63604
6467.0 0.636245
6468.0 0.636447
6469.0 0.636647
6470.0 0.636845
6471.0 0.63704
6472.0 0.637232
6473.0 0.637421
6474.0 0.637608
6475.0 0.637792
6476.0 0.637973
6477.0 0.638152
6478.0 0.638327
6479.0 0.6385
6480.0 0.63867
6481.0 0.638837
6482.0 0.639002
6483.0 0.639163
6484.0 0.639322
6485.0 0.639477
6486.0 0.63963
6487.0 0.63978
6488.0 0.639926
6489.0 0.64007
6490.0 0.640211
6491.0 0.640349
6492.0 0.640483
6493.0 0.640615
6494.0 0.640744
6495.0 0.64087
6496.0 0.640992
6497.0 0.641112
6498.0 0.641229
6499.0 0.641342
6500.0 0.641453
6501.0 0.64156
6502.0 0.641665
6503.0 0.641765
6504.0 0.641864
6505.0 0.641959
6506.0 0.64205
6507.0 0.642139
6508.0 0.642225
6509.0 0.642308
6510.0 0.642387
6511.0 0.642464
6512.0 0.642537
6513.0 0.642607
6514.0 0.642674
6515.0 0.642739
6516.0 0.642799
6517.0 0.642857
6518.0 0.642912
6519.0 0.642964
6520.0 0.643013
