calculator/instruments/lris/plaintext_files/blue_D460_300-5000.txt
# %ECSV 1.0
# ---
# datatype:
# - {name: WAV, unit: Angstrom, datatype: float32}
# - {name: EFF, datatype: float64}
# meta: !!omap
# - {GRISM: 300/5000}
# - {DICHROIC: D460}
# schema: astropy-2.0
WAV EFF
3500.0 0.049538475387586316
3501.0 0.05032891680142421
3502.0 0.05105907031081684
3503.0 0.05173372067008526
3504.0 0.05235765263355052
3505.0 0.05293565095553368
3506.0 0.053471543439491585
3507.0 0.05397107179060947
3508.0 0.05443519295975158
3509.0 0.054869648652103156
3510.0 0.055276352769392634
3511.0 0.05565913311507684
3512.0 0.05601990359088421
3513.0 0.05636249200027158
3514.0 0.05668785529410316
3515.0 0.05699886432497158
3516.0 0.05729838994546947
3517.0 0.05758643215559684
3518.0 0.05786681875881053
3519.0 0.05813954975511053
3520.0 0.05840653904622526
3521.0 0.05866970053388316
3522.0 0.058929034218084216
3523.0 0.059186454000556846
3524.0 0.059442916832165266
3525.0 0.059699379663773686
3526.0 0.059955842495382106
3527.0 0.06021421922871895
3528.0 0.060474509863784214
3529.0 0.060736714400577894
3530.0 0.061001789789964206
3531.0 0.06127069298280737
3532.0 0.061542467028243154
3533.0 0.06181902582800001
3534.0 0.06209845548034948
3535.0 0.06238362683788421
3536.0 0.06267262599887578
3537.0 0.0629654529633242
3538.0 0.0632640216329579
3539.0 0.06356641810604842
3540.0 0.0638726423825958
3541.0 0.06418460836432843
3542.0 0.0645004021495179
3543.0 0.06482098068902843
3544.0 0.0651453870319958
3545.0 0.06547362117842
3546.0 0.06580568312830105
3547.0 0.06614157288163895
3548.0 0.06648129043843369
3549.0 0.06682387884782105
3550.0 0.06717029506066527
3551.0 0.06751862517523789
3552.0 0.06786982614240315
3553.0 0.06822294101129683
3554.0 0.06857892673278317
3555.0 0.0689368263559979
3556.0 0.06929568293007685
3557.0 0.06965645340588421
3558.0 0.07001818083255579
3559.0 0.07038086521009158
3560.0 0.07074354958762738
3561.0 0.07110719091602737
3562.0 0.07147083224442737
3563.0 0.07183351662196316
3564.0 0.07219715795036316
3565.0 0.07255984232789896
3566.0 0.07292061280370632
3567.0 0.07328138327951368
3568.0 0.07364119680445684
3569.0 0.07399909642767158
3570.0 0.0743550821491579
3571.0 0.0747091539689158
3572.0 0.07506131188694526
3573.0 0.07541155590324632
3574.0 0.07575988601781895
3575.0 0.07610534527979895
3576.0 0.07644889064005053
3577.0 0.07678956514770947
3578.0 0.07712736880277579
3579.0 0.07746325855611369
3580.0 0.07779627745685894
3581.0 0.07812738245587579
3582.0 0.07845465965143579
3583.0 0.07878002294526737
3584.0 0.07910347233737053
3585.0 0.07942309392601685
3586.0 0.07974080161293473
3587.0 0.08005563844725999
3588.0 0.08036760442899263
3589.0 0.08067765650899685
3590.0 0.08098483773640842
3591.0 0.08129010506209157
3592.0 0.08159345848604632
3593.0 0.08189394105740842
3594.0 0.0821925097270421
3595.0 0.08248916449494736
3596.0 0.08278390536112422
3597.0 0.08307768927643684
3598.0 0.08336860233915684
3599.0 0.08365855845101264
3600.0 0.08394660066114
3601.0 0.08423368592040316
3602.0 0.0845198142288021
3603.0 0.08480498558633685
3604.0 0.08508919999300736
3605.0 0.08537245744881368
3606.0 0.08565571490462001
3607.0 0.0859380154095621
3608.0 0.08622031591450421
3609.0 0.08650261641944632
3610.0 0.08678491692438843
3611.0 0.08706817438019473
3612.0 0.08735143183600105
3613.0 0.08763468929180737
3614.0 0.08791986064934211
3615.0 0.08820503200687685
3616.0 0.08849211726614001
3617.0 0.08878015947626737
3618.0 0.08907011558812315
3619.0 0.08936198560170737
3620.0 0.08965481256615579
3621.0 0.08995051038319685
3622.0 0.09024812210196632
3623.0 0.09054860467332843
3624.0 0.09085195809728315
3625.0 0.09115722542296631
3626.0 0.0914653636012421
3627.0 0.09177732958297474
3628.0 0.09209312336816422
3629.0 0.09241178800594632
3630.0 0.09273428044718528
3631.0 0.09305964374101684
3632.0 0.09339074874003368
3633.0 0.09372472459164316
3634.0 0.09406348519757368
3635.0 0.09440703055782527
3636.0 0.09475440372153368
3637.0 0.09510751859042738
3638.0 0.09546541821364211
3639.0 0.0958281025911779
3640.0 0.09619557172303474
3641.0 0.09656878256007685
3642.0 0.09694677815144
3643.0 0.09733051544798842
3644.0 0.09771999444972211
3645.0 0.09811425820577684
3646.0 0.09851426366701684
3647.0 0.09892001083344211
3648.0 0.09933149970505263
3649.0 0.09974873028184841
3650.0 0.10017170256382947
3651.0 0.10060137350186
3652.0 0.10103582919421157
3653.0 0.10147602659174842
3654.0 0.10192292264533474
3655.0 0.10237556040410632
3656.0 0.10283298291719895
3657.0 0.10329806103720526
3658.0 0.10376792391153264
3659.0 0.10424448544190948
3660.0 0.10472678867747158
3661.0 0.10521483361821896
3662.0 0.10570957721501578
3663.0 0.1062091055661337
3664.0 0.10671533257330106
3665.0 0.10722730128565368
3666.0 0.10774501170319158
3667.0 0.10826846382591475
3668.0 0.10879765765382315
3669.0 0.10933259318691685
3670.0 0.10987231347433159
3671.0 0.11041873241779579
3672.0 0.11096993611558105
3673.0 0.11152688151855157
3674.0 0.11208956862670737
3675.0 0.11265704048918421
3676.0 0.11323025405684632
3677.0 0.11380729542796526
3678.0 0.1143910354551337
3679.0 0.11497860328575894
3680.0 0.11557095587070526
3681.0 0.11616809320997264
3682.0 0.11677001530356106
3683.0 0.11737576520060632
3684.0 0.11798629985197263
3685.0 0.11860066230679579
3686.0 0.11921980951594
3687.0 0.11984182757767685
3688.0 0.12046863039373473
3689.0 0.12109830406238525
3690.0 0.12173180553449262
3691.0 0.12236913481005683
3692.0 0.12300933493821367
3693.0 0.12365144896809895
3694.0 0.12429739080144106
3695.0 0.12494620348737578
3696.0 0.12559693007503894
3697.0 0.12625052751529472
3698.0 0.12690603885727897
3699.0 0.1275644210518558
3700.0 0.12822376019729684
3701.0 0.1288840562936021
3702.0 0.1295472232425
3703.0 0.13021039019139788
3704.0 0.1308754710420242
3705.0 0.13154150884351473
3706.0 0.13220850359586947
3707.0 0.1328754983482242
3708.0 0.13354345005144316
3709.0 0.13421140175466212
3710.0 0.13487935345788105
3711.0 0.13554826211196422
3712.0 0.13621717076604736
3713.0 0.13688607942013054
3714.0 0.1375549880742137
3715.0 0.13822293977743264
3716.0 0.13889089148065156
3717.0 0.13955884318387052
3718.0 0.14022583793622526
3719.0 0.1408918757377158
3720.0 0.1415569565883421
3721.0 0.14222108048810422
3722.0 0.14288424743700212
3723.0 0.1435464574350358
3724.0 0.14420771048220526
3725.0 0.14486704962764632
3726.0 0.14552447487135897
3727.0 0.14618094316420738
3728.0 0.14683645450619157
3729.0 0.14748909499558316
3730.0 0.14813982158324632
3731.0 0.14878863426918107
3732.0 0.14943649000425158
3733.0 0.15008051793586527
3734.0 0.15072358891661475
3735.0 0.1513637890447716
3736.0 0.1520011183203358
3737.0 0.1526365336941716
3738.0 0.15326907821541474
3739.0 0.15389875188406527
3740.0 0.15452651165098738
3741.0 0.15515044361445263
3742.0 0.15577150472532528
3743.0 0.15639065193446947
3744.0 0.15700501438929262
3745.0 0.15761746294238738
3746.0 0.15822608369202526
3747.0 0.15883183358907055
3748.0 0.15943471263352316
3749.0 0.16003280692365474
3750.0 0.1606289873120579
3751.0 0.16122038294614002
3752.0 0.16180890772762946
3753.0 0.1623936047056621
3754.0 0.1629754308311021
3755.0 0.16355247220222105
3756.0 0.16412568576988315
3757.0 0.16469602848495263
3758.0 0.16526158644570105
3759.0 0.16582427355385684
3760.0 0.16638217590769158
3761.0 0.16693720740893367
3762.0 0.16748745415585475
3763.0 0.16803387309931894
3764.0 0.16857646423932632
3765.0 0.16911427062501264
3766.0 0.1696492061581063
3767.0 0.17017935693687894
3768.0 0.17070567991219474
3769.0 0.17122721813318947
3770.0 0.17174588550159156
3771.0 0.17225976811567265
3772.0 0.17276886597543265
3773.0 0.17327509298260002
3774.0 0.1737765352354463
3775.0 0.1742741496848358
3776.0 0.17476697937990424
3777.0 0.17525693822238
3778.0 0.17574211231053474
3779.0 0.17622250164436842
3780.0 0.17670002012560948
3781.0 0.17717275385252948
3782.0 0.17764165977599264
3783.0 0.17810673789599896
3784.0 0.1785670312616842
3785.0 0.17902445377477683
3786.0 0.17947709153354843
3787.0 0.17992590148886314
3788.0 0.18037088364072107
3789.0 0.1808120379891221
3790.0 0.18124936453406632
3791.0 0.1816828632755537
3792.0 0.18211253421358423
3793.0 0.1825383773481579
3794.0 0.18296039267927475
3795.0 0.18337953715779895
3796.0 0.18379389688200212
3797.0 0.18420538575361264
3798.0 0.18461304682176632
3799.0 0.18501783703732738
3800.0 0.18541784249856735
3801.0 0.18581593405807895
3802.0 0.1862101978141337
3803.0 0.18660063376673158
3804.0 0.18698819886673684
3805.0 0.18737289311414948
3806.0 0.18775375955810528
3807.0 0.18813175514946842
3808.0 0.18850687988823894
3809.0 0.18887913377441684
3810.0 0.18924851680800212
3811.0 0.18961502898899474
3812.0 0.18997867031739474
3813.0 0.1903394407932021
3814.0 0.19069734041641687
3815.0 0.19105332613790316
3816.0 0.19140644100679685
3817.0 0.1917566850230979
3818.0 0.19210501513767053
3819.0 0.19245143135051476
3820.0 0.1927949767107663
3821.0 0.1931366081692895
3822.0 0.19347632572608423
3823.0 0.19381412938115053
3824.0 0.19415001913448843
3825.0 0.19448303803523367
3826.0 0.19481509998511476
3827.0 0.19514524803326735
3828.0 0.1954744391305558
3829.0 0.1958007593752516
3830.0 0.19612707961994735
3831.0 0.19645052901205054
3832.0 0.1967739784041537
3833.0 0.19709551389452842
3834.0 0.19741609243403896
3835.0 0.19773571402268528
3836.0 0.19805342170960316
3837.0 0.19837112939652107
3838.0 0.19868788013257474
3839.0 0.19900367391776422
3840.0 0.1993194677029537
3841.0 0.19963430453727896
3842.0 0.19994818442074
3843.0 0.20026206430420107
3844.0 0.20057594418766211
3845.0 0.20088886712025894
3846.0 0.20120274700372
3847.0 0.20151566993631684
3848.0 0.2018285928689137
3849.0 0.20214247275237474
3850.0 0.2024563526358358
3851.0 0.20277023251929685
3852.0 0.2030841124027579
3853.0 0.20339894923708315
3854.0 0.20371474302227266
3855.0 0.2040305368074621
3856.0 0.20434824449438002
3857.0 0.2046659521812979
3858.0 0.20498461681908
3859.0 0.20530519535859054
3860.0 0.20562577389810108
3861.0 0.20594826633934
3862.0 0.20627171573144315
3863.0 0.20659707902527474
3864.0 0.20692435622083474
3865.0 0.20725259036725893
3866.0 0.20758178146454737
3867.0 0.2079128864635642
3868.0 0.20824590536430948
3869.0 0.20857988121591894
3870.0 0.20891672792012106
3871.0 0.20925357462432317
3872.0 0.20959329218111789
3873.0 0.20993396668877684
3874.0 0.2102765550981642
3875.0 0.21062105740928003
3876.0 0.21096651667125998
3877.0 0.21131484678583262
3878.0 0.21166413385126948
3879.0 0.21201533481843474
3880.0 0.21236844968732843
3881.0 0.21272252150708632
3882.0 0.21307946417943685
3883.0 0.2134383207535158
3884.0 0.21379909122932317
3885.0 0.21416081865599473
3886.0 0.21452541693525895
3887.0 0.21489097216538738
3888.0 0.21525939824810844
3889.0 0.2156297382325579
3890.0 0.2160019921187358
3891.0 0.2163761599066421
3892.0 0.21675224159627685
3893.0 0.21713023718764
3894.0 0.21751014668073157
3895.0 0.2178929270264158
3896.0 0.21827666432296422
3897.0 0.21866327247210526
3898.0 0.21905179452297474
3899.0 0.21944318742643684
3900.0 0.21983553728076316
3901.0 0.22023075798768213
3902.0 0.22062789259632948
3903.0 0.22102789805756948
3904.0 0.2214288604696737
3905.0 0.22183269373437053
3906.0 0.22223939785166
3907.0 0.2226480158706779
3908.0 0.2230585477914242
3909.0 0.22347099361389897
3910.0 0.22388631028896633
3911.0 0.2243044978166263
3912.0 0.22472459924601473
3913.0 0.2251466145771316
3914.0 0.22557150076084106
3915.0 0.22599830084627898
3916.0 0.22642701483344527
3917.0 0.22685955662406843
3918.0 0.2272930553655558
3919.0 0.22772942495963577
3920.0 0.22816866540630842
3921.0 0.22860981975470948
3922.0 0.22905384495570316
3923.0 0.22949978405842528
3924.0 0.2299476370628758
3925.0 0.23039931787078316
3926.0 0.23085195562955474
3927.0 0.2313084211917832
3928.0 0.23176680065573999
3929.0 0.23222709402142527
3930.0 0.23269025823970318
3931.0 0.2331562933105737
3932.0 0.23362424228317263
3933.0 0.2340941051575
3934.0 0.23456779583528423
3935.0 0.23504244346393263
3936.0 0.2355209188960379
3937.0 0.2360013082298716
3938.0 0.2364836114654337
3939.0 0.23696974250445263
3940.0 0.2374568304943358
3941.0 0.23794774628767582
3942.0 0.23843961903188
3943.0 0.23893531957954103
3944.0 0.2394329340289305
3945.0 0.23993246238004842
3946.0 0.24043486158375896
3947.0 0.2409401316400621
3948.0 0.24144731559809368
3949.0 0.24195641345785368
3950.0 0.2424683821702063
3951.0 0.24298322173515155
3952.0 0.24349997520182529
3953.0 0.24401959952109156
3954.0 0.2445411377420863
3955.0 0.2450645898648095
3956.0 0.24559091284012527
3957.0 0.24611914971716947
3958.0 0.2466502574468063
3959.0 0.24718327907817159
3960.0 0.2477191715621295
3961.0 0.24825697794781582
3962.0 0.24879669823523057
3963.0 0.24933928937523792
3964.0 0.2498828374661095
3965.0 0.25043021336043786
3966.0 0.2509785462056305
3967.0 0.2515297499034158
3968.0 0.2520828675029295
3969.0 0.25263789900417155
3970.0 0.2531958013580063
3971.0 0.2537546606627053
3972.0 0.25431639081999685
3973.0 0.2548800348790169
3974.0 0.25544559283976526
3975.0 0.2560130647022421
3976.0 0.2565824504664474
3977.0 0.25715375013238106
3978.0 0.25772696370004317
3979.0 0.2583020911694337
3980.0 0.25887913254055267
3981.0 0.25945808781339996
3982.0 0.2600389569879758
3983.0 0.2606207831134158
3984.0 0.2612054800914484
3985.0 0.26179113402034526
3986.0 0.2623787018509705
3987.0 0.26296722663246
3988.0 0.26355862226654214
3989.0 0.2641509748514884
3990.0 0.26474428438729897
3991.0 0.2653395078248379
3992.0 0.26593664516410526
3993.0 0.2665347394542369
3994.0 0.26713379069523263
3995.0 0.26773475583795686
3996.0 0.26833667793154525
3997.0 0.2689405139268621
3998.0 0.2695453068730432
3999.0 0.27015105677008844
4000.0 0.2707577636179979
4001.0 0.27136638436763577
4002.0 0.2719750051172737
4003.0 0.27258553976864
4004.0 0.2731960744200063
4005.0 0.27380852297310104
4006.0 0.2744209715261958
4007.0 0.27503437703015476
4008.0 0.2756487394849779
4009.0 0.2762640588906653
4010.0 0.2768793782963526
4011.0 0.27749661160376843
4012.0 0.27811288796032
4013.0 0.2787301212677358
4014.0 0.2793483115260158
4015.0 0.27996650178429583
4016.0 0.28058564899344
4017.0 0.28120383925172
4018.0 0.28182298646086423
4019.0 0.28244309062087264
4020.0 0.2830622378300168
4021.0 0.28368138503916107
4022.0 0.2843014891991695
4023.0 0.28492063640831367
4024.0 0.2855397836174579
4025.0 0.28615893082660215
4026.0 0.2867780780357463
4027.0 0.28739722524489053
4028.0 0.28801541550317056
4029.0 0.28863264881058637
4030.0 0.28925083906886634
4031.0 0.2898671154254179
4032.0 0.29048339178196947
4033.0 0.29109871118765684
4034.0 0.2917140305933442
4035.0 0.29232743609730316
4036.0 0.2929408416012621
4037.0 0.2935523332034926
4038.0 0.2941638248057231
4039.0 0.29477435945708946
4040.0 0.2953829802067274
4041.0 0.2959916009563653
4042.0 0.29659830780427476
4043.0 0.29720405770132
4044.0 0.2978098075983653
4045.0 0.2984136435936821
4046.0 0.2990165226381348
4047.0 0.29961748778085895
4048.0 0.3002184529235832
4049.0 0.300817504164579
4050.0 0.30141559845471055
4051.0 0.3020127357939779
4052.0 0.30260891618238106
4053.0 0.30320318266905577
4054.0 0.3037964922048663
4055.0 0.30438788783894843
4056.0 0.30497928347303055
4057.0 0.30556876520538423
4058.0 0.3061563330360095
4059.0 0.3067439008666348
4060.0 0.3073295547955316
4061.0 0.3079132948227
4062.0 0.3084960778990042
4063.0 0.3090779040244442
4064.0 0.3096578162481558
4065.0 0.31023581457013893
4066.0 0.3108128559412579
4067.0 0.31138894036151266
4068.0 0.3119631108800389
4069.0 0.3125363244477011
4070.0 0.31310762411363474
4071.0 0.31367700987784003
4072.0 0.31424543869118104
4073.0 0.3148119536027937
4074.0 0.3153775115635421
4075.0 0.3159411556225621
4076.0 0.3165028857798537
4077.0 0.317063658986281
4078.0 0.31762251829098004
4079.0 0.3181794636939505
4080.0 0.3187354521460568
4081.0 0.31928952669643473
4082.0 0.3198416873450842
4083.0 0.3203919340920053
4084.0 0.32094122388806207
4085.0 0.3214885997823905
4086.0 0.32203406177499055
4087.0 0.32257760986586215
4088.0 0.32312020100586947
4089.0 0.32365992129328425
4090.0 0.32419868462983475
4091.0 0.32473553406465683
4092.0 0.32527142654861474
4093.0 0.32580444817998
4094.0 0.3263355559096168
4095.0 0.3268657066883895
4096.0 0.3273929866145695
4097.0 0.32791930958988524
4098.0 0.3284437186634726
4099.0 0.3289662138353316
