calculator/instruments/lris/plaintext_files/blue_MIRROR_600-4000.txt
# %ECSV 1.0
# ---
# datatype:
# - {name: WAV, unit: Angstrom, datatype: float32}
# - {name: EFF, datatype: float64}
# meta: !!omap
# - {GRISM: 600/4000}
# - {DICHROIC: MIRROR}
# schema: astropy-2.0
WAV EFF
[from data line 2015]
5215.0 0.403653
5216.0 0.403452
5217.0 0.40325
5218.0 0.403048
5219.0 0.402845
5220.0 0.402643
5221.0 0.40244
5222.0 0.402237
5223.0 0.402035
5224.0 0.401832
5225.0 0.401629
5226.0 0.401426
5227.0 0.401223
5228.0 0.401021
5229.0 0.400818
5230.0 0.400616
5231.0 0.400414
5232.0 0.400212
5233.0 0.400011
5234.0 0.399809
5235.0 0.399609
5236.0 0.399408
5237.0 0.399208
5238.0 0.399009
5239.0 0.39881
5240.0 0.398612
5241.0 0.398414
5242.0 0.398217
5243.0 0.398022
5244.0 0.397826
5245.0 0.397632
5246.0 0.397439
5247.0 0.397246
5248.0 0.397055
5249.0 0.396864
5250.0 0.396675
5251.0 0.396487
5252.0 0.3963
5253.0 0.396114
5254.0 0.39593
5255.0 0.395747
5256.0 0.395566
5257.0 0.395386
5258.0 0.395208
5259.0 0.395031
5260.0 0.394855
5261.0 0.394682
5262.0 0.39451
5263.0 0.394341
5264.0 0.394173
5265.0 0.394007
5266.0 0.393843
5267.0 0.393681
5268.0 0.393521
5269.0 0.393363
5270.0 0.393207
5271.0 0.393053
5272.0 0.392902
5273.0 0.392753
5274.0 0.392606
5275.0 0.392461
5276.0 0.392319
5277.0 0.39218
5278.0 0.392042
5279.0 0.391908
5280.0 0.391775
5281.0 0.391646
5282.0 0.391519
5283.0 0.391394
5284.0 0.391272
5285.0 0.391153
5286.0 0.391037
5287.0 0.390923
5288.0 0.390812
5289.0 0.390704
5290.0 0.390599
5291.0 0.390497
5292.0 0.390397
5293.0 0.3903
5294.0 0.390206
5295.0 0.390115
5296.0 0.390027
5297.0 0.389942
5298.0 0.38986
5299.0 0.389781
5300.0 0.389705
5301.0 0.389632
5302.0 0.389562
5303.0 0.389494
5304.0 0.38943
5305.0 0.389369
5306.0 0.389311
5307.0 0.389256
5308.0 0.389203
5309.0 0.389154
5310.0 0.389108
5311.0 0.389065
5312.0 0.389024
5313.0 0.388987
5314.0 0.388952
5315.0 0.388921
5316.0 0.388892
5317.0 0.388866
5318.0 0.388843
5319.0 0.388823
5320.0 0.388806
5321.0 0.388791
5322.0 0.388779
5323.0 0.38877
5324.0 0.388764
5325.0 0.38876
5326.0 0.388759
5327.0 0.388761
5328.0 0.388765
5329.0 0.388771
5330.0 0.388781
5331.0 0.388792
5332.0 0.388806
5333.0 0.388822
5334.0 0.388841
5335.0 0.388862
5336.0 0.388885
5337.0 0.38891
5338.0 0.388937
5339.0 0.388967
5340.0 0.388998
5341.0 0.389032
5342.0 0.389067
5343.0 0.389104
5344.0 0.389143
5345.0 0.389183
5346.0 0.389226
5347.0 0.38927
5348.0 0.389316
5349.0 0.389363
5350.0 0.389412
5351.0 0.389462
5352.0 0.389513
5353.0 0.389566
5354.0 0.38962
5355.0 0.389676
5356.0 0.389732
5357.0 0.389789
5358.0 0.389848
5359.0 0.389907
5360.0 0.389968
5361.0 0.390029
5362.0 0.390091
5363.0 0.390154
5364.0 0.390217
5365.0 0.390282
5366.0 0.390346
5367.0 0.390412
5368.0 0.390478
5369.0 0.390544
5370.0 0.390611
5371.0 0.390678
5372.0 0.390745
5373.0 0.390813
5374.0 0.390881
5375.0 0.390949
5376.0 0.391017
5377.0 0.391086
5378.0 0.391154
5379.0 0.391223
5380.0 0.391291
5381.0 0.39136
5382.0 0.391428
5383.0 0.391497
5384.0 0.391565
5385.0 0.391634
5386.0 0.391702
5387.0 0.39177
5388.0 0.391838
5389.0 0.391905
5390.0 0.391973
5391.0 0.39204
5392.0 0.392107
5393.0 0.392174
5394.0 0.392241
5395.0 0.392308
5396.0 0.392374
5397.0 0.39244
5398.0 0.392506
5399.0 0.392571
5400.0 0.392637
5401.0 0.392703
5402.0 0.392768
5403.0 0.392833
5404.0 0.392898
5405.0 0.392963
5406.0 0.393028
5407.0 0.393093
5408.0 0.393158
5409.0 0.393222
5410.0 0.393287
5411.0 0.393352
5412.0 0.393417
5413.0 0.393483
5414.0 0.393548
5415.0 0.393614
5416.0 0.39368
5417.0 0.393746
5418.0 0.393813
5419.0 0.39388
5420.0 0.393948
5421.0 0.394016
5422.0 0.394085
5423.0 0.394154
5424.0 0.394224
5425.0 0.394295
5426.0 0.394367
5427.0 0.394439
5428.0 0.394512
5429.0 0.394586
5430.0 0.394662
5431.0 0.394738
5432.0 0.394816
5433.0 0.394894
5434.0 0.394974
5435.0 0.395056
5436.0 0.395138
5437.0 0.395222
5438.0 0.395308
5439.0 0.395395
5440.0 0.395483
5441.0 0.395573
5442.0 0.395665
5443.0 0.395759
5444.0 0.395854
5445.0 0.395952
5446.0 0.396051
5447.0 0.396152
5448.0 0.396255
5449.0 0.39636
5450.0 0.396467
5451.0 0.396576
5452.0 0.396688
5453.0 0.396802
5454.0 0.396918
5455.0 0.397036
5456.0 0.397156
5457.0 0.397279
5458.0 0.397404
5459.0 0.397531
5460.0 0.397661
5461.0 0.397794
5462.0 0.397928
5463.0 0.398065
5464.0 0.398205
5465.0 0.398347
5466.0 0.398492
5467.0 0.398639
5468.0 0.398788
5469.0 0.39894
5470.0 0.399095
5471.0 0.399252
5472.0 0.399411
5473.0 0.399573
5474.0 0.399738
5475.0 0.399905
5476.0 0.400075
5477.0 0.400246
5478.0 0.400421
5479.0 0.400597
5480.0 0.400777
5481.0 0.400958
5482.0 0.401142
5483.0 0.401328
5484.0 0.401516
5485.0 0.401707
5486.0 0.4019
5487.0 0.402096
5488.0 0.402293
5489.0 0.402493
5490.0 0.402695
5491.0 0.402899
5492.0 0.403105
5493.0 0.403314
5494.0 0.403524
5495.0 0.403736
5496.0 0.403951
5497.0 0.404167
5498.0 0.404386
5499.0 0.404606
5500.0 0.404829
5501.0 0.405053
5502.0 0.40528
5503.0 0.405508
5504.0 0.405738
5505.0 0.405971
5506.0 0.406205
5507.0 0.406441
5508.0 0.406679
5509.0 0.406919
5510.0 0.407161
5511.0 0.407405
5512.0 0.407651
5513.0 0.407899
5514.0 0.408149
5515.0 0.408401
5516.0 0.408655
5517.0 0.408911
5518.0 0.40917
5519.0 0.40943
5520.0 0.409693
5521.0 0.409958
5522.0 0.410225
5523.0 0.410495
5524.0 0.410766
5525.0 0.411041
5526.0 0.411317
5527.0 0.411596
5528.0 0.411878
5529.0 0.412162
5530.0 0.412448
5531.0 0.412737
5532.0 0.413029
5533.0 0.413323
5534.0 0.41362
5535.0 0.41392
5536.0 0.414222
5537.0 0.414526
5538.0 0.414834
5539.0 0.415144
5540.0 0.415456
5541.0 0.415771
5542.0 0.416088
5543.0 0.416408
5544.0 0.41673
5545.0 0.417055
5546.0 0.417381
5547.0 0.417709
5548.0 0.41804
5549.0 0.418372
5550.0 0.418706
5551.0 0.419041
5552.0 0.419377
5553.0 0.419714
5554.0 0.420052
5555.0 0.420391
5556.0 0.42073
5557.0 0.421068
5558.0 0.421407
5559.0 0.421745
5560.0 0.422082
5561.0 0.422418
5562.0 0.422752
5563.0 0.423084
5564.0 0.423414
5565.0 0.423742
5566.0 0.424067
5567.0 0.424388
5568.0 0.424706
5569.0 0.425021
5570.0 0.425331
5571.0 0.425637
5572.0 0.425938
5573.0 0.426235
5574.0 0.426527
5575.0 0.426815
5576.0 0.427097
5577.0 0.427376
5578.0 0.42765
5579.0 0.427921
5580.0 0.428188
5581.0 0.428453
5582.0 0.428716
5583.0 0.428979
5584.0 0.429243
5585.0 0.429509
5586.0 0.429779
5587.0 0.430056
5588.0 0.430342
5589.0 0.43064
5590.0 0.430954
5591.0 0.431286
5592.0 0.431642
5593.0 0.432026
5594.0 0.432444
5595.0 0.432902
5596.0 0.433407
5597.0 0.433967
5598.0 0.43459
5599.0 0.435285
5600.0 0.436064
