calculator/instruments/lris/plaintext_files/blue_D460_400-3400.txt
# %ECSV 1.0
# ---
# datatype:
# - {name: WAV, unit: Angstrom, datatype: float32}
# - {name: EFF, datatype: float64}
# meta: !!omap
# - {GRISM: 400/3400}
# - {DICHROIC: D460}
# schema: astropy-2.0
WAV EFF
[from data line 1211]
4311.0 0.4525860834249116
4312.0 0.45241574617108216
4313.0 0.45224636586811684
4314.0 0.4520760286142874
4315.0 0.45190473440959367
4316.0 0.4517334402049
4317.0 0.45156214600020633
4318.0 0.45139085179551264
4319.0 0.4512186006399548
4320.0 0.45104634948439687
4321.0 0.45087409832883896
4322.0 0.45070184717328104
4323.0 0.45052863906685897
4324.0 0.45035543096043684
4325.0 0.45018222285401477
4326.0 0.45000901474759264
4327.0 0.4498358066411705
4328.0 0.4496616415838842
4329.0 0.4494884334774621
4330.0 0.4493142684201758
4331.0 0.4491401033628895
4332.0 0.44896593830560316
4333.0 0.4487917732483168
4334.0 0.4486176081910306
4335.0 0.44844248618287996
4336.0 0.4482683211255937
4337.0 0.44809319911744316
4338.0 0.4479190340601569
4339.0 0.44774391205200637
4340.0 0.44756974699472
4341.0 0.4473946249865695
4342.0 0.44721950297841895
4343.0 0.44704438097026844
4344.0 0.44687021591298215
4345.0 0.4466950939048316
4346.0 0.4465209288475453
4347.0 0.44634580683939473
4348.0 0.44617164178210844
4349.0 0.4459965197739579
4350.0 0.4458223547166716
4351.0 0.4456472327085211
4352.0 0.44547306765123473
4353.0 0.44529890259394844
4354.0 0.4451247375366621
4355.0 0.44495152943024
4356.0 0.4447773643729537
4357.0 0.4446031993156674
4358.0 0.44442999120924526
4359.0 0.4442567831028231
4360.0 0.44408357499640105
4361.0 0.443910366889979
4362.0 0.4437371587835568
4363.0 0.443564907627999
4364.0 0.44339169952157687
4365.0 0.44321944836601895
4366.0 0.44304719721046104
4367.0 0.4428759030057674
4368.0 0.44270460880107365
4369.0 0.4425323576455158
4370.0 0.4423620203916863
4371.0 0.4421907261869927
4372.0 0.4420194319822989
4373.0 0.44185005167933367
4374.0 0.4416797144255042
4375.0 0.4415093771716747
4376.0 0.44133999686870945
4377.0 0.44117061656574424
4378.0 0.441001236262779
4379.0 0.44083281291067794
4380.0 0.44066438955857684
4381.0 0.44049692315734
4382.0 0.44032849980523897
4383.0 0.4401610334040021
4384.0 0.4399945239536295
4385.0 0.43982705755239265
4386.0 0.4396615050528842
4387.0 0.4394949956025116
4388.0 0.43932944310300315
4389.0 0.43916389060349476
4390.0 0.43899833810398636
4391.0 0.43883374255534213
4392.0 0.4386701039575621
4393.0 0.4385055084089179
4394.0 0.4383418698111379
4395.0 0.4381791881642221
4396.0 0.43801650651730634
4397.0 0.43785382487039054
4398.0 0.43769210017433896
4399.0 0.4375303754782874
4400.0 0.4373686507822358
4401.0 0.43720788303704844
4402.0 0.4370471152918611
4403.0 0.4368873044975379
4404.0 0.43672749370321473
4405.0 0.4365686398597558
4406.0 0.4364097860162969
4407.0 0.4362509321728379
4408.0 0.4360930352802431
4409.0 0.43593609533851263
4410.0 0.4357791553967821
4411.0 0.4356222154550516
4412.0 0.4354662324641853
4413.0 0.4353102494733189
4414.0 0.43515522343331686
4415.0 0.43500019739331475
4416.0 0.43484612830417685
4417.0 0.43469205921503895
4418.0 0.43453894707676527
4419.0 0.4343858349384916
4420.0 0.43423272280021785
4421.0 0.4340815245636726
4422.0 0.4339293693762632
4423.0 0.4337781711397179
4424.0 0.43362792985403686
4425.0 0.4334776885683558
4426.0 0.4333274472826747
4427.0 0.4331791198987221
4428.0 0.4330298355639053
4429.0 0.43288150817995263
4430.0 0.43273413774686426
4431.0 0.43258676731377577
4432.0 0.4324403538315516
4433.0 0.4322939403493274
4434.0 0.4321484838179674
4435.0 0.43200302728660733
4436.0 0.4318575707552474
4437.0 0.4317140281256158
4438.0 0.43157048549598426
4439.0 0.43142694286635264
4440.0 0.43128435718758523
4441.0 0.43114177150881794
4442.0 0.43099918583005054
4443.0 0.43085851405301157
4444.0 0.43071784227597265
4445.0 0.4305771704989337
4446.0 0.430437455672759
4447.0 0.43029869779744845
4448.0 0.4301589829712737
4449.0 0.4300211820468274
4450.0 0.42988338112238106
4451.0 0.42974558019793474
4452.0 0.42960873622435264
4453.0 0.42947284920163475
4454.0 0.42933696217891687
4455.0 0.4292020321070632
4456.0 0.4290671020352095
4457.0 0.4289321719633558
4458.0 0.4287981988423663
4459.0 0.428665182672241
4460.0 0.4285321665021158
4461.0 0.42840010728285477
4462.0 0.4282680480635937
4463.0 0.4281359888443326
4464.0 0.4280058435268
4465.0 0.4278756982092674
4466.0 0.4277455528917347
4467.0 0.42761540757420213
4468.0 0.42748621920753366
4469.0 0.4273579877917295
4470.0 0.42722975637592525
4471.0 0.42710248191098527
4472.0 0.4269752074460453
4473.0 0.42684888993196946
4474.0 0.4267225724178937
4475.0 0.42659721185468213
4476.0 0.4264718512914706
4477.0 0.4263474476791232
4478.0 0.4262230440667758
4479.0 0.42609959740529263
4480.0 0.4259761507438095
4481.0 0.42585270408232634
4482.0 0.42573117132257154
4483.0 0.42560868161195264
4484.0 0.4254871488521979
4485.0 0.4253665730433074
4486.0 0.42524599723441686
4487.0 0.42512637837639056
4488.0 0.42500675951836425
4489.0 0.4248871406603379
4490.0 0.4247684787531758
4491.0 0.4246507737968779
4492.0 0.42453306884058
4493.0 0.42441536388428214
4494.0 0.42429861587884843
4495.0 0.424182824824279
4496.0 0.42406703376970944
4497.0 0.42395124271514
4498.0 0.42383640861143473
4499.0 0.42372157450772946
4500.0 0.4236067404040242
4501.0 0.42360678086333947
4502.0 0.4236058036217258
4503.0 0.4236978081744364
4504.0 0.42386299496853164
4505.0 0.42402413981234177
4506.0 0.42416330876717184
4507.0 0.42430234626025287
4508.0 0.4245080307868822
4509.0 0.42474643104207893
4510.0 0.424980253457206
4511.0 0.42519178489658854
4512.0 0.425404112478033
4513.0 0.42563763798391235
4514.0 0.4258779759133128
4515.0 0.4261457079742713
4516.0 0.4264667575213651
4517.0 0.42678855490911133
4518.0 0.426971824364277
4519.0 0.42713850608324105
4520.0 0.42736903670843857
4521.0 0.4276743278957327
4522.0 0.4279803958652448
4523.0 0.42838351885965514
4524.0 0.4287863868343308
4525.0 0.42898145163013035
4526.0 0.42902007418083005
4527.0 0.4290774840605029
4528.0 0.4292684922117035
4529.0 0.42946033208854795
4530.0 0.4296340233952648
4531.0 0.4297981299623701
4532.0 0.4298365974308776
4533.0 0.42947047620325485
4534.0 0.4291064379800013
4535.0 0.42902944336470705
4536.0 0.42902439242359997
4537.0 0.42907363279972943
4538.0 0.4292228540749156
4539.0 0.42937097671428337
4540.0 0.429343413129458
4541.0 0.4292983578085436
4542.0 0.42915645880642783
4543.0 0.42890334420014764
4544.0 0.42864835721485894
4545.0 0.42829992385144616
4546.0 0.4279506283963442
4547.0 0.4276641767353773
4548.0 0.42742251681506616
4549.0 0.4271707207150847
4550.0 0.4268573147509443
4551.0 0.42654303214748573
4552.0 0.4260572347743981
4553.0 0.4254976662079629
4554.0 0.4249576931100281
4555.0 0.42447216624924017
4556.0 0.42398778965486306
4557.0 0.4234340629080143
4558.0 0.4228642401940375
4559.0 0.42231262262237473
4560.0 0.42178921920394946
4561.0 0.42126697739097435
4562.0 0.4207722047904098
4563.0 0.4202799847016642
4564.0 0.41973895996389554
4565.0 0.41914604482684453
4566.0 0.4185506571019983
4567.0 0.4179148021233645
4568.0 0.4172791909355172
4569.0 0.4167319009762761
4570.0 0.4162435202229423
4571.0 0.4157717465062123
4572.0 0.41539322171802495
4573.0 0.4150148252861789
4574.0 0.4146198788367352
4575.0 0.41421691428049023
4576.0 0.41377175567244967
4577.0 0.4132087979009654
4578.0 0.41264700184283354
4579.0 0.4122423653005561
4580.0 0.4118723130481176
4581.0 0.4115038022208016
4582.0 0.4111402210150502
4583.0 0.41077676122199774
4584.0 0.41039311232884973
4585.0 0.4100082978047038
4586.0 0.40963732598685854
4587.0 0.40928074720740193
4588.0 0.4089224147513261
4589.0 0.4085286372303306
4590.0 0.40813499502425143
4591.0 0.4078099658428472
4592.0 0.40752881233435184
4593.0 0.4072413738435221
4594.0 0.4069284613889172
4595.0 0.4066156482827334
4596.0 0.4062894774555201
4597.0 0.4059594841104923
4598.0 0.4056377412262752
4599.0 0.4053403863514549
4600.0 0.40504218709895756
4601.0 0.4047110206172879
4602.0 0.4043736668154109
4603.0 0.40401054919192625
4604.0 0.4036070923895662
4605.0 0.4032028433096447
4606.0 0.40294036015714163
4607.0 0.40268442467794996
4608.0 0.4024530617224432
4609.0 0.40224622637721164
4610.0 0.4020329328316675
4611.0 0.401747850674076
4612.0 0.4014628570466066
4613.0 0.4010902803521932
4614.0 0.4006646819496667
4615.0 0.40025125464811234
4616.0 0.39989270640686325
4617.0 0.3995333536730526
4618.0 0.39923298860043593
4619.0 0.39895121722045374
4620.0 0.39865186957994386
4621.0 0.39830711214886383
4622.0 0.3979615473808833
4623.0 0.39763852779523334
4624.0 0.3973195732851522
4625.0 0.3970142657285465
4626.0 0.3967307913278703
4627.0 0.3964455610632126
4628.0 0.3960810582461865
4629.0 0.3957124186030314
4630.0 0.395318895462026
4631.0 0.39490243081646614
4632.0 0.39449192954694967
4633.0 0.394159846456786
4634.0 0.39382604138623933
4635.0 0.39344269807641935
4636.0 0.3930288841323912
4637.0 0.3926138188221529
4638.0 0.39219199463734267
4639.0 0.3917703321866422
4640.0 0.39135162572726295
4641.0 0.3909352295522569
4642.0 0.3905252098435368
4643.0 0.3901341555244958
4644.0 0.38974233779001166
4645.0 0.3894010243944183
4646.0 0.38906711968251895
4647.0 0.3886774556773632
4648.0 0.38821079354266885
4649.0 0.3877434125885291
4650.0 0.3873406264050112
4651.0 0.386938405086563
4652.0 0.3864888372006177
4653.0 0.3859964321407001
4654.0 0.3854988876690404
4655.0 0.3849475130580331
4656.0 0.3843954750893213
4657.0 0.38389656836116837
4658.0 0.38342544609327667
4659.0 0.38295561026066344
4660.0 0.38248942545707576
4661.0 0.3820234377681345
4662.0 0.38145855530644346
4663.0 0.38086292498405766
4664.0 0.3802693016784914
4665.0 0.37968243057878936
4666.0 0.37909404199169416
4667.0 0.3785997063361632
4668.0 0.37811837304690166
4669.0 0.3776175677694098
4670.0 0.3770941466705399
4671.0 0.3765700743267525
4672.0 0.3759421251064169
4673.0 0.37531253704397444
4674.0 0.3745908374892977
4675.0 0.373794628209556
4676.0 0.3730207121765822
4677.0 0.3724432968265388
4678.0 0.37186527803476427
4679.0 0.37130768926734486
4680.0 0.3707607440091088
4681.0 0.3701737485031274
4682.0 0.3694472664155013
4683.0 0.3687202799435332
4684.0 0.3680107231585165
4685.0 0.36730688225458646
4686.0 0.36660216122317935
4687.0 0.36589355395980966
4688.0 0.36518617749129323
4689.0 0.3643490960584393
4690.0 0.36349563557246184
4691.0 0.3626581438995201
4692.0 0.3618400520658948
4693.0 0.3610206868156295
4694.0 0.36016818730857353
4695.0 0.3593152985070311
4696.0 0.35843721764808273
4697.0 0.3575401366721764
4698.0 0.3566469832042712
4699.0 0.35578567676580375
4700.0 0.35492484930165213
4701.0 0.3539930976637845
4702.0 0.35302838795239677
4703.0 0.3520919098338741
4704.0 0.3512505769109619
4705.0 0.3504097204785932
4706.0 0.34948532871824
4707.0 0.3485383138481153
4708.0 0.34757127508734337
4709.0 0.3465664854739724
4710.0 0.34556228886291374
4711.0 0.3446197221249289
4712.0 0.34368458187580037
4713.0 0.3427126888678559
4714.0 0.34169855857066256
4715.0 0.34068270252199534
4716.0 0.3395522975434104
4717.0 0.33842177671936013
4718.0 0.3373227104166424
4719.0 0.33624751512596973
4720.0 0.33516154502813783
4721.0 0.3340051086103107
4722.0 0.3328493938741229
4723.0 0.3316992404884837
4724.0 0.3305515484176171
4725.0 0.32939216830684637
4726.0 0.3281909367084169
4727.0 0.3269896858224408
4728.0 0.32576881759177234
4729.0 0.3245426600540526
4730.0 0.3233320603715266
4731.0 0.3221498695101097
4732.0 0.3209684417169033
4733.0 0.31974791632214095
4734.0 0.3185250879498143
4735.0 0.3172637768833757
4736.0 0.3159591182106892
4737.0 0.31465810372092273
4738.0 0.31344781180734566
4739.0 0.3122383165343311
4740.0 0.3109699330387063
4741.0 0.3096622004227382
4742.0 0.3083500443847362
4743.0 0.30701613990070237
4744.0 0.30568313039765216
4745.0 0.3042280311437261
4746.0 0.30272154937926293
4747.0 0.30123488721319713
4748.0 0.29980549953346736
4749.0 0.2983763651398488
4750.0 0.29715096295568066
4751.0 0.2959739318100829
4752.0 0.29468796535902947
4753.0 0.2932161076603169
4754.0 0.2917445589336845
4755.0 0.290314345936256
4756.0 0.28888815782685007
4757.0 0.28752987729585133
4758.0 0.2862428552581759
4759.0 0.284952483441381
4760.0 0.28354466727031696
4761.0 0.28213782953708727
4762.0 0.280670463626815
4763.0 0.27916427219159784
4764.0 0.27768417364430414
4765.0 0.2763407306665082
4766.0 0.27499755254100583
4767.0 0.27374020730831716
4768.0 0.2725174586853956
4769.0 0.271240549546627
4770.0 0.2698165143731769
4771.0 0.2683928231893834
4772.0 0.2669523659862274
4773.0 0.26550850163271655
4774.0 0.2641741264235222
4775.0 0.26301589882776605
4776.0 0.2618591158678816
4777.0 0.2605494102242388
4778.0 0.25923081276339877
4779.0 0.25793852286109886
4780.0 0.25667251166836197
4781.0 0.25540995197737737
4782.0 0.2541976328541814
4783.0 0.25298553561810944
4784.0 0.25174775094777396
4785.0 0.25049347588338833
4786.0 0.24924346296810654
4787.0 0.2480108545834477
4788.0 0.2467797110985205
4789.0 0.24554549393345598
4790.0 0.2443115091171944
4791.0 0.24310170011975846
4792.0 0.2419532642073278
4793.0 0.24080502637971996
4794.0 0.23980665662845804
4795.0 0.23883723779286414
4796.0 0.23788048729248445
4797.0 0.23694093055981913
4798.0 0.23600259109594957
4799.0 0.23497089963754164
4800.0 0.23393435452853784
4801.0 0.2328879866337444
4802.0 0.23183223641678644
4803.0 0.2307923178321248
4804.0 0.22996202153167342
4805.0 0.2291328388146022
4806.0 0.22829251786117064
4807.0 0.22744650257174656
4808.0 0.22658890855965477
4809.0 0.22567406072935062
4810.0 0.22475981787646837
4811.0 0.22389995979703875
4812.0 0.22305935845809755
4813.0 0.22221028972316192
4814.0 0.221341842083305
4815.0 0.22047341115738922
4816.0 0.2195787756264714
4817.0 0.21867990374779286
4818.0 0.21783638352322754
4819.0 0.2170714112327551
4820.0 0.2163074635703775
4821.0 0.21568458714352234
4822.0 0.21506697663381155
4823.0 0.21445408696586213
4824.0 0.21384611112847207
4825.0 0.21323311679377746
4826.0 0.21255906689770498
4827.0 0.21188595906947863
4828.0 0.21130123509590565
4829.0 0.21076767673720345
4830.0 0.21023475694710406
4831.0 0.20970680916276432
4832.0 0.2091791708318154
4833.0 0.20862028008775452
4834.0 0.2080522406327317
4835.0 0.20747839944971908
4836.0 0.20689291507774363
4837.0 0.20630829074617846
4838.0 0.20574886129355746
4839.0 0.20519287892261048
4840.0 0.20458603833271904
4841.0 0.20390748241160386
4842.0 0.20322983501411598
4843.0 0.20262013215533378
4844.0 0.20201266619338523
4845.0 0.20135200082202945
4846.0 0.20064662082025764
4847.0 0.19995254686055403
4848.0 0.1993639423462887
4849.0 0.1987761699012598
4850.0 0.19832636457797984
4851.0 0.19795138815028523
4852.0 0.19749069450134898
4853.0 0.19670764792975487
4854.0 0.19592554199806134
4855.0 0.19507931211109647
4856.0 0.19421367110967563
4857.0 0.19346885714774667
4858.0 0.19297905884982294
4859.0 0.19248952261472227
4860.0 0.191991630072517
4861.0 0.1914932438095942
4862.0 0.1909800367002949
4863.0 0.1904472961224422
4864.0 0.18991483824774744
4865.0 0.18932289390444315
4866.0 0.1887311323246782
4867.0 0.18808148940142647
4868.0 0.18738506614761982
4869.0 0.18671797370939125
4870.0 0.18628594095339795
4871.0 0.18585412572380466
4872.0 0.18529780230283321
4873.0 0.184677756692682
4874.0 0.18402113088671648
4875.0 0.18323405265677473
4876.0 0.1824478509983576
4877.0 0.1819136001640662
4878.0 0.181450415807363
4879.0 0.18100854358025623
4880.0 0.18061013812770046
4881.0 0.18021238059676825
4882.0 0.17952402085772265
4883.0 0.17880053202765409
4884.0 0.1781150182016969
4885.0 0.17747725662289188
4886.0 0.17684233617405593
4887.0 0.17645758390324243
4888.0 0.17607345894994345
4889.0 0.17561747127760363
4890.0 0.17510555586058432
4891.0 0.17457128441466116
4892.0 0.17387156925075894
4893.0 0.17317263839202315
4894.0 0.17248449239771993
4895.0 0.17180203188103213
4896.0 0.17113162905505974
4897.0 0.17050312488507605
4898.0 0.16987448907477562
4899.0 0.169207513460158
4900.0 0.16853090247335548
4901.0 0.1678744443428314
4902.0 0.16725633798198947
4903.0 0.16663852431167386
4904.0 0.1660575815500442
4905.0 0.16548139725984035
4906.0 0.16489752237963992
4907.0 0.1643045789505001
4908.0 0.16370933852125596
4909.0 0.16296780314119458
4910.0 0.16222661764836013
4911.0 0.16151267504893052
4912.0 0.16081853828180204
4913.0 0.16014156893119458
4914.0 0.15957799990124696
