calculator/instruments/lris/plaintext_files/red_D500_600-10000.txt
# %ECSV 1.0
# ---
# datatype:
# - {name: WAV, unit: Angstrom, datatype: float64}
# - {name: EFF, datatype: float64}
# meta: !!omap
# - {DICHROIC: D500}
# - {GRATING: 600/10000}
# schema: astropy-2.0
WAV EFF
[from data line 428]
7961.221022257341 0.3195113941002961
7964.46455553358 0.3190428300302461
7967.7071119960165 0.31975494704288854
7970.9496684653805 0.31985370750857034
7974.1932017624185 0.3200702530737944
7977.437223476749 0.31998259414788255
7980.679291556479 0.31995526674627095
7983.921848053482 0.3201869748698329
7987.97565419739 0.3214634943842647
7991.2211411721555 0.3209804755126684
7994.465162922656 0.3211738433268707
7997.709184680019 0.32204112531553114
8000.952229623469 0.3226267383424212
8004.196251394531 0.323263975970386
8007.441738403584 0.32232702242841454
8010.684294957154 0.32325777332105854
8013.929781979862 0.3228669335717611
8017.172826957445 0.3239245556710337
8020.418313993773 0.3238041874081747
8024.4755391065355 0.32391151314701927
8027.720049337365 0.3247485682365082
8030.966024806152 0.3246045796298629
8034.21053505053 0.3255435573671432
8037.455533712061 0.3254107920405077
8040.701020790738 0.3257501948576856
8043.946019465765 0.32604913451880735
8047.191506557923 0.3269380805031814
8050.436016836013 0.32712990427898364
8053.682969172818 0.3261974285287308
8057.740682782466 0.3271582127185022
8060.987146723968 0.32779159180153317
8064.233610672166 0.32767400381815337
8067.480563037455 0.3283537220737265
8070.7270269990195 0.3281755488134688
8073.973490967255 0.32835542377340443
8077.219954942153 0.32896327346104764
8080.466418923701 0.32883597717738117
8083.713859732714 0.32896544045479964
8086.960323727548 0.329467192396917
8090.206787729012 0.33021424812056577
8094.264989842748 0.3302083694626997
8097.512430679919 0.33026180354733403
8100.759383113281 0.33055282107282774
8104.007312374068 0.3310259068944713
8107.255241641446 0.33077604395275656
8110.502682504988 0.33102231020122375
8113.751100195937 0.3313495618620702
8116.998541072615 0.3325500271898916
8120.247447187108 0.33198901945854375
8123.495376487313 0.33257024227873294
8126.74379420448 0.3328486936197431
8130.803461641884 0.3331678826597608
8134.051390963314 0.33271185108192314
8137.298831880832 0.33374401941278453
8140.548714856985 0.33322158325053514
8143.795667377078 0.33371463381102795
8147.044573545371 0.3340999753842568
8150.2925028992895 0.3339713165226543
8153.541409080541 0.33468948629044354
8156.790315268262 0.3349300548950609
8160.040198283306 0.3347332171934272
8163.288616073508 0.3349352987587985
8167.349260422925 0.3353532347850182
8170.597678227609 0.33572864740830044
8173.847561270029 0.33542887856859055
8177.0969559084315 0.33604209620397785
8180.346838963683 0.33531365084636794
8183.595745204462 0.3360255235762403
8186.845139862074 0.3365122173854884
8190.095022936517 0.33632055949895173
8193.344417606897 0.3368804675428337
8196.595277514982 0.3361224395530644
8200.657875588151 0.33681625478483607
8203.907758689658 0.3369883899054206
8207.156664976623 0.337419415515304
8210.408501732607 0.3372560133865497
8213.658384853139 0.3372973632520677
8216.908267979994 0.33743352412785005
8220.158151113164 0.33793870632850204
8223.409011073545 0.3379297100455298
8226.659871040229 0.338008898326101
8229.909754192306 0.33790478500682286
8233.159637350664 0.3383870314904716
8237.223212333578 0.33833674419351956
8240.474072326962 0.33832777429247024
8243.724932326613 0.33836792926273734
8246.974815511601 0.3390603841631204
8250.22567552375 0.3391471991979391
8253.477512363059 0.33883783829125
8256.72837238768 0.33906358862445946
8259.97923241853 0.33907690812456875
8263.230092455595 0.33926359859573624
8266.480952498867 0.3393578864887105
8269.732789369269 0.33909990020510905
8273.79636443982 0.33932158974082466
8277.047224503222 0.3397720904287047
8280.29906139373 0.33934551708251665
8283.54992146948 0.33936548303675673
8286.800781551387 0.3396706551526185
8290.051641639446 0.3397325992675775
8293.303478554595 0.33971631669510916
8296.555315475885 0.3397041456449781
8299.807152403308 0.33981567610111924
8303.058989336858 0.33953513552318426
8306.309849455578 0.339991477578146
8310.374401433519 0.340004231886006
8313.625261565972 0.3396497565346735
8316.877098525474 0.33978128200260826
8320.128935491062 0.339658954488838
8323.38077246273 0.3397810236407442
8326.63358626143 0.340177432966684
8329.885423245236 0.33999134119972924
8333.136283414131 0.34061704615662036
8336.388120410043 0.34010021580827415
8339.638980591028 0.3403708342719416
8342.891794419984 0.34061037726157606
8346.9563464832 0.34106997737574274
8350.20818350474 0.34052659295854115
8353.460997353266 0.34074301985219546
8356.713811207797 0.3407509145625693
8359.96564824735 0.34063220590715504
8363.218462113871 0.34038216581433506
8366.47127598638 0.3405120854070951
8369.722136222897 0.34159837446794133
8372.974950107351 0.340525516890589
8376.226787176774 0.3410988977345965
8380.292316137673 0.3408731354866067
8383.545130041475 0.3409299213497113
8386.797943951218 0.3402514443962648
8390.049781045898 0.34034769396314446
8393.301618146497 0.3406687927301974
8396.55443207401 0.3402922524589941
8399.808222828437 0.3402119206163294
8403.05908312576 0.340842438983319
8406.311897070982 0.3409719235722168
8409.56275738008 0.341362051130304
8412.816548158078 0.3408532452621226
8416.88207720207 0.3413105912956609
8420.133914351254 0.3411516562176078
8423.387705148325 0.3415345196946154
8426.639542309218 0.34166898571820714
8429.89235629697 0.34187107478663836
8433.145170290558 0.3415566904767307
8436.396030647931 0.3417032602722969
8439.649821474191 0.34124319836871614
8442.901658664225 0.34212232706504464
8446.15349586006 0.3418171281858498
8449.40826352478 0.34136475468019595
8453.473792650748 0.3411013494119627
8456.724653044377 0.34229987756737146
8459.976490264811 0.3426002023251523
8463.230281133088 0.34186114986477395
8466.482118365058 0.3423221656936763
8469.734932423824 0.34241238982523914
8472.987746488338 0.3423220758122076
8476.239583737555 0.3426209305154575
8479.493374634596 0.3420287873228611
8482.745211895277 0.34255870943077843
8485.999002803776 0.34207986165183674
8490.0625783685 0.3428488726529316
8493.315392468801 0.3431582894903828
8496.5682065748 0.3431643380036123
8499.821020686499 0.34343668906837205
8503.072857982823 0.3432704408467401
8506.326648926944 0.3431255449594789
8509.57848623462 0.3437909706842525
8512.830323547965 0.3434750721700508
8516.084114509089 0.34331243550042556
8519.334975012674 0.3440467019595169
8523.399527471154 0.3440064710058774
8526.65234162956 0.3443364975039556
8529.905155793596 0.34478573170344917
8533.15699314219 0.34488782925884337
8536.409807317465 0.3446913540860292
8539.66164467728 0.3443417849850357
8542.914458863772 0.34429185566344267
8546.166296234784 0.34490467474999503
8549.418133611382 0.34564782400215216
8552.671924635726 0.3447425210520506
8555.922785202401 0.3458151981756117
8559.98831456074 0.34519546761479464
8563.240151961016 0.34593721879630224
8566.491012545754 0.34614278202551046
8569.743826778216 0.34588413155591524
8572.995664195132 0.34676132572980906
8576.247501617578 0.3467510392533833
8579.499339045555 0.34742433068312634
8582.750199657949 0.34763052809082806
8586.00301391805 0.34696802010176614
8589.255828183668 0.3470984160342607
8592.50766563368 0.34769252769608167
8596.571241427544 0.3481565505598154
8599.822102068802 0.34865495748967257
8603.074916357753 0.34815126179094436
8606.326753831065 0.3489244410137213
8609.578591309852 0.34878483948935246
8612.829451972979 0.3491203814979112
8616.080312641556 0.34917047290347897
8619.333126957808 0.3493732492699214
8622.583987637272 0.3502501730758194
8625.835825143282 0.3503217239303002
8629.0866858336 0.3500164960484244
8633.151238525237 0.35054888538791534
8636.40307604886 0.35085225950891236
8639.653936756764 0.3516752256817703
8642.904797470066 0.3518146630426619
8646.155658188758 0.3520900871712928
8649.407495733964 0.3517323665942329
8652.658356463417 0.35202611441966597
8655.908240377108 0.3529696015523675
8659.160077938433 0.35275391613615403
8662.410938683985 0.35326892842868823
8666.474514623447 0.3536061104801913
8669.725375381031 0.35372934122538713
8672.975259322808 0.35442892206817944
8676.225143269916 0.35516805636001675
8679.476004043492 0.3549301278473348
8682.726864822389 0.3552521384298995
8685.976748785448 0.3553110927397289
8689.22663275381 0.3561224906164136
8692.477493548626 0.3562436022538576
8695.726400706424 0.35689680533298934
8698.978238332971 0.35651103905654935
8703.039860704826 0.3573260246441519
8706.290721522093 0.35711430033893593
8709.540605523467 0.35689388486893775
8712.7904895301 0.35755571002531644
8716.039396720822 0.35829071667325557
8719.29025755912 0.35798606292639823
8722.539164760325 0.3590320866848483
8725.788071966761 0.35983760908279716
8729.038932820764 0.3592161040359995
8732.288816858818 0.359195943746696
8735.537724080918 0.3602895251088161
8739.599346526451 0.36007705197163115
8742.850207402611 0.35984445119580505
8746.098137820434 0.3605674855364213
8749.3480218858 0.36109692821674133
8752.59692913517 0.3614685772828429
8755.844859568533 0.36258439253937996
8759.093766828244 0.3631089827214122
8762.343650914308 0.36272722805064983
8765.592558184342 0.3627442457606615
8768.841465459527 0.36298068252145055
8772.089395918665 0.36346973665066507
8776.150041615705 0.3637168972763409
8779.397972086394 0.36421537404139886
8782.6468793834 0.36384200279144263
8785.894809864327 0.36453875659176815
8789.143717171564 0.36386790902311617
8792.391647662711 0.3644088090113966
8795.638601337752 0.3653076965412119
8798.886531839089 0.36544462649636955
8802.135439166714 0.36470417153260803
8805.381416035807 0.36556794748044585
8809.44010815581 0.3663035818530853
8812.688038678722 0.36642321003515466
8815.935969206694 0.3666650974139194
8819.182922918513 0.3671956511119192
8822.429876635377 0.3673747782619916
8825.678783999714 0.36721429441111275
8828.92476090544 0.3672799429982226
8832.171714637414 0.3680987201341477
8835.419645195634 0.3677299582550563
8838.667575758871 0.36715726635616286
8841.91159904223 0.3679119752445629
8845.970291233054 0.36858861557539974
8849.21626817011 0.36852087066865685
8852.46224511216 0.36864941005786606
8855.70822205919 0.3694954117897264
8858.954199011201 0.3697322234731732
8862.199199146957 0.3696182710530571
8865.44712975138 0.36815382244808315
8868.693106718296 0.3681462516720696
8871.93908369017 0.36860622583403674
8875.184083845756 0.36906026234302797
8878.430060827528 0.36861523604137736
8882.485822624507 0.3686018876034017
8885.730822796137 0.36858436296785174
8888.97582297269 0.36899762500202776
8892.22082315416 0.36852005183970926
8895.465823340548 0.36847162807035966
8898.710823531837 0.3679720322529557
8901.954846906776 0.3687939257853742
8905.200823929119 0.367828270800127
8908.445824135099 0.3677442400466508
8911.68887070345 0.36853305899116784
8914.932894097932 0.36887292697413376
8918.988655963829 0.3678413308024708
8922.231702548004 0.3681545404226257
8925.47474913703 0.36801839402390746
8928.718772552174 0.3674269005803915
8931.962795972167 0.3672699938384926
8935.206819396999 0.36710016146485464
8938.4498660054 0.36780483187863877
8941.692912618628 0.3676136599515084
8944.934982415407 0.367411213253321
8948.179005859547 0.3667559832807472
8952.230860502345 0.3669168955782523
8955.473907136029 0.3662398769686242
8958.716953774512 0.36643207055445587
8961.960000417786 0.36573018368819127
8965.202070244568 0.3654626514913598
8968.444140076133 0.36561893727363287
8971.68620991247 0.3648831637840302
8974.928279753578 0.364580896762113
8978.169372778164 0.3642659973474843
8981.410465807505 0.36437672862416404
8984.654489305462 0.36315976985394605
8988.704390372815 0.3635960810062774
8991.945483417578 0.36279393966520845
8995.187553288368 0.362418290020782
8998.4266927 0.3624660764040871
9001.667785758942 0.36207214786409675
9004.9098556439 0.36080462287811976
9008.149971890974 0.360830655754917
9011.389111321449 0.3608423766545843
9014.62922757792 0.36040582059871756
9017.869343839087 0.3595289664297364
9021.109460104943 0.3595057848839167
9025.160338059823 0.3589151618476831
9028.399477514899 0.3580008580422494
9031.63861697464 0.35793354763936164
9034.876779617734 0.3578599173886285
9038.115919086793 0.3573402726333001
9041.357012203132 0.35594805895305626
9044.595174860178 0.3554076927532042
9047.833337521863 0.35484936999366157
9051.072477009502 0.3547122707849654
9054.309662859132 0.35413628804141417
9057.547825534702 0.35397290361717626
9061.595773090992 0.3532168595732468
9064.833935776944 0.3521772852082349
9068.07112164618 0.35197447278938365
9071.309284341341 0.350910719446752
9074.547447041099 0.3498378783452826
9077.783656102789 0.3496009016372156
9081.02084199039 0.349348758339689
9084.25802788257 0.3482453293735547
9087.49521377932 0.3475511186551604
9090.73239968064 0.3464289277599181
9094.776440010362 0.345951048102626
9098.012649100603 0.34563900621015636
9101.248858195388 0.34489978505059565
9104.48604411606 0.3433167390009976
9107.720299577246 0.3438001828929089
9110.955531864302 0.3430285878612292
9114.19174097723 0.34141948605977135
9117.426973273334 0.3410408526567702
9120.662205573955 0.3402394188263343
9123.896461057737 0.33983959425408605
9127.130716546022 0.3390170810580624
9131.175733760747 0.33716001068465234
9134.409012437794 0.33713355549653423
9137.64229111933 0.3362819799110459
9140.877523448053 0.3350159073900766
9144.11080213854 0.3345528440573358
9147.3440808335 0.33407866527019375
9150.578336354283 0.33278710795894156
9153.811615058165 0.33189235095430203
9157.044893766504 0.33099124425401333
9160.278172479291 0.32968252516289054
9163.510474375158 0.32916294176370947
9167.550607545889 0.32761082667919433
9170.7838862731 0.3266766731410902
9174.015211361999 0.32613016738502615
9177.248490098062 0.32479050829602724
9180.48079201717 0.32383724613334364
9183.71016347657 0.32366181242608516
9186.942465404489 0.32308332013739094
9190.17379051544 0.321330917057577
9193.405115630781 0.3203538358490633
9196.637417571892 0.3193712992235139
9199.866789053249 0.31876943564065496
9203.905945464552 0.31676034185648144
9207.13629377713 0.31614527446175317
9210.365665272693 0.31552577488162964
9213.595036772615 0.31451910193674526
9216.825385098275 0.3135073300872082
9220.055733428288 0.3121174928265132
9223.283151298481 0.31110236894576343
9226.512522815789 0.31083503808846014
9229.742871158827 0.3090630383525848
9232.971265863409 0.30841651621370936
9237.006515044868 0.30713500891296314
9240.234909759172 0.3061076854193672
9243.463304477784 0.30507972729211214
9246.69072237931 0.30405116899053763
9249.918140285134 0.3033909170491795
9253.146535016656 0.3019937481394027
9256.37395293107 0.3006042878672013
9259.600394028363 0.29993819171963815
9262.826835129938 0.29927485385345237
9266.054253057193 0.29861035924800056
9269.281670988721 0.2965035784218188
9273.313989766313 0.29558367231292604
9276.5384772432 0.2949245947643515
9279.765895188577 0.2939079406150471
9282.99135949538 0.2928908677535544
9286.216823806422 0.29188112316655296
9289.442288121703 0.29017179345217603
9292.665798798387 0.28987443794246665
9295.891263122132 0.28852505154981245
9299.114773807258 0.2882318476209301
9302.340238139446 0.28689381594316915
9305.565702475848 0.28521976782954295
9309.594114027286 0.2846929107221821
9312.8176247303 0.2840689094953173
9316.04015861608 0.28276487133717726
9319.265622970339 0.28147058072233905
9322.48718004307 0.2805243494855116
9325.709713941409 0.2799277784058651
9328.933224665356 0.27899653545320885
9332.15478175061 0.27807684127300686
9335.37731566146 0.27716261589984426
9338.599849576472 0.27626106515437177
9341.821406674204 0.2753684468095731
9345.846887820051 0.2746010356031206
9349.068444927112 0.27339891703141656
9352.290978859755 0.27254179579210003
9355.510582332212 0.2716932107031792
9358.731162630236 0.2708579723856756
9361.950766110942 0.27069254121696207
9365.171346417212 0.26988047315072494
9368.389973084699 0.26940772824722076
9371.610553399192 0.2682940936534264
9374.828203253443 0.26784523720129266
9378.854661273544 0.26592791937949073
9382.07328795846 0.26518815619713315
