calculator/instruments/lris/plaintext_files/red_MIRROR_400-8500.txt
# %ECSV 1.0
# ---
# datatype:
# - {name: WAV, unit: Angstrom, datatype: float64}
# - {name: EFF, datatype: float64}
# meta: !!omap
# - {DICHROIC: MIRROR}
# - {GRATING: 400/8500}
# schema: astropy-2.0
WAV EFF
[from data line 731]
9054.349556289608 0.0
9059.157471263785 0.0
9063.968316712371 0.0
9069.979675689225 0.0
9074.787590696416 0.0
9079.597459356568 0.0
9084.40732802683 0.0
9089.215243064342 0.0
9094.0260885762 0.0
9098.833026812412 0.0
9103.63898823723 0.0
9108.448856957786 0.0
9113.256772045488 0.0
9118.066640786046 0.0
9122.872602250834 0.0
9127.680517368448 0.0
9133.69089969016 0.0
9138.49783800867 0.0
9143.304776337074 0.0
9148.111714675364 0.0
9152.918653023515 0.0
9157.724614560066 0.0
9162.5315529279 0.0
9167.338491305545 0.0
9172.145429692995 0.0
9176.951391268767 0.0
9181.757352854305 0.0
9186.56233762813 0.0
9191.367322411681 0.0
9197.37477443161 0.0
9202.179759236999 0.0
9206.98474405206 0.0
9211.78875205531 0.0
9216.594713711154 0.0
9221.399698555155 0.0
9226.204683408769 0.0
9231.007714629017 0.0
9235.811722680326 0.0
9240.614753919712 0.0
9245.418761990131 0.0
9250.222770070082 0.0
9255.025801338059 0.0
9261.02934623101 0.0
9265.833354341832 0.0
9270.634431997627 0.0
9275.43746330586 0.0
9280.238540980523 0.0
9285.0396186646 0.0
9289.843626822583 0.0
9294.644704525439 0.0
9299.44480541615 0.0
9304.246859959225 0.0
9309.04793769013 0.0
9313.848038608836 0.0
9318.649116358361 0.0
9324.649730942188 0.0
9329.448855069551 0.0
9334.248956027683 0.0
9339.049056995053 0.0
9343.849157971646 0.0
9348.648282135917 0.0
9353.44642948785 0.0
9358.246530492015 0.0
9363.044677862277 0.0
9367.841848420145 0.0
9372.639995808675 0.0
9377.439120027859 0.0
9382.237267434597 0.0
9388.233974884251 0.0
9393.030168668318 0.0
9397.826362461426 0.0
9402.624509906664 0.0
9407.420703717818 0.0
9412.215920716424 0.0
9417.01309136712 0.0
9421.808308383677 0.0
9426.603525409191 0.0
9431.398742443645 0.0
9436.193959487022 0.0
9440.989176539311 0.0
9445.782439957367 0.0
9451.775240269379 0.0
9456.568503707387 0.0
9461.362743975813 0.0
9466.156984253072 0.0
9470.951224539152 0.0
9475.741557547733 0.0
9480.535797851402 0.0
9485.327107699115 0.0
9490.118417555579 0.0
9494.91168106395 0.0
9499.702990937885 0.0
9504.494300820532 0.0
9509.285610711877 0.0
9515.273527061285 0.0
9520.062883328967 0.0
9524.854193248486 0.0
9529.642572711859 0.0
9534.432905827043 0.0
9539.222262129239 0.0
9544.011618440029 0.0
9548.799997937796 0.0
9553.588377444124 0.0
9558.376756959007 0.0
9563.164159660815 0.0
9567.951562371147 0.0
9572.73798826837 0.0
9578.72199747345 0.0
9583.509400211378 0.0
9588.29484931453 0.0
9593.08127524775 0.0
9597.867701189401 0.0
9602.652173496232 0.0
9607.436645811458 0.0
9612.222094956702 0.0
9617.005590467066 0.0
9621.791039629052 0.0
9626.574535156125 0.0
9631.358030691534 0.0
9636.141526235258 0.0
9642.119674649552 0.0
9646.902193390313 0.0
9651.683735317707 0.0
9656.465277253361 0.0
9661.24681919726 0.0
9666.028361149396 0.0
9670.808926288099 0.0
9675.59046825666 0.0
9680.370056590116 0.0
9685.148668110098 0.0
9689.929233281544 0.0
9694.706867996178 0.0
9699.487433183918 0.0
9705.45972080422 0.0
9710.238332366904 0.0
9715.016943937686 0.0
9719.794578694888 0.0
9724.570259816823 0.0
9729.346917768471 0.0
9734.124552549833 0.0
9738.899256874209 0.0
9743.675914849939 0.0
9748.450619190324 0.0
9753.225323538694 0.0
9758.000027895034 0.0
9762.773755437654 0.0
9768.7421359042 0.0
9773.513909821315 0.0
9778.288614211395 0.0
9783.060388144322 0.0
9787.833138906824 0.0
9792.604912855515 0.0
9797.376686812071 0.0
9802.147483954783 0.0
9806.91828110533 0.0
9811.689078263706 0.0
9816.460852251588 0.0
9821.228718960478 0.0
9825.996585677145 0.0
9831.959105343585 0.0
9836.727948899425 0.0
9841.494838819593 0.0
9846.263682390903 0.0
9851.031549148229 0.0
9855.797462269835 0.0
9860.56239857742 0.0
9865.329288536106 0.0
9870.09422485903 0.0
9874.861114833036 0.0
9879.626051171252 0.0
9884.388057051938 0.0
9889.152993405394 0.0
9895.108675447042 0.0
9899.871658174143 0.0
9904.633664087089 0.0
9909.396646829324 0.0
9914.159629579106 0.0
9918.919681871237 0.0
9923.68168781435 0.0
9928.44174012151 0.0
9933.201792436168 0.0
9937.961844758307 0.0
9942.721897087924 0.0
9947.48097260326 0.0
9952.239071304306 0.0
9958.186938896499 0.0
9962.944060792513 0.0
9967.701182695931 0.0
9972.45830460675 0.0
9977.214449703199 0.0
9981.969617985269 0.0
9986.725763096449 0.0
9991.480931393227 0.0
9996.235122875582 0.0
10000.988337543498 0.0
10005.744482684006 0.0
10010.496720544774 0.0
10015.248958412823 0.0
10021.189988374439 0.0
10025.943203080604 0.0
10030.694464150489 0.0
10035.443771584072 0.0
10040.194055846643 0.0
10044.943363294653 0.0
10049.69267074986 0.0
10054.441978212257 0.0
10059.19030886005 0.0
10063.938639515007 0.0
10068.685993355339 0.0
10073.43334720281 0.0
10078.178747413845 0.0
10084.111962920315 0.0
10088.857363147337 0.0
10093.60374020324 0.0
10098.349140444432 0.0
10103.093563870905 0.0
10107.836033660853 0.0
10112.578503457838 0.0
10117.321950083646 0.0
10122.064419894681 0.0
10126.803959247332 0.0
10131.547405894164 0.0
10136.288898904393 0.0
10141.027461456191 0.0
10146.951885682973 0.0
10151.691425072215 0.0
10156.429010824782 0.0
10161.169527049691 0.0
10165.905159172476 0.0
10170.643721767587 0.0
10175.37837708235 0.0
10180.115962869417 0.0
10184.850618197917 0.0
10189.587227176899 0.0
10194.32090569728 0.0
10199.056537868124 0.0
10203.787285936698 0.0
10209.704872524719 0.0
10214.437574252235 0.0
10219.169299164714 0.0
10223.90004726214 0.0
10228.631772188153 0.0
10233.361543477262 0.0
10238.09131477311 0.0
10242.820109253858 0.0
10247.548903741317 0.0
10252.275744591821 0.0
10257.003562270847 0.0
10261.730403134723 0.0
10266.45822082711 0.0
10272.366039308288 0.0
10277.090926550132 0.0
10281.81483697677 0.0
10286.539724231881 0.0
10291.263634671759 0.0
10295.986568296397 0.0
10300.709501927628 0.0
10305.430481921745 0.0
10310.152438744279 0.0
10314.873418751526 0.0
10319.594398765323 0.0
10324.312448320097 0.0
10329.032451525107 0.0
10334.929525074964 0.0
10339.648551472765 0.0
10344.365624233344 0.0
10349.082697000405 0.0
10353.798792952071 0.0
