calculator/instruments/lris/plaintext_files/red_D500_400-8500.txt
# %ECSV 1.0
# ---
# datatype:
# - {name: WAV, unit: Angstrom, datatype: float64}
# - {name: EFF, datatype: float64}
# meta: !!omap
# - {DICHROIC: D500}
# - {GRATING: 400/8500}
# schema: astropy-2.0
WAV EFF
[from data line 428]
7570.470021188745 0.3414460692553011
7575.252534644298 0.3409300683792405
7580.032606066136 0.3413567735574191
7584.815119557039 0.34059612912707443
7589.595679424423 0.34065021562830683
7594.379169771111 0.3398749630397476
7599.160218083911 0.3397332076358631
7603.943220055386 0.33937541202592575
7609.92087362116 0.33936338808432565
7614.705829273114 0.338481808912918
7619.487366070411 0.3385612165200619
7624.273298577763 0.3379322374853036
7629.055323820073 0.3381071344857076
7633.840279541494 0.33778676043018147
7638.625235280202 0.3369780253015778
7643.409702625856 0.33711353884812734
7648.196123629953 0.3358003826200949
7652.980591010006 0.3361703834875564
7657.766523638139 0.33591435511014733
7662.552456283391 0.3352107712169393
7667.339365766361 0.3349059529887816
7673.322880541485 0.3335889746243292
7678.109790062791 0.3336375734743845
7682.895722780447 0.33365319736764376
7687.682632335688 0.3332232066837842
7692.471983959465 0.3325316050883856
7697.258893548519 0.33222641718805496
7702.049222026711 0.33164371321311326
7706.836620059773 0.33127754158766454
7711.625483340615 0.3306719027000653
7716.415323458885 0.3298441626449508
7721.202721542225 0.33015914356603326
7725.995003745611 0.3291585663189981
7730.78289027265 0.3289176400707935
7736.77031260911 0.3283462761727886
7741.562106456252 0.3277708208885977
7746.351458268261 0.32797599329841975
7751.142763738178 0.3269162956623528
7755.9350460453 0.3266911772516111
7760.7258631378645 0.32605622468508005
7765.517168657222 0.32593861764522175
7770.309451013699 0.32576426118986385
7775.100756565859 0.3255795312137817
7779.893527365434 0.3253109645089629
7784.68727500205 0.32460007663617935
7789.47906901354 0.3241052500981346
7794.271351451648 0.32408988420125207
7800.26463498427 0.3234981707322177
7805.058871100316 0.3230234121557004
7809.852130411802 0.32284993109593163
7814.645878149792 0.32282604210982
7819.440114314257 0.32235412319606305
7824.234350494798 0.3220630037091283
7829.029563512129 0.32211917010467195
7833.825264955857 0.3214704684049069
7838.619989594831 0.3212697078471921
7843.415202660136 0.3213153782982324
7848.211880972506 0.3208580215383215
7853.007582480026 0.32065730380283675
7857.803772413799 0.3204998947128662
7863.799498263675 0.3205763870693903
7868.596176643439 0.32038344467093094
7873.3923666285955 0.3202284192773889
7878.189533450274 0.32014507181231816
7882.987677108451 0.3204420151750472
7887.785820782323 0.3202958239011642
7892.582987651078 0.320234528359724
7897.380642945856 0.32015384070342134
7902.178786666635 0.3202448785778102
7906.977418813389 0.32013819126166143
7911.776539386091 0.31999361963185263
7916.573706332712 0.32056111346313754
7922.574316526176 0.3196345990190171
7927.372460328408 0.32025157884955957
7932.17304619809 0.3197463630805424
7936.971678441549 0.32035641247745444
7941.773241162825 0.3200669979184241
7946.571873436992 0.3206460194336831
7951.372459368113 0.3208950311779161
7956.174510545763 0.32051382140380846
7960.973142865779 0.3211354902556789
7965.775194073925 0.320802570434542
7970.576268476449 0.320892095481208
7975.376854483728 0.3216005262169062
7980.178905737413 0.3210877755982507
7986.180981415364 0.3213296889821407
7990.9835211134605 0.3217567077161309
7995.784107184917 0.3225533168275224
8000.586646913106 0.3227912019866981
8005.389675066729 0.32257002879316093
8010.193191645763 0.32257438063476795
8014.995731418888 0.322849209478331
8019.798759617368 0.32342032705700136
8024.601787830739 0.3232995932518579
8029.405792879856 0.32378866353698155
8034.208332712499 0.3241424607685185
8039.0123377912705 0.32466559831818015
8043.81634288483 0.32472916099180305
8049.821837682978 0.3254095112527174
8054.6258428097135 0.32526036223641663
8059.429847951145 0.3259963446567962
8064.234829928145 0.3262040172051779
8069.039323509343 0.3270841927184981
8073.844793926062 0.3268228861539765
8078.649287536474 0.32742988069162043
8083.454757982357 0.3274700323945259
8088.260716853237 0.3282815108634499
8093.065698917721 0.32857828362659175
8097.871657817605 0.3287314103786137
8102.678105142415 0.32901362634352693
8107.48357566074 0.32940216430359953
8113.491024341984 0.3300511697735168
8118.298936945008 0.3304220885567588
8123.10489592053 0.3307140496992508
8127.91036649991 0.33151285163905997
8132.7177907354535 0.3313580769609616
8137.5247265748085 0.3320643011225182
8142.332150838879 0.3318690364512967
8147.140551938122 0.332129964966592
8151.947487820144 0.33271258437321644
8156.755400537288 0.333329770807675
8161.561848037146 0.33367483660995584
8166.369272372075 0.33437750360715884
8171.177673542055 0.33441739153597205
8177.190494974107 0.3340648398629058
8181.997919354755 0.334421579825624
8186.80534374941 0.33510040188841966
8191.613744979017 0.3353525886687564
8196.422146222587 0.33581688191920717
8201.231035890583 0.33680258434576027
8206.039925572491 0.33699708601289835
8210.84979208927 0.33688604254156246
8215.659658619916 0.33712069507829856
8220.4695251644 0.33707000486652094
8225.278414901712 0.33814833109873865
8230.087304652809 0.33816551634440745
8234.898148059658 0.3377909892911133
8240.910481311297 0.33829005368081994
8245.719371107027 0.3390989357597263
8250.530214558448 0.3391961235618181
8255.34105802353 0.33925037909089767
8260.149947860229 0.3394762086349859
8264.96079135256 0.33986200485226054
8269.770658037462 0.3401093912612596
8274.581501556939 0.3405737001571459
8279.39332191098 0.340137763481275
8284.20318863649 0.3405499713990843
8289.014032196506 0.3410432567887835
8293.825852591024 0.34138829176280794
8298.63669617795 0.3412697552702099
8304.650006475213 0.34185943063892793
8309.46182691333 0.3417127988506907
8314.27364736481 0.34143297071277984
8319.085467829635 0.34156872351611584
8323.896311486726 0.3424026333138914
8328.708131978154 0.3425311639207105
8333.520929303906 0.34261315532375947
8338.333726642908 0.34234184785465577
8343.144570353019 0.34338702067327553
8347.957367718442 0.34294467075899693
8352.76918827598 0.3432795784178913
8357.58198566773 0.343331701767872
8362.394783072614 0.3428811299382271
8368.41004723134 0.34352135182003685
8373.222844665677 0.3434539284514914
8378.034665291989 0.3435056603218135
8382.848439573485 0.3435023469287129
8387.66123704691 0.34325332111044604
8392.474034533318 0.3429217845477407
8397.286832032682 0.34334675415704907
8402.100606366075 0.3436744458788945
8406.913403891289 0.3437639813499181
8411.726201429397 0.3438892516074352
8416.539975801465 0.3445031208711979
8421.352773365283 0.34424992479413574
8426.167524584127 0.34343392176762105
8432.183765778196 0.34372296329350854
8436.997540204708 0.34371720747358386
8441.81131464397 0.3435923698838698
8446.625089095956 0.34339465856754237
8451.43886356065 0.3432722836174924
8456.252638038026 0.3439414448229359
8461.06641252806 0.34378006870420286
8465.880187030729 0.343822039888468
8470.69396154601 0.34388091511919483
8475.508712895018 0.34364019964669057
8480.323464256595 0.3430052399865984
8485.136261988455 0.34323618028368486
8489.951013375108 0.343358977874054
8495.969208420725 0.3434981272230694
8500.783959835486 0.34330335762561753
8505.598711262708 0.34285457744526515
8510.41150906006 0.34388554472333094
8515.226260512121 0.3439496641376489
8520.040035155418 0.3437107163423761
8524.856740274548 0.3430671778898947
8529.669538121398 0.3440084085226251
8534.485266444048 0.3432741157130495
8539.300017957838 0.3432702436676398
8544.113792662747 0.3430370351975614
8548.928544201075 0.34351273238586566
8553.743295751643 0.3434607398148109
8559.76051418056 0.3436275117979131
8564.575265758578 0.34385015215693826
8569.389040527583 0.343991145730422
8574.204768951095 0.34384486174089485
8579.018543744367 0.3441459257636268
8583.83427219211 0.34391440355032343
8588.650000651942 0.3436081212486751
8593.464752302647 0.3431099223342166
8598.278527144195 0.3440566754288677
8603.093278818953 0.34355277917548915
8607.90803050571 0.34400388219208305
8612.724735846843 0.343165034283257
8617.539487557537 0.3431261961107794
8623.557683007375 0.3439058640694533
8628.3734115661 0.34324309825393967
8633.1881633155 0.34317962503130633
8638.002915076768 0.3434179145946416
8642.817666849882 0.34311549020906174
8647.63339545604 0.3437046289619924
8652.448147252782 0.3433781801078839
8657.26289906131 0.34359929692733604
8662.078627702827 0.34314595664760955
8666.892402713633 0.34367776023403046
8671.707154557385 0.34347165837466975
8676.522883234074 0.3439762727745247
8681.339588743687 0.34307943517499273
8687.355830746224 0.3436756658786934
8692.16960581833 0.3446083613771263
8696.986311365776 0.3438182710880295
8701.80008646109 0.3438912170239181
8706.615815210469 0.3434642943843277
8711.429590328908 0.3435809859163295
8716.245319101381 0.34361685758062616
8721.059094242864 0.3432394015889665
8725.874823038353 0.34414567867408535
8730.689575024062 0.343624733932678
8735.504327021223 0.34358635543865695
8740.319079029825 0.34341239578121774
8745.132854228568 0.3433601005630366
8751.15202688556 0.34418613831125644
8755.965802109915 0.34394508762784565
8760.781530988166 0.3436888654359536
8765.596283056477 0.3438221954666431
8770.410058314821 0.3436911741068258
8775.224810405736 0.34342568747832797
8780.03858568664 0.34372903151981715
8784.852360978794 0.34367598243650116
8789.668089924755 0.34299359430584253
8794.480888418066 0.34351611994554976
8799.294663743856 0.34420645087678226
8804.110392723409 0.3432473905178319
8808.924168071531 0.3435464701164149
8814.941387272336 0.34376066116816095
8819.755162645488 0.3443159230704404
8824.569914851032 0.3437753499300618
8829.383690246344 0.34346989189680033
8834.197465652715 0.3434361449429001
8839.012217891428 0.3432201478847958
8843.825016498538 0.34286194890080535
8848.638791937956 0.3434854304803031
8853.452567388353 0.34286559229763053
8858.265366028387 0.34371265678973734
8863.079141500682 0.3432360912362456
8867.892916983903 0.34231996922249386
8872.706692478025 0.34210016072094196
8878.723911860983 0.34153882297185745
8883.537687379574 0.34130427559665316
8888.349509266342 0.34133946982681734
8893.163284806595 0.34081438138789194
8897.976083536321 0.34083886259691665
8902.78888227683 0.3405774784305821
8907.601681028105 0.3400307888938795
8912.415456611474 0.3392047762965684
8917.227278562881 0.33947613380093555
8922.039100525002 0.3397371668660404
8926.85287614051 0.3388921883915669
8931.664698123994 0.3385900151727076
8936.477496939488 0.33828207212161965
8942.492762857793 0.337612610176972
8947.305561697196 0.33728907491163373
8952.117383725841 0.3375062987488286
8956.92920576506 0.3368954594675027
8961.741027814842 0.33655011493538023
8966.550896232424 0.33674729759485544
8971.364671946012 0.33584246930557965
8976.17551720599 0.335477272620088
8980.986362476455 0.3356529182326528
8985.799161400142 0.33500222121756135
8990.60902987015 0.33461701722386916
8995.420851993349 0.33449655524712796
9000.231697305579 0.3335570333575509
9006.245986576532 0.3330768097757239
9011.05585509075 0.3332211952396295
9015.86670043671 0.33254957626720233
9020.676568971621 0.3324131017393406
9025.488391159637 0.33145898832305715
9030.29923653657 0.33130679182205447
9035.108128280996 0.33087831717088506
9039.918973678487 0.33071458991533226
9044.729819086231 0.3300068844685704
9049.53968768281 0.32928900103220216
9054.349556289608 0.32910552174723157
9059.157471263785 0.3289132979974347
9063.968316712371 0.3281802877804665
9069.979675689225 0.3278530272735438
9074.787590696416 0.327372124529544
9079.597459356568 0.3271504201667095
9084.40732802683 0.3258622644115526
9089.215243064342 0.3253611425751903
9094.0260885762 0.3243304928342185
9098.833026812412 0.32460897098337826
9103.63898823723 0.32488045413307637
9108.448856957786 0.32409147124922233
9113.256772045488 0.3235585153603276
9118.066640786046 0.32249626499389145
9122.872602250834 0.32247798150265633
9127.680517368448 0.3219304505564879
9133.69089969016 0.3209743528614293
9138.49783800867 0.3204122305465731
9143.304776337074 0.3198426223979773
9148.111714675364 0.31901181412463614
9152.918653023515 0.3184332961107889
9157.724614560066 0.31810849217296416
9162.5315529279 0.3175161131182902
9167.338491305545 0.31717815615825223
9172.145429692995 0.3163205053056615
9176.951391268767 0.3157131417744602
9181.757352854305 0.31509993152167276
9186.56233762813 0.3144836491929614
9191.367322411681 0.3136053220445081
9197.37477443161 0.3130722735656022
9202.179759236999 0.3124377458684813
9206.98474405206 0.3118002816873931
9211.78875205531 0.311408733378456
9216.594713711154 0.3110108250643497
9221.399698555155 0.3098516740927862
9226.204683408769 0.30869134724505476
9231.007714629017 0.30852817795142995
9235.811722680326 0.3076102840168242
9240.614753919712 0.30743670894113295
9245.418761990131 0.30650977984325684
9250.222770070082 0.3060771653264001
9255.025801338059 0.30513939393474426
9261.02934623101 0.30452296183877997
9265.833354341832 0.3033339060005644
9270.634431997627 0.3031262438701211
9275.43746330586 0.30242155822509154
9280.238540980523 0.30171174418703717
9285.0396186646 0.30148774750563223
9289.843626822583 0.3002798066913956
9294.644704525439 0.29956029239744375
9299.44480541615 0.2990774330210415
9304.246859959225 0.2983475781952364
9309.04793769013 0.2976128800622448
9313.848038608836 0.2968785590441869
9318.649116358361 0.2958963863667347
9324.649730942188 0.29496670651900586
9329.448855069551 0.2944596898943855
9334.248956027683 0.29418726968108116
9339.049056995053 0.2929536275820664
9343.849157971646 0.29172124158262386
9348.648282135917 0.2911990346123248
9353.44642948785 0.2906725625405731
9358.246530492015 0.28990754072324765
9363.044677862277 0.28913805258801584
9367.841848420145 0.28859984327560173
9372.639995808675 0.2878235585548702
9377.439120027859 0.2868111578337118
9382.237267434597 0.28603202371407915
9388.233974884251 0.28482282959421695
9393.030168668318 0.2842685244942814
9397.826362461426 0.28371021662490636
9402.624509906664 0.28268827639876126
9407.420703717818 0.28166617498519386
9412.215920716424 0.2813288748252676
9417.01309136712 0.2803042014458101
9421.808308383677 0.27973485961078454
9426.603525409191 0.2789325291671816
9431.398742443645 0.2781263258192664
9436.193959487022 0.2770971470276744
9440.989176539311 0.2762912471531233
9445.782439957367 0.27593195672450543
9451.775240269379 0.2749187057173859
9456.568503707387 0.2741044003812594
9461.362743975813 0.2728439582877565
9466.156984253072 0.2722508376290181
9470.951224539152 0.27099044644109166
9475.741557547733 0.27083609532737574
9480.535797851402 0.26979532422976393
9485.327107699115 0.26919546587297055
9490.118417555579 0.2683716680361364
9494.91168106395 0.2675480227265541
9499.702990937885 0.2665066380228436
9504.494300820532 0.2656792038687442
9509.285610711877 0.2648530897828397
9515.273527061285 0.2638190282614754
9520.062883328967 0.2634204474368988
9524.854193248486 0.26237403856224056
9529.642572711859 0.2617555169328608
9534.432905827043 0.2609229073650749
9539.222262129239 0.25987933528713236
9544.011618440029 0.2588341855613204
9548.799997937796 0.2582112688896356
9553.588377444124 0.2573771998955532
9558.376756959007 0.2563317689085313
9563.164159660815 0.2559146310069674
9567.951562371147 0.25507656948038576
9572.73798826837 0.2544466862009586
9578.72199747345 0.25319175742521693
9583.509400211378 0.2521452448260349
9588.29484931453 0.2517168667820263
9593.08127524775 0.25087896948451655
9597.867701189401 0.2498319372563937
9602.652173496232 0.24899248224877063
9607.436645811458 0.24835203990446433
9612.222094956702 0.24730666581911137
9617.005590467066 0.24666608380502275
9621.791039629052 0.24562120417706837
9626.574535156125 0.24497734280539868
9631.358030691534 0.24413344604374934
9636.141526235258 0.2430905332200785
9642.119674649552 0.24203182556098712
9646.902193390313 0.2413843651310603
9651.683735317707 0.24053670089584311
9656.465277253361 0.23988572749547352
9661.24681919726 0.23903691037532937
9666.028361149396 0.23779802962209143
