calculator/instruments/lris/plaintext_files/red_D680_600-7500.txt
# %ECSV 1.0
# ---
# datatype:
# - {name: WAV, unit: Angstrom, datatype: float64}
# - {name: EFF, datatype: float64}
# meta: !!omap
# - {DICHROIC: D680}
# - {GRATING: 600/7500}
# schema: astropy-2.0
WAV EFF
5628.295617116026 0.0
5630.7427537355015 0.0
5633.191844168842 0.0
5635.639469263055 0.0
5638.086605918963 0.0
5640.536673289578 0.0
5642.984786870565 0.0
5645.432412013191 0.0
5647.882967870522 0.0
5650.332058388591 0.0
5652.780660468249 0.0
5655.231216361714 0.0
5658.905340647857 0.0
5661.357361922685 0.0
5663.807429407675 0.0
5666.257008454156 0.0
5668.708052863949 0.0
5671.158608835205 0.0
5673.612095521162 0.0
5676.063139966693 0.0
5678.513207523154 0.0
5680.9666942447775 0.0
5683.416761824935 0.0
5685.870248570253 0.0
5688.32275842644 0.0
5690.776733645878 0.0
5693.228755075178 0.0
5695.684195669655 0.0
5698.136217122483 0.0
5700.590192389012 0.0
5703.043679216779 0.0
5705.4986314077505 0.0
5707.95260670943 0.0
5710.407558923796 0.0
5714.086568113699 0.0
5716.543474159237 0.0
5718.997449513367 0.0
5721.45435558218 0.0
5723.909307860553 0.0
5726.365237051545 0.0
5728.82263160567 0.0
5731.2775839187625 0.0
5733.73400159496 0.0
5736.1899308321645 0.0
5738.64830233352 0.0
5741.106185395864 0.0
5743.561137766509 0.0
5746.01950930235 0.0
5748.475438596975 0.0
5750.935763957884 0.0
5753.3941355280795 0.0
5755.851041758063 0.0
5758.310878702716 0.0
5760.769738757671 0.0
5763.227133472351 0.0
5765.686970451142 6.32979258893644e-10
5769.3767259406095 -2.843335021568691e-08
5771.836562947752 3.642287038563109e-08
5774.294934614523 4.590247649871961e-06
5776.755748545395 -1.366494854634245e-05
5779.217050938121 1.3780294339876625e-05
5781.674445737585 0.0009561353598605976
5784.137213504543 0.0019950302257751283
5786.598027480473 0.0022444006385175888
5789.057864566481 0.0022138550393479683
5791.519167015419 0.0022027133703814467
5793.981934827292 0.0021871993825716063
5796.444214199781 0.002162380440997024
5798.903562879948 0.002169204303481123
5801.366819175929 0.002158414599175655
5803.829587032479 0.0021471907285019747
5806.2923549001625 0.0021369360030065628
5808.754145877779 0.0021339573929223666
5811.216913767677 0.0021202868987089873
5813.680658569855 0.0021112679810647485
5816.143914932515 0.00210946758711969
5818.608636658036 0.002106316358703722
5821.069939240395 0.0020968468052867595
5824.768487217758 0.002075229993354167
5827.230766728863 0.00207036654505353
5829.6950000533925 0.0020729214355423345
5832.159721839518 0.00207352318247606
5834.625420537846 0.002068436639174838
5837.090142345905 0.0020569985635881323
5839.556329516766 0.002054082589947259
5842.022516698564 0.0020651859157674013
5844.485284736924 0.002078280887261445
5846.95049503929 0.002073920327311795
5849.417659155054 0.0020621130857204645
5851.884334831075 0.002057488523213475
5854.351010517964 0.0020562432917948046
5856.817686215707 0.002053299022809181
5859.283873473649 0.002049283764907065
5861.752502995604 0.002052616182966719
5864.2196671764605 0.0020560984384043603
5866.686342917472 0.002057096417522601
5869.152530218615 0.0020532859154840754
5871.619694431811 0.002048925271902728
5874.087347106409 0.0020575513511208064
5876.554999791746 0.0020601784480443583
5880.259897994442 0.0020564743748408888
5882.729016058554 0.0020506661371278516
5885.1986225840255 0.0020500768218320946
5887.668229120188 0.0020695327914736663
5890.137347216363 0.002057844766060469
5892.606953773862 0.002050176063382951
5895.076560342007 0.00204809404813395
5897.546166920784 0.00204050271463585
5900.016750411521 0.0020499472591990944
5902.485868560848 0.002059846431593809
5904.95596362211 0.0020727652667060018
5907.427035595308 0.0020739664308213252
5909.896642227033 0.0020795965696475405
5912.366737319989 0.0020779035781538827
5914.837809324843 0.0020767294729563336
5917.3098582416005 0.0020859808112224103
5919.781907168875 0.002091696536535235
5922.253467655969 0.0020982084728668055
5924.725516604243 0.002109613156036506
5927.197077112299 0.002114503397556798
5929.667660729425 0.002120444228072598
5932.139221258381 0.0021320506286041274
5934.613224051272 0.0021370120800709965
5938.324472485526 0.002130702179711482
5940.796521501659 0.0021396271563225845
5943.268082077471 0.0021371783012320367
5945.742084917198 0.0021423889833427807
5948.21657621801 0.002162710027273194
5950.693021332039 0.0021674931045718117
5953.164093498558 0.00216376829187383
5955.640538633279 0.002166014078880345
5958.114541524737 0.002177310983555857
5960.586590623609 0.002194994459214532
5963.063524239992 0.002199036745119959
5965.540946317398 0.0022071210554845816
5968.013483897814 0.002213927675831696
5970.490905995762 0.002211363309309815
5972.965397399576 0.0022274879633061993
5975.438423461411 0.0022348864813946747
5977.916334040803 0.0022413265518021613
5980.392290827462 0.0022590075907307433
5982.871178328756 0.0022648216587074894
5985.345181332829 0.002275190100285155
5987.822115051516 0.0022790966204537
5990.301491034092 0.002294983554346245
5994.015182068768 0.0023222093200740528
5996.492115822951 0.0023660199516267436
5998.971980291762 0.00236884517711151
6001.44598336163 0.0023504797514122874
6003.9258478506445 0.0023481910387867008
6006.403270095954 0.0023651554788884535
6008.8826461543695 0.0023734782859186035
6011.359091518266 0.0023845646427170042
6013.840909850603 0.002399191794625117
6016.320285939155 0.0024056237470528883
6018.796242882347 0.0024253525825601715
6021.2765958924565 0.002439348607691888
6023.755972011021 0.002447538758057707
6026.23485968879 0.0024688614537416074
6028.715701179627 0.002478419498805899
6031.193611975758 0.0024941782473091104
6033.67494193728 0.002501644698714554
6036.155783457963 0.002508297363914582
6038.634182734644 0.0025194807211711676
6041.116001176724 0.002527590864222549
6043.59733117792 0.0025416198087251252
6046.081103442955 0.002545256824153333
6049.803098478107 0.0025684442644470385
6052.277590202724 0.0026110421222873678
6054.764293207063 0.0026195063839969173
6057.245623262482 0.002630298295807464
6059.727930229315 0.002637172574819519
6062.213167910778 0.002642406665077436
6064.688148135152 0.002665191764489638
6067.174851188621 0.00268123601539566
6069.65764664542 0.002701773835238278
6072.138976759548 0.0027155791532387785
6074.625679842354 0.0027136776838212755
6077.107498426775 0.0027439389240432183
6079.592736176628 0.002747918639710325
6082.070158723111 0.0027781876394178525
6084.557350295653 0.0028055165446709287
6087.039657369691 0.002814935791658871
6089.525872059986 0.0028187386609366248
6092.009644505835 0.002836493439559107
6094.492928510505 0.0028719686341444573
6096.979143229789 0.0028855829706816846
6099.462427253726 0.0029107416880002133
6101.949618893942 0.0028933091181886977
6105.67307960976 0.0029324021807384222
6108.163690429854 0.002956748079588913
6110.645997595283 0.002976213754284951
6113.137096885416 0.0029842827004688583
6115.621846324174 0.003001891677973114
6118.109526477542 0.0030190316991223222
6120.592810582829 0.0030453773937375427
6123.080490755259 0.0030535004920282526
6125.5642633304005 0.003080315060155705
6128.052920423551 0.003081366794163025
6130.537669919365 0.0031122885104792053
6133.025350129781 0.00312182134130776
6135.513030349667 0.0031546775756789523
6137.997779873846 0.0031903914121404753
6140.4922984247005 0.0031988694265962874
6142.976559516884 0.003221685867643517
6145.465705127127 0.003227743398377615
6147.950454688973 0.0032729541429136026
6150.439600318023 0.0032903653083165125
6152.933142014313 0.00331094721473302
6155.419356956911 0.003346737524463003
6157.908014163233 0.003441120548007642
6160.395206026276 0.00402742091937934
6164.12990144537 0.005483022967804761
6166.619535586138 0.005186007378007239
6169.110146637989 0.004156919054234304
6171.600269248265 0.0036941746172200283
6174.08843806429 0.0035787440833609636
6176.581002947584 0.003544716467921162
6179.071125585713 0.0035788230492328544
6181.558805978636 0.003641643775164244
6184.051859340629 0.0036278662822422526
6186.542958908293 0.003643786704259533
6189.0321046815925 0.003692440226817496
6191.524669620397 0.0036945538165944636
6194.015280764809 0.003728837549402277
6196.50979952564 0.0037903589368247477
6198.997968433904 0.003818224499471446
6201.4890680567605 0.003844640473946922
6203.985540648774 0.003857150970654274
6206.470778879021 0.003932498713343482
6208.96725148935 0.003952442034869327
6211.459328050607 0.003979743613327536
6213.955312228313 0.004020962787153166
6216.442992749542 0.0040720684928785686
6220.183549890405 0.004132216438230556
6222.680511001822 0.004154077457821195
6225.169168456625 0.004226063281057497
6227.664175782492 0.004263504488352246
6230.1557639609255 0.004322287293295527
6232.6527251086045 0.004329145664409915
6235.14773246161 0.0043926487768613815
6237.637855314308 0.004429684740888148
6240.135304940009 0.004482559588061735
6242.628358516294 0.004544572068346738
6245.125808160003 0.004589608672936352
6247.619350205185 0.004671060700989232
6250.110938455552 0.004718300028543443
6252.610341929947 0.004770895704023239
6255.101930198191 0.00486015648281525
6257.599868337653 0.004909573920815492
6260.099271838903 0.004966052217034707
6262.588417879125 0.005044924244701507
6265.08489069249 0.005073947282530454
6267.583805769517 0.005133634267389688
6270.0793016987545 0.005201872178626697
6272.576262989728 0.005253951050152683
6276.323658746645 0.005382164240641806
6278.816712452068 0.005470026935128977
6281.311719970151 0.005547130500283205
6283.810146653801 0.005634738814944051
6286.30906179724 0.005708604770716548
6288.805534694649 0.0057951072688883255
6291.302007600843 0.005881841725103072
6293.8023881235895 0.005941416696815997
6296.301303302203 0.006037324572134188
6298.800706940561 0.006152667111460314
6301.297179881816 0.0062437913544028546
6303.79218747886 0.006337741380715638
6306.289637339516 0.006442213989985872
6308.79001791478 0.006541767303799813
6311.288444694827 0.0066503111825391556
6313.7893137385045 0.006765840996262446
6316.2887174379175 0.006896066744549108
6318.788609597004 0.007005995734104252
6321.288013313774 0.007113846879901482
6323.786440137216 0.0072393853923503745
6326.286332322281 0.0073686981218425
6328.785736064991 0.007501317980303492
6332.535574371723 0.007688015964223507
6335.036443488979 0.007824187868733365
6337.5368241638425 0.007962962514856323
6340.0376932983 0.00809930962038485
6342.538562441345 0.00828359384666084
6345.039431592966 0.00845281873883382
6347.540300753149 0.00859996513490603
6350.041169921883 0.008756225881188332
6352.542527550174 0.008903908266825836
6355.043396735981 0.009066442627690135
6357.545731283358 0.009240483567204139
6360.047088937218 0.009405452739542328
6362.549911952636 0.009563962634121563
6365.052734976553 0.009749693349933083
6367.554092655894 0.00994606348732368
6370.056427245752 0.010131902295502065
6372.558273393048 0.010337006065043054
6375.0606079998215 0.010549575832662493
6377.563919517094 0.010725791215785298
6380.065277238685 0.01090640210389433
6382.568100321786 0.011075013195097471
6385.071411864334 0.011292937601500467
6388.827111870468 0.011598074136351616
6391.332377238164 0.011806849105195732
6393.837154163213 0.012024324947963322
6396.339977292478 0.012218110890154956
6398.844265783226 0.012440627632891854
6401.3485542823255 0.012671639638060358
6403.851865887677 0.012903329355693237
6406.355665952404 0.013131059244941063
6408.8589775744 0.013360601091112784
6411.363754557853 0.013599153666908175
6413.869508451713 0.013802503470783909
6416.376239255981 0.014028702075658098
6418.881993166437 0.014258670313691494
6421.386770183055 0.014511540991787726
6423.891058756876 0.0147548388016231
6426.394858887886 0.015010871497354689
6428.900612831379 0.015229256802100407
6431.408320587362 0.015408092620039098
6433.914562998388 0.01567558369168721
6436.421293868703 0.015950047665272093
6438.92704784509 0.01618258316016195
6441.431336476466 0.016420422395983462
6443.937578920301 0.01662813510060919
6447.700117533364 0.016969160847173818
6450.207825350864 0.01722732464169615
6452.714556274367 0.017444821420288945
6455.22031030386 0.01771642906030667
6457.726552792561 0.017977220506909187
6460.235725995875 0.018214907350879807
6462.74392230515 0.018433047829908487
6465.250164818201 0.018688184206008356
6467.7578726925985 0.01896123809141315
6470.265580575089 0.019186150449034097
6472.777196074376 0.019374838782303703
6475.283927070844 0.01962548775231293
6477.791146526458 0.019833207337694597
6480.298854441212 0.02004143122147625
6482.810958423868 0.0202172055230323
6485.318666354703 0.020503349402709353
6487.825885842459 0.020743576831619658
6490.335059142622 0.020945972484692467
6492.846674706304 0.02115454805491061
6495.353405766964 0.02146502174688575
6497.862579091122 0.021670607681422146
6500.372240874362 0.021858751812533144
6504.137710466386 0.022198529541248326
6506.646883818428 0.022406684388953303
6509.156057178414 0.022658303760949152
6511.669138155242 0.022891238427907766
6514.178311531097 0.02307793506674812
6516.687484914864 0.023265928210893558
6519.200565915481 0.023477294481786065
6521.709250863935 0.023778266405848437
6524.218424271395 0.02400325035731263
6526.732482197954 0.024173490673180805
6529.241655621166 0.024471901166515875
6531.75327130786 0.024627835091440127
6534.266352355796 0.02475547826782009
6536.776014253687 0.02507432350406125
6539.287141512799 0.02528597121841194
6541.800222584264 0.025524442471706807
6544.311838310158 0.025752636312979787
6546.821500239324 0.02595277017477237
6549.337512041054 0.0261330644547074
6551.848150888083 0.026415772912976507
6554.358301291747 0.02668449474829581
6556.873824665728 0.026906418303469928
6560.639294522999 0.027302334351377834
6563.155306367547 0.027518532060534378
6565.666922159543 0.02778987841487755
6568.180003312711 0.028017773408971762
6570.693572924756 0.028321133652928175
6573.2051887399175 0.0285626354243814
6575.721689074305 0.028749361841691273
6578.233793356025 0.02912598403204309
6580.746874547743 0.029352385426376956
6583.260932649451 0.029682626478660747
6585.773036954204 0.02997081240381097
6588.290514229371 0.030170994490028243
6590.80261854944 0.030552562767335867
6593.316676681796 0.030817670754602244
6595.832200175287 0.031170977879333654
6598.345281420582 0.03151656190219917
6600.8608049293325 0.031829678173883574
6603.3738861898555 0.03216802521440808
6605.890875067336 0.032487599570441415
6608.403956343053 0.03292697649184892
6610.921433686904 0.03318121914566511
6613.4354918801255 0.03362883923982803
6617.209754116787 0.03421724376609528
6619.721858524195 0.03467914775805646
6622.239824353293 0.03500652476213068
6624.754371031674 0.035463690901370006
6627.271848424676 0.035741734822271574
6629.785906666922 0.0362648670870266
6632.303872526159 0.03667407929074849
6634.818907685786 0.03720494589568056
6637.335408206472 0.03760568932555585
6639.8519087346485 0.03816580981863702
6642.368409270305 0.038612356983294495
6644.884909813434 0.03916127269317661
6647.401898815218 0.0396626287840845
6649.918399373265 0.040209577816534184
6652.4363652923485 0.040668100391316936
6654.951400511683 0.04139395700828982
6657.4708317992345 0.04185949825178397
6659.985867033408 0.04255283207447833
6662.504809884605 0.043039976886740855
6665.020333584784 0.043829644183698536
6667.540253353199 0.04434584725187125
6670.056753970566 0.04503855107847251
6672.576673753765 0.04568533673308183
6676.3528900583215 0.04672862796463962
6678.868902250249 0.04762560116007125
6681.389798961656 0.048229372334160664
6683.906299619479 0.04899794546854819
6686.42719634558 0.04970611902581264
6688.9441854692695 0.05054935289626042
6691.4636168563675 0.05143439375758931
6693.981582897116 0.052236661834142654
6696.499060493935 0.05329997741392732
6699.0209341590535 0.05406928270099745
6701.537434867993 0.05507133144263118
6704.0593085476885 0.05587252530809337
6706.57776307607 0.05679636074960275
6709.096217611705 0.05798037826757916
6711.6156490570465 0.05890358113763234
6714.134592058398 0.06004098953017727
6716.656954225614 0.06096366115622123
6719.175408790192 0.06203471283746402
6721.694840264452 0.06330610761851795
6724.215248648396 0.06441164379107858
6726.734680137066 0.06567622219120693
