calculator/instruments/lris/plaintext_files/red_MIRROR_1200-9000.txt
# %ECSV 1.0
# ---
# datatype:
# - {name: WAV, unit: Angstrom, datatype: float64}
# - {name: EFF, datatype: float64}
# meta: !!omap
# - {DICHROIC: MIRROR}
# - {GRATING: 1200/9000}
# schema: astropy-2.0
WAV EFF
7361.245521302448 0.0
7362.827572029117 0.0
7364.409622757907 0.0
7365.993627240879 0.0
7367.575189535893 0.0
7369.158705585087 0.0
7371.135902678481 0.0
7372.719907170455 0.0
7374.303423226529 0.0
7375.885962408675 0.0
7377.470455345016 0.0
7379.054948283467 0.0
7380.636999033924 0.0
7382.22198041462 0.0
7383.80793867347 0.0
7385.389500992222 0.0
7386.974482379239 0.0
7388.955098568442 0.0
7390.5400799601975 0.0
7392.126038230107 0.0
7393.7105311880405 0.0
7395.296001024129 0.0
7396.881470862317 0.0
7398.467429140632 0.0
7400.053875859075 0.0
7401.638857265525 0.0
7403.224327112101 0.0
7405.207385518341 0.0
7406.794809121752 0.0
7408.381255851192 0.0
7409.96672570666 0.0
7411.555126192414 0.0
7413.140596052055 0.0
7414.728019665923 0.0
7416.316420157949 0.0
7417.902378461881 0.0
7419.491267396117 0.0
7421.078691018328 0.0
7423.064191644114 0.0
7424.650638394928 0.0
7426.240504214101 0.0
7427.828416283193 0.0
7429.416328354362 0.0
7431.005705741733 0.0
7432.593129379014 0.0
7434.182018332493 0.0
7435.771395726092 0.0
7437.360773121764 0.0
7438.9506389575545 0.0
7440.937116488624 0.0
7442.5260054529845 0.0
7444.117336609644 0.0
7445.705737140088 0.0
7447.295602986739 0.0
7448.886934149603 0.0
7450.475334686237 0.0
7452.0681311673825 0.0
7453.656531708136 0.0
7455.248351317309 0.0
7456.8401709285445 0.0
7458.828113802786 0.0
7460.419444980602 0.0
7462.011264598529 0.0
7463.601130466294 0.0
7465.193438526386 0.0
7466.785258150479 0.0
7468.377077776624 0.0
7469.969385842877 0.0
7471.560228597009 0.0
7473.15400198154 0.0
7475.144875510423 0.0
7476.735229833146 0.0
7478.328026348213 0.0
7479.920822865327 0.0
7481.5155731367295 0.0
7483.106904343745 0.0
7484.701166181175 0.0
7486.293474268394 0.0
7487.886759233778 0.0
7489.480532639266 0.0
7491.074306046791 0.0
7493.066156480512 0.0
7494.660418330688 0.0
7496.254191744829 0.0
7497.84845359907 0.0
7499.442715455344 0.0
7501.03746575172 0.0
7502.631727612054 0.0
7504.225989474416 0.0
7505.821228214949 0.0
7507.41695539558 0.0
7509.01072882595 0.0
7511.005021478565 0.0
7512.600748665778 0.0
7514.195498978867 0.0
7515.791714608202 0.0
7517.386953363402 0.0
7518.983168996778 0.0
7520.579384632169 0.0
7522.174623393425 0.0
7523.770350594771 0.0
7525.367543112369 0.0
7526.963270317745 0.0
7528.959028312971 0.0
7530.555732399033 0.0
7532.152436487103 0.0
7533.749140577184 0.0
7535.346333107356 0.0
7536.944014077616 0.0
7538.541206611801 0.0
7540.1379107099065 0.0
7541.735103248098 0.0
7543.332784226381 0.0
7545.330007561567 0.0
7546.92768854435 0.0
7548.525369529133 0.0
7550.123050515913 0.0
7551.721708380865 0.0
7553.320366247819 0.0
7554.918535678675 0.0
7556.516705111524 0.0
7558.11536298446 0.0
7559.713043983201 0.0
7561.31219029821 0.0
7563.311367413817 0.0
7564.9105137333 0.0
7566.509171616678 0.0
7568.108317940138 0.0
7569.708441141773 0.0
7571.3075874691995 0.0
7572.907222236706 0.0
7574.505880130001 0.0
7576.106003339569 0.0
7577.706614989214 0.0
7579.306249764642 0.0
7581.306403784332 0.0
7582.906038564206 0.0
7584.505673346053 0.0
7586.105796567977 0.0
7587.706896668078 0.0
7589.307508332047 0.0
7590.907631559885 0.0
7592.509220104003 0.0
7594.109831773882 0.0
7595.710443445729 0.0
7597.3115435576465 0.0
7599.313162919361 0.0
7600.915239911917 0.0
7602.515851592109 0.0
7604.117440150482 0.0
7605.720005587036 0.0
7607.3211057112185 0.0
7608.922205837359 0.0
7610.524282841678 0.0
7612.1263598479545 0.0
7613.7279484180735 0.0
7615.731521557339 0.0
7617.333110131851 0.0
7618.935675584545 0.0
7620.5382410391885 0.0
7622.140806495784 0.0
7623.742883516212 0.0
7625.345448976702 0.0
7626.948502877256 0.0
7628.552045217872 0.0
7630.15412224608 0.0
7631.756687714346 0.0
7633.76123775724 0.0
7635.3642916679955 0.0
7636.968810895055 0.0
7638.570887933444 0.0
7640.174430288137 0.0
7641.778461082888 0.0
7643.38200344145 0.0
7644.98701111632 0.0
7646.589088164379 0.0
7648.194095843115 0.0
7649.799103523786 0.0
7651.803165155771 0.0
7653.407195964533 0.0
7655.011226775217 0.0
7656.616234464087 0.0
7658.219776840497 0.0
7659.825272971345 0.0
7661.429792227859 0.0
7663.033823048165 0.0
7664.639319184783 0.0
7666.244326885191 0.0
7667.849334587517 0.0
7669.855349999058 0.0
7671.460357705696 0.0
7673.065365414252 0.0
7674.6698846865875 0.0
7676.275380837102 0.0
7677.881853865802 0.0
7679.487350020142 0.0
7681.092357738256 0.0
7682.698830772691 0.0
7684.304326932756 0.0
7686.311807683195 0.0
7687.91535009499 0.0
7689.522311575665 0.0
7691.128296181965 0.0
7692.733792352024 0.0
7694.341242276552 0.0
7695.94673845041 0.0
7697.5532115024525 0.0
7699.16066143268 0.0
7700.76713448852 0.0
7702.374095984396 0.0
7704.381576761545 0.0
7705.987561385394 0.0
7707.59354601113 0.0
7709.201972829494 0.0
7710.807957459009 0.0
7712.414918966709 0.0
7714.022857352595 0.0
7715.63079574037 0.0
7717.235803501128 0.0
7718.84276501637 0.0
7720.451680286101 0.0
7722.4606264042295 0.0
7724.0685648018925 0.0
7725.674549448825 0.0
7727.282487850245 0.0
7728.890426253545 0.0
7730.497876220565 0.0
7732.105814627617 0.0
7733.713264598388 0.0
7735.322179885498 0.0
7736.9286529837 0.0
7738.537568274557 0.0
7740.547002857203 0.0
7742.155918152269 0.0
7743.764345011041 0.0
7745.37081811904 0.0
7746.980221857865 0.0
7748.588648722234 0.0
7750.196587150304 0.0
7751.80550245656 0.0
7753.413440888351 0.0
7755.023333074655 0.0
7757.034232995659 0.0
7758.6426598716525 0.0
7760.250109873171 0.0
7761.858536752872 0.0
7763.46940582526 0.0
7765.077832708668 0.0
7766.685771155761 0.0
7768.295663357375 0.0
7769.905555560839 0.0
7771.513005575308 0.0
7773.122409344298 0.0
7775.133797729507 0.0
7776.743689940822 0.0
7778.354070592154 0.0
7779.963962807155 0.0
7781.57141283314 0.0
7783.181793489999 0.0
7784.791197272351 0.0
7786.401089494717 0.0
7788.009027966217 0.0
7789.620873944956 0.0
7791.22978929648 0.0
7793.242643022076 0.0
7794.851558377721 0.0
7796.4609621733725 0.0
7798.070854409032 0.0
7799.680746646519 0.0
7801.291127324016 0.0
7802.901019565157 0.0
7804.510911808127 0.0
7806.122269367463 0.0
7807.732650052262 0.0
7809.3420538625205 0.0
7811.356372928362 0.0
7812.965288304531 0.0
7814.575668997069 0.0
7816.185561253241 0.0
7817.797407263967 0.0
7819.406322647397 0.0
7821.017680223572 0.0
7822.629526239751 0.0
7824.238930066804 0.0
7825.849310772044 0.0
7827.863629861156 0.0
7829.473033694089 0.0
7831.083414405206 0.0
7832.695260432699 0.0
7834.307106462002 0.0
7835.916998740344 0.0
7837.526891020487 0.0
7839.138737055201 0.0
7840.751071529912 0.0
7842.3609638154585 0.0
7843.970856102798 0.0
7845.985175217278 0.0
7847.595555946856 0.0
7849.207401992815 0.0
7850.818759602374 0.0
7852.430117213726 0.0
7854.0409863886725 0.0
7855.6518555654075 0.0
7857.264190058531 0.0
7858.875547677044 0.0
7860.485928420948 0.0
7862.0963091666345 0.0
7864.112093620908 0.0
7865.722474370608 0.0
7867.3343204366965 0.0
7868.946654942772 0.0
7870.558012574219 0.0
7872.169370207451 0.0
7873.780239404255 0.0
7875.392085479242 0.0
7877.004908432419 0.0
7878.615777634552 0.0
7880.226646838456 0.0
7882.242431317758 0.0
7883.853300525647 0.0
7885.465146611724 0.0
7887.0784580141935 0.0
7888.6903041038095 0.0
7890.300196442356 0.0
7891.911554097294 0.0
7893.525353945049 0.0
7895.136711603514 0.0
7896.7480692637455 0.0
7898.763853765698 0.0
7900.374234553462 0.0
7901.986080657625 0.0
7903.598415201758 0.0
7905.211238185865 0.0
7906.822595857084 0.0
7908.434441968275 0.0
7910.0457996430005 0.0
7911.658622634125 0.0
7913.27095718879 0.0
7914.883291745206 0.0
7916.898587833631 0.0
7918.509457079326 0.0
7920.121303203202 0.0
7921.733637767047 0.0
7923.347437647296 0.0
7924.959772214632 0.0
7926.570153030822 0.0
7928.181510725194 0.0
7929.79531061242 0.0
7931.408133624943 0.0
7933.020468200979 0.0
7935.034787437467 0.0
7936.64809889386 0.0
7938.258968160865 0.0
7939.870325867826 0.0
7941.48412576765 0.0
7943.096460354528 0.0
7944.708794943135 0.0
7946.319175780559 0.0
7947.931998810854 0.0
7949.545310281105 0.0
7951.157644876623 0.0
7953.171964137428 0.0
7954.784298736827 0.0
7956.397610214408 0.0
7958.008479502555 0.0
7959.620814107116 0.0
7961.234125589862 0.0
7962.8469486360955 0.0
7964.458306369345 0.0
7966.0691756660735 0.0
7967.682487155687 0.0
7969.697294876735 0.0
7971.311094808444 0.0
7972.9239178653925 0.0
7974.5357640475795 0.0
7976.147121793235 0.0
7977.759456417074 0.0
7979.371791042619 0.0
7980.98461410811 0.0
7982.596460298827 0.0
7984.208794929486 0.0
7985.820641123607 0.0
7987.836914183374 0.0
7989.447295066594 0.0
7991.061095019208 0.0
7992.673918097036 0.0
7994.286741176564 0.0
7995.897610504809 0.0
7997.508968272992 0.0
7999.123256672337 0.0
8000.735591320396 0.0
8002.3474375319 0.0
8003.9578184303555 0.0
8005.974091513961 0.0
8007.584960854455 0.0
8009.198760826124 0.0
8010.811095484735 0.0
8012.423430145032 0.0
8014.034299492259 0.0
8015.645657279421 0.0
8017.2594572595135 0.0
8018.8717919265355 0.0
8020.484126595239 0.0
8022.094995950861 0.0
8024.11029218163 0.0
8025.72262685578 0.0
8027.333496216843 0.0
8028.946807770851 0.0
8030.559630888279 0.0
8032.170988692609 0.0
8033.781858060356 0.0
8035.394681182792 0.0
8037.007015868642 0.0
8038.618862117902 0.0
8040.634646808335 0.0
8042.245516184825 0.0
8043.856874001233 0.0
8045.466766504523 0.0
8047.081054953815 0.0
8048.693878089985 0.0
8050.304747474773 0.0
8051.915616861217 0.0
8053.526974687578 0.0
8055.139309392119 0.0
8056.751155660051 0.0
8058.7659634972915 0.0
8060.3773213306795 0.0
8061.988190727453 0.0
8063.600037002403 0.0
8065.212371717272 0.0
8066.824706433787 0.0
8068.435575837148 0.0
8070.045956803888 0.0
8071.657803087071 0.0
8073.270626248438 0.0
8074.881007220104 0.0
8076.89630351877 0.0
8078.506684494125 0.0
8080.118042347656 0.0
8081.728423326284 0.0
8083.34075805963 0.0
8084.95211591807 0.0
8086.562496901601 0.0
8088.172877886765 0.0
8089.784235750102 0.0
8091.396570491619 0.0
8093.0074399199475 0.0
8095.021270926783 0.0
8096.6311634822205 0.0
8098.24252135411 0.0
8099.85339078935 0.0
8101.465237102768 0.0
8103.0751296646995 0.0
8104.68551066653 0.0
8106.296380108258 0.0
8107.907249551604 0.0
8109.51860743485 0.0
8111.532926900756 0.0
8113.14233103452 0.0
8114.753200484743 0.0
8116.362116183451 0.0
8117.974450951743 0.0
8119.584343530239 0.0
8121.194724548626 0.0
8122.804617130341 0.0
8124.415975028512 0.0
8126.026356051725 0.0
8127.635760199978 0.0
8129.648614373686 0.0
8131.258506963831 0.0
8132.8679111172905 0.0
8134.479757463785 0.0
8136.089161620448 0.0
8137.699542655282 0.0
8139.308946815141 0.0
8140.919816291461 0.0
8142.529220454512 0.0
8144.138624619157 0.0
8145.747540347104 0.0
8147.760882981587 0.0
8149.370287151407 0.0
8150.981156637694 0.0
8152.5900723724035 0.0
8154.198499670405 0.0
8155.808392284873 0.0
8157.418284900927 0.0
8159.027689080275 0.0
8160.637093261205 0.0
8162.246009005425 0.0
8163.856878504408 0.0
8165.867290531437 0.0
8167.477671595681 0.0
8169.085122031724 0.0
8170.693060907638 0.0
8172.303930414917 0.0
8173.91235773228 0.0
8175.519808174616 0.0
8177.129212371723 0.0
8178.739105008702 0.0
8180.347043894052 0.0
8182.358432817851 0.0
8183.966371706729 0.0
8185.574799035475 0.0
8187.184203242395 0.0
8188.7921421359715 0.0
8190.399592592806 0.0
8192.007531489504 0.0
8193.616935702681 0.0
8195.2243861642 0.0
8196.833301942193 0.0
8198.441240845134 0.0
8200.450676037693 0.0
8202.060568697367 0.0
8203.666553852136 0.0
8205.273515885074 0.0
8206.882431672793 0.0
8208.490370585452 0.0
8210.097332623041 0.0
8211.704294662184 0.0
8213.314187332735 0.0
8214.920172498349 0.0
8216.52713454213 0.0
8218.536569756496 0.0
8220.14353180375 0.0
8221.751470729174 0.0
8223.358432779516 0.0
8224.965394831393 0.0
8226.572356884817 0.0
8228.179318939778 0.0
8229.784327243015 0.0
8231.391289301046 0.0
8232.999228237246 0.0
8234.605213421717 0.0
8236.61464865773 0.0
8238.220633845649 0.0
8239.826619035099 0.0
8241.432604226075 0.0
8243.03858941858 0.0
8244.644574612616 0.0
8246.252513561452 0.0
8247.857521881899 0.0
8249.462530203868 0.0
8251.069492280641 0.0
8252.67352372901 0.0
8254.681982109862 0.0
8256.28796731494 0.0
8257.893952521536 0.0
8259.498960853003 0.0
8261.103969185986 0.0
8262.709954397134 0.0
8264.314962733148 0.0
8265.918994194022 0.0
8267.525956286365 0.0
8269.12998775026 0.0
8271.136492397234 0.0
8272.741500741182 0.0
8274.345532209978 0.0
8275.950540556938 0.0
8277.555548905406 0.0
8279.159580378719 0.0
8280.764588730195 0.0
8282.369597083172 0.0
8283.97167480767 0.0
8285.576683163652 0.0
8287.180714644468 0.0
8289.185265559265 0.0
8290.789297043453 0.0
8292.3943054058 0.0
8293.998336892982 0.0
8295.600414628316 0.0
8297.205422995148 0.0
8298.807500733466 0.0
8300.411532226615 0.0
8302.016540597924 0.0
8303.617641464032 0.0
8305.221672961648 0.0
8307.22622389742 0.0
8308.829278521704 0.0
8310.431356270794 0.0
8312.034410898046 0.0
8313.636488650101 0.0
8315.239543280315 0.0
8316.842597912007 0.0
8318.4446756685 0.0
8320.045776549785 0.0
8321.648831185912 0.0
8323.25090894683 0.0
8325.252529273368 0.0
8326.855583914286 0.0
8328.456684803305 0.0
8330.057785693794 0.0
8331.66084033913 0.0
8333.261941232557 0.0
8334.86304212745 0.0
8336.4651199005 0.0
8338.066220798328 0.0
8339.667321697616 0.0
8341.669918919655 0.0
8343.27004294554 0.0
8344.870166972885 0.0
8346.47322163178 0.0
8348.072368785346 0.0
8349.673469693766 0.0
8351.273593726943 0.0
8352.872740884875 0.0
8354.474818674365 0.0
8356.073965835203 0.0
8357.674089874194 0.0
8359.674733363327 0.0
8361.273880528879 0.0
8362.874004572584 0.0
8364.473151741031 0.0
8366.072298910925 0.0
8367.67242295897 0.0
8369.272547008466 0.0
8370.871694182695 0.0
8372.470841358363 0.0
8374.069011658763 0.0
8375.668158837316 0.0
8377.66587171664 0.0
8379.265018898426 0.0
8380.86318920494 0.0
8382.462336389604 0.0
8384.060506698987 0.0
8385.658677009804 0.0
8387.25684732205 0.0
8388.85501763573 0.0
8390.452211074124 0.0
8392.050381390665 0.0
8393.649528585356 0.0
8395.645287731382 0.0
8397.24248117584 0.0
8398.840651498449 0.0
8400.437844945756 0.0
8402.03406151776 0.0
8403.632231844638 0.0
8405.228448419482 0.0
8406.82466499575 0.0
8408.420881573431 0.0
8410.01807502926 0.0
8412.013834193493 0.0
8413.610050775778 0.0
8415.206267359477 0.0
8416.801507067858 0.0
8418.397723654383 0.0
8419.992963365581 0.0
8421.591133708405 0.0
8423.185396545688 0.0
8424.780636261114 0.0
8426.375875977948 0.0
8427.971115696191 0.0
8429.964921126779 0.0
8431.560160848181 0.0
8433.155400570982 0.0
8434.749663418444 0.0
8436.34490314405 0.0
8437.93916599431 0.0
8439.533428845969 0.0
8441.127691699025 0.0
8442.720977676727 0.0
8444.315240532573 0.0
8445.910480266566 0.0
8447.901355086577 0.0
8449.495617946952 0.0
8451.087927055212 0.0
8452.681213041613 0.0
8454.274499029409 0.0
8455.867785018585 0.0
8457.460094132397 0.0
8459.053380124351 0.0
8460.64568924093 0.0
8462.238975235652 0.0
8463.831284354997 0.0
8465.82118231774 0.0
8467.413491440191 0.0
8469.005800564022 0.0
8470.598109689234 0.0
8472.189441939056 0.0
8473.78175106702 0.0
8475.372106442826 0.0
8476.963438696772 0.0
8478.555747828861 0.0
8480.146103208785 0.0
8482.135024312382 0.0
8483.725379695388 0.0
8485.316711956531 0.0
8486.905113588728 0.0
8488.49742272938 0.0
8490.08777811785 0.0
8491.67715663091 0.0
8493.267512022112 0.0
8494.857867414672 0.0
8496.44724593182 0.0
8498.036624450326 0.0
8500.023591819563 0.0
8501.61297034113 0.0
8503.202348864046 0.0
8504.789773634759 0.0
8506.379152160389 0.0
8507.969507564158 0.0
8509.55693233893 0.0
8511.14435711505 0.0
8512.73373564609 0.0
8514.32116042491 0.0
8515.909562081864 0.0
8517.894575716558 0.0
8519.482000499755 0.0
8521.069425284297 0.0
8522.656850070181 0.0
8524.245251734204 0.0
8525.83072276919 0.0
8527.417170682305 0.0
8529.005572350354 0.0
8530.592020266155 0.0
8532.177491306491 0.0
8533.763939224964 0.0
8535.74797600173 0.0
8537.33344704641 0.0
8538.91891809242 0.0
8540.506342893366 0.0
8542.091813942043 0.0
8543.675331238444 0.0
8545.260802289778 0.0
8546.847250219245 0.0
8548.430767519629 0.0
8550.016238574946 0.0
8551.997344738355 0.0
8553.580862043042 0.0
8555.166333102665 0.0
