calculator/instruments/lris/plaintext_files/red_D460_831-8200.txt
# %ECSV 1.0
# ---
# datatype:
# - {name: WAV, unit: Angstrom, datatype: float64}
# - {name: EFF, datatype: float64}
# meta: !!omap
# - {DICHROIC: D460}
# - {GRATING: 831/8200}
# schema: astropy-2.0
WAV EFF
[from data line 428]
7804.956317367496 0.342553190679414
7807.315369541571 0.3421945128665816
7809.67197963656 0.34387772856039145
7812.031031818452 0.34382867780594206
7814.389595587649 0.3427941130308405
7816.748647777346 0.3433318588717219
7819.106723137735 0.3437619464761296
7821.46528691862 0.34302844552063705
7824.413369546038 0.34365549427478126
7826.773887002091 0.3423174417653292
7829.133427628815 0.341300836611246
7831.490037759771 0.34366787347916333
7833.8500668108545 0.3427204354704085
7836.209119032593 0.3420714994964714
7838.568171258195 0.3427937832192966
7840.926246654442 0.34359209572450344
7843.2857873043795 0.34319838801274444
7845.6463047914 0.3413526106635167
7848.003891782597 0.34259576814673803
7850.9534397142215 0.34202028863352746
7853.312980380525 0.3426582800576204
7855.672032634054 0.3432800450805758
7858.032061724654 0.34197329737550747
7860.391113985855 0.3422205030146852
7862.750166250884 0.342467956906173
7865.109218519739 0.34312475887515315
7867.470712875517 0.34092077003175847
7869.830253568636 0.34156489797568007
7872.18832901571 0.3431152934612206
7875.138365413015 0.34285530926655544
7877.498394535147 0.3424656323787657
7879.858423661086 0.34264315512356475
7882.218452790824 0.3417448887405836
7884.577505091111 0.34284301581203896
7886.937534228443 0.342463296703265
7889.298051786195 0.3422093646994305
7891.658080931107 0.3413966954380743
7894.017621663177 0.3427989783337109
7896.377650815654 0.34240310396966633
7898.738656805171 0.34165258457094816
7901.687228005901 0.3425065662787703
7904.048234003906 0.3416570838693424
7906.409240005677 0.3406466651599814
7908.767803928047 0.34223605400790913
7911.128321520709 0.3414880113366779
7913.489327533763 0.3410412485992297
7915.850821967205 0.3401604237736805
7918.209385904582 0.34199316509830074
7920.56941509561 0.34173139366815675
7922.929932707017 0.3407046662046038
7925.29191557208 0.3393491690513566
7928.241463658826 0.3400670773034368
7930.601981282373 0.33989767412297694
7932.9615220763635 0.3406089462423662
7935.321551290717 0.3418522902615702
7937.683534175361 0.34076983752535034
7940.04454023044 0.3396851204652009
7942.402615789367 0.3419017462350733
7944.763621851868 0.3414320824999267
7947.1251163347215 0.34021760539257495
7949.486610821284 0.33911764365082525
7951.846151644955 0.33986286271208527
7954.796676617198 0.33978446199372025
7957.157682699125 0.34001974982106065
7959.516735118143 0.3413175599591346
7961.878229624091 0.3407189846735449
7964.241189383682 0.3380521073012397
7966.599264980432 0.3400865080752304
7968.959294247464 0.3411194867316858
7971.321765601432 0.3392797995595853
7973.682771709113 0.3385798505467754
7976.043289403801 0.33900661157143014
7978.994302839801 0.3385204927764621
7981.353355292752 0.3397663612130236
7983.714361415982 0.3400893364927317
7986.0758559595215 0.33866296788479366
7988.437838923371 0.3377086923127399
7990.797868224226 0.33866753952164164
7993.1574091120565 0.33989574458949573
7995.518903670167 0.33846331376368943
7997.880398231914 0.33805732902258184
8000.2404275473045 0.33836245920938746
8002.599968449652 0.3396508753669054
8005.551958770169 0.33823059477611944
8007.911988097328 0.33880817255945345
8010.2739710947635 0.33764807350874454
8012.635465679147 0.33692040192302103
8014.994518183806 0.33800851249380787
8017.354059108731 0.33936195083732545
8019.716042120603 0.33805039715776397
8022.078513552746 0.3361007485277335
8024.438542905135 0.3362886610270361
8026.798083844444 0.3385540488198553
8029.159090037353 0.33738125340502423
8032.108638325176 0.33870330677203947
8034.470132942822 0.3371439783918716
8036.8326043973975 0.33640501033635384
8039.193122188849 0.3359001698334848
8041.552663150518 0.3374160073317191
8043.914646199139 0.3364697195803869
8046.276140834649 0.33561323641644863
8048.63519339033 0.33603166925222877
8050.99619961628 0.33647112283695046
8053.356717429107 0.3361003967751294
8055.717723662164 0.3354799707388114
8058.668248833453 0.33575449353312875
8061.030231907855 0.33420350811692434
8063.389284485701 0.334643717124626
8065.750290733816 0.33552345820537904
8068.110320152097 0.33492218927356526
8070.471814823963 0.3345228546812986
8072.831355832613 0.3340946625100981
8075.190896844784 0.33533603611333285
8077.551414693849 0.334928584733848
8079.913886213182 0.3330870949736521
8082.273915652591 0.3330894901875607
8085.224440873476 0.3333647489218686
8087.584470320776 0.3328127924065333
8089.944499771578 0.3336972492549723
8092.30452922588 0.3341652086700114
8094.667000767142 0.33195453967054434
8097.024588144966 0.3329815860488004
8099.385594443133 0.33284654957879395
8101.745623911398 0.3331247539831015
8104.107607049928 0.3318805080427705
8106.467148108463 0.3315900061797089
8109.417673374085 0.3312347507181322
8111.777214440434 0.3313562539516996
8114.13675551025 0.3328775333180808
8116.496785000231 0.33239547692318294
8118.859256577175 0.329906869479998
8121.216843990577 0.3310708982736749
8123.575896657534 0.33263285254598723
8125.9369029947475 0.3311578542476841
8128.297420918713 0.3307434238148847
8130.6569620127175 0.3304158136633693
8133.015526276759 0.33212158252380697
8135.965563174283 0.33096366519087267
8138.324615862759 0.331829485850725
8140.685622221491 0.3300694053302765
8143.045163333534 0.3303239290670919
8145.404704449003 0.33047983104328954
8147.763268734477 0.331156042748171
8150.124275106917 0.32930889303485383
8152.483327815932 0.3284433123424553
8154.842380528362 0.3298123032356928
8157.201433244201 0.3302700300076367
8159.562439630295 0.3290290579935565
8162.50954607564 0.3299718881195585
8164.870552469392 0.3284233480118892
8167.228628366254 0.3285956016377476
8169.588657933371 0.32929837431786835
8171.947710670446 0.32828740173231147
8174.3077402443405 0.32805721868148807
8176.665327738034 0.3284811351740304
8179.023892068541 0.3287308027985319
8181.385386902733 0.3271743625901885
8183.742974406553 0.3274327795755791
8186.101050330459 0.32809331850026374
8189.050110490237 0.32683172214875816
8191.408674838432 0.3275781491114181
8193.767239189989 0.32676589844714105
8196.126291961624 0.3267516142719533
8198.484367903167 0.3269243123307794
8200.841467014608 0.32786881367491516
8203.201496629745 0.3266833897968243
8205.56054941478 0.32566912619510957
8207.91764853625 0.32695160638509824
8210.275724494506 0.3269662293632859
8213.223807863747 0.3264928204525562
8215.58286066296 0.32603782217387084
8217.939959798587 0.3257219327306732
8220.299012604451 0.32602224261328544
8222.655134913255 0.32603105846359837
8225.01516455923 0.3254108151670151
8227.372263708126 0.32515893421115505
8229.7303396938 0.3255449528327118
8232.08841568278 0.32449842687492136
8234.44649167507 0.32432764968846817
8236.80359083719 0.3250974901144041
8239.749720586111 0.3243421203053864
8242.106819755645 0.3251585419765666
8244.46587259542 0.32402463154862793
8246.821994938058 0.3247385386234316
8249.180070950935 0.3246810120896376
8251.53619330014 0.3251538065764614
8253.89426931958 0.32395141359317847
8256.250391675336 0.3237485658074742
8258.607490867844 0.3247053170721962
8260.967520564078 0.3225466315486426
8263.322666096155 0.3225103462794615
8266.267819057693 0.3233104917162658
8268.62491826408 0.3236922020580168
8270.98104064023 0.32411962404085737
8273.337163019638 0.32413285662362673
8275.694262235782 0.3230386328235604
8278.050384621683 0.32383888986934817
8280.407483844325 0.3227078109184401
8282.762629403212 0.323424283192064
8285.118751798835 0.3238947330017364
8287.47585103119 0.32326654009633654
8289.830996599776 0.32319833462994074
8292.776149606927 0.3229381285974089
8295.132272016273 0.3227705332545651
8297.487417595341 0.3231757898614135
8299.843540011127 0.3226568870200141
8302.199662430132 0.3221917415956302
8304.554808018842 0.3226667911883826
8306.909953610755 0.322549260456951
8309.265099205879 0.32211570719971716
8311.621221637715 0.32276540476352905
8313.975390405723 0.3222753862080153
8316.919566620505 0.322072769804355
8319.274712229215 0.3223817715545365
8321.628881007598 0.3224922513463643
8323.984026622684 0.3228494418682063
8326.339172240956 0.32233944818290583
8328.693341028888 0.3224922640537046
8331.047509819993 0.32247780290918676
8333.401678614273 0.32301000956383685
8335.75682424525 0.32232290747401
8338.111969879397 0.32155227670514824
8340.464185016126 0.32331535341214335
8343.407384442067 0.32294433200634753
8345.76155325296 0.32278524024170513
8348.11572206701 0.3220269575398639
8350.468914050678 0.32262791468709845
8352.824059704568 0.32240451167873074
8355.17725169453 0.3224349055567724
8357.529466854094 0.3223684490390262
8359.883635683876 0.32271419160321063
8362.236827683257 0.3225505247661963
8364.590019685771 0.3220969891969024
8366.943211691414 0.32211386679120035
8369.884457494481 0.3226860686489556
8372.236672673613 0.32332796717952456
8374.589864689411 0.32256066848544435
8376.94110304123 0.32319301307493764
8379.296248730363 0.32204848636198025
8381.648463921958 0.3214856353708043
8384.000679116662 0.3219329629263136
8386.350940647362 0.3232387020136029
8388.704132681825 0.32287319927363406
8391.056347885837 0.3228221058162378
8393.408563092944 0.32273007897925027
8396.34883210618 0.3214933579184791
8398.698116819562 0.32380777164971597
8401.051308870274 0.32281283968399005
8403.40352409051 0.32236829142272333
8405.752808813137 0.3240070159643249
8408.105024039533 0.323195460359364
8410.456262435438 0.32305926064910495
8412.806524000847 0.3236737316088186
8415.158739236465 0.3240268987841181
8417.50900080801 0.32366786949130766
8420.448293027102 0.3232316506983117
8422.797577771958 0.32431268716547706
8425.148816187018 0.32359838588738926
8427.498100937979 0.32472056954170314
8429.848362525569 0.3241017125526105
8432.197647282625 0.3250641694496638
8434.548885709883 0.3236922246741211
8436.898170473021 0.32492777608294127
8439.249408906364 0.32432476125398685
8441.598693675578 0.32379133090291623
8443.947001614239 0.3249857435066349
8446.884340208991 0.32521956242350775
8449.23362498805 0.3236384356348868
8451.582909770128 0.32490539150631825
8453.932194555227 0.3245134235400496
8456.280502509753 0.3250109488997785
8458.629787300884 0.3249354734415267
8460.978095261435 0.32490446170339266
8463.326403224988 0.3250369015937476
8465.675688025149 0.32405599685835257
8468.023019161114 0.3255284768067755
8470.371327133675 0.3252149847194433
8473.306712103593 0.3255403349406156
8475.65306641569 0.32669483153172596
8478.002351231582 0.32550959363378384
8480.34968238326 0.32531383037793743
8482.69603670431 0.32645882748172944
8485.044344695556 0.32544072869787344
8487.391675856172 0.3253013668395891
8489.739983853378 0.3249532001783891
8492.08536135272 0.3265002949150871
8494.432692522254 0.3255726971071687
8496.778070027529 0.32702352856500194
8499.712478205727 0.3265762949829403
8502.058832551282 0.3262204326976367
8504.405186899787 0.32628051026111526
8506.751541251251 0.32638913566385774
8509.096918772044 0.32708433686532506
8511.44327312941 0.32676583423132993
8513.787673822473 0.32788942314920005
8516.134028185725 0.3272186712336741
8518.480382551918 0.3265480797133773
8520.82673692105 0.32606895414332004
8523.756260968896 0.3270984053911421
8526.100661677368 0.3273611173104826
8528.446039222397 0.3271451945409193
8530.791416770353 0.3273244880259674
8533.13679432123 0.3261112035447284
8535.480218207766 0.32728053912239696
8537.824618930843 0.3274486968618614
8540.169019656836 0.3268183098174868
8542.512443552103 0.3272286747058863
8544.855867450275 0.32792515257600857
8547.20026818499 0.3282018288087622
8550.129792273827 0.32750389766165555
8552.473216181426 0.32755376603717906
8554.816640091924 0.32828541232878133
8557.159087171667 0.32751525054615527
8559.503487921593 0.32693027240163425
8561.844958173464 0.32879389398684866
8564.188382095514 0.32806790321178536
8566.530829186795 0.32854723430599125
8568.872299447303 0.32838819827721555
8571.215723377993 0.32800756354100286
8573.5581704779 0.32800400705282245
8576.484764106339 0.3284207382579626
8578.827211212703 0.3280975116112774
8581.167704654616 0.32874483299183005
8583.511128600361 0.32716460841776446
8585.85162204799 0.32885404808549945
8588.192115498474 0.3282865914345023
8590.533585785468 0.32923246274393664
8592.873102407986 0.3287869504166035
8595.215549534341 0.32747769498782264
8597.555066162548 0.3285152271003829
8599.896536460925 0.3285042070339874
8602.821176462137 0.32889205888480927
8605.161669933232 0.3280644978103691
8607.500209739817 0.329233844735086
8609.840703216574 0.3276996872780054
8612.179243028808 0.3298166438655655
8614.520713344888 0.3272488800874774
8616.85827632909 0.32959344625009457
8619.197792983465 0.32912670271373307
8621.536332806974 0.3286976410506814
8623.874872633292 0.33046239182969195
8626.798535836982 0.3298366527711873
8629.13707566962 0.32968048379011106
8631.476592338744 0.3276855456519413
8633.812201675935 0.3289592824862395
8636.151718350657 0.32802010647941043
8638.489281360808 0.3292423873435715
8640.825867540061 0.32903699636863515
8643.164407389479 0.3279314962280819
8645.501970407997 0.3288353672261023
8647.838556595609 0.3274623335826154
8650.176119619693 0.32826418739658353
8653.097829195282 0.3262919656829431
8655.433438558226 0.32859883178758076
8657.769047923937 0.3286353673715644
8660.106610959814 0.3274594186901559
8662.441243497367 0.32847886647847896
8664.777829705077 0.32784004493922586
8667.113439081848 0.32815516347392176
8669.449048461382 0.3280463523605038
8671.784657843666 0.32665857374871216
8674.120267228707 0.327758761741951
8676.452946115383 0.32846481391882937
8679.37270206241 0.32775680560141296
8681.706357788964 0.32818704426371603
8684.042944019384 0.32649867346424893
8686.377576585128 0.327413658499694
8688.710255486187 0.32723582726939443
8691.045864891112 0.32555674302049453
8693.378543797631 0.3276936259018755
8695.712199540589 0.3269004377321718
8698.045855286273 0.3255478016300229
8700.378534200965 0.3271860027318722
8702.711213118373 0.3265729165167546
8705.62901543639 0.32563725095896384
8707.95974069247 0.32700164518718927
8710.29437328614 0.32443033345644984
8712.626075381359 0.32532662684983443
8714.956800645552 0.32652382264295876
8717.28850274617 0.3259627624106175
8719.622158516942 0.32525153572081056
8721.953860622967 0.3254610942215585
8724.283609064221 0.3254017638881093
8726.61726484309 0.32462038006812316
8729.528229359637 0.32652118721519846
8731.860908310826 0.32373262133448083
8734.192610430966 0.32415895124759725
8736.521382052586 0.3249368010401441
8738.852107344352 0.3250140839567789
8741.182832638795 0.3229413610998049
8743.513557935912 0.32285988386355985
8745.842329568222 0.32352848276190105
8748.171101203201 0.32347885912970986
8750.50084967458 0.32358454283688654
8752.829621314884 0.3234201814741061
8755.740585868998 0.3231134251498314
8758.071311182766 0.3219318794674401
8760.400082831706 0.32199802969345054
8762.726900815798 0.32289386340068793
8765.055672470035 0.3223264720897062
8767.384444126918 0.32146436877603596
8769.712238952694 0.3220661988988809
8772.038080113607 0.3225074380037865
8774.36587494466 0.3224806974515394
8776.694646612104 0.3206907027668121
8779.02048778092 0.32216971096563857
8781.929498704705 0.32151866578871013
8784.25533987943 0.3214236024588986
8786.583134724293 0.31988370554973233
8788.908975904264 0.3208471016103972
8791.23481708685 0.320155264196493
8793.560658272056 0.31990795918995796
8795.887476293632 0.3197852493179994
8798.2123406503 0.3208970663964643
8800.538181843338 0.3203043714293783
8802.861092537687 0.3205228055667289
8805.185956902165 0.3201534336904869
8808.094967862728 0.3184475818002852
8810.418855399292 0.3193291455407724
8812.741766104675 0.3196513646517796
8815.066630480193 0.31856304076553965
8817.389541190758 0.3190384019012652
8819.714405571453 0.3189274230952475
8822.038293120964 0.31882320377478846
8824.360227005503 0.3203230289029136
8826.683137726397 0.31928092219894805
8829.007025283647 0.317774993306522
8831.911152108494 0.3176149259328887
