calculator/instruments/lris/plaintext_files/red_D680_600-10000.txt
# %ECSV 1.0
# ---
# datatype:
# - {name: WAV, unit: Angstrom, datatype: float64}
# - {name: EFF, datatype: float64}
# meta: !!omap
# - {DICHROIC: D680}
# - {GRATING: 600/10000}
# schema: astropy-2.0
WAV EFF
6566.707147594288 0.026144502475143525
6569.797804532067 0.026891461950829705
6572.897252857182 0.027285689798880377
6575.9903518671335 0.028177063744223563
6579.089800215658 0.02872217067318112
6582.184364478227 0.029501318068735786
6586.055988691166 0.03043697052882786
6589.157390716662 0.03093406919589185
6592.254397065869 0.03175130157106301
6595.355310704854 0.03245444386508766
6598.45475912612 0.03313740012819447
6601.553230739412 0.034089315395004975
6604.657074871817 0.0346793893862248
6607.75652332778 0.03568084015900418
6610.860367483301 0.036376331537181124
6613.962746421013 0.037079997157651874
6617.063660140884 0.038299621039807476
6620.944075892507 0.03939970055281663
6624.050850555678 0.04004666196758738
6627.155671591173 0.040760331147631064
6630.25805058916 0.042102926097838014
6633.3672673356905 0.042869930010538126
6636.473065225103 0.043675551024317624
6639.578863125926 0.04500522404713377
6642.686614677342 0.04595045456054287
6645.79680828916 0.04686077677562436
6648.903583043742 0.04803796664386446
6652.790836678927 0.049270433586281144
6655.900053508075 0.05074497726805165
6659.008293528935 0.052009718251439296
6662.123371298455 0.05289246980795735
6665.233076571369 0.054120967715731556
6668.344247085009 0.05562592912756037
6671.455417609923 0.05713653380950126
6674.570007014821 0.05828540470680761
6677.684596430986 0.05958368528478999
6680.79674380929 0.0610783510111048
6683.91182165775 0.06260660395766322
6687.806890008663 0.06440292845544128
6690.920502652861 0.06623382656600706
6694.037534177032 0.06794818651166033
6697.1526120730605 0.06985826444894877
6700.26915520973 0.07160042453107728
6703.388628816548 0.07312661079721716
6706.509079254182 0.07473801923528366
6709.626599243922 0.07687185063367215
6712.744119244761 0.07870763154979996
6715.864569715729 0.08080233249934814
6718.98355496825 0.08319765856796238
6722.886926442981 0.0855184070248628
6726.007865359764 0.08783304835383134
6729.12880428758 0.09024534027296091
6732.2516968658165 0.09233434617414035
6735.372635815657 0.09509639667595517
6738.496505235608 0.09745835895043548
6741.619886256691 0.10024567291640966
6744.743755698599 0.10304387410363401
6747.869090381042 0.1056349454301462
6750.994425074433 0.10850583942781009
6754.12024818862 0.11136233996949751
6758.029969146031 0.11442240869228612
6761.155792284777 0.11746595024418181
6764.283569073876 0.12057038843516564
6767.409880644247 0.124075344847813
6770.537657455088 0.12730910632386902
6773.6659226866495 0.13061802991344448
6776.796141568546 0.13390755605691895
6779.924895231648 0.13763061733919676
6783.056090954948 0.1411210388927682
6786.187775098933 0.14436192565715766
6790.1023802940945 0.14830174933499587
6793.231622412929 0.15251356419577092
6796.365260231471 0.1558750179027622
6799.498409650885 0.15996663464917224
6802.632535900813 0.16369566892702572
6805.765196931797 0.16756020675678515
6808.900300022943 0.17090290125014002
6812.035403124792 0.17470674016999596
6815.170506237326 0.1788571755203405
6818.3041441308405 0.1829327135753328
6821.441200904293 0.18709830132331007
6825.3626439885575 0.19170381373181855
6828.497747146344 0.19626029242582074
6831.636757593966 0.1998647892896853
6834.774791232393 0.20344664921525854
6837.914290111133 0.20701924246168246
6841.053300590549 0.211214326621671
6844.191822670624 0.21521083334088287
6847.331809990984 0.2191710220394142
6850.472285731798 0.2223421837734809
6853.613738302975 0.22594640518444167
6856.753237245005 0.22973399982409626
6860.681518216651 0.23403306837319257
6863.822970821964 0.23812853186393693
6866.96637707744 0.24118511044880728
6870.110760163229 0.24387123639252234
6873.252701209852 0.2472284457158884
6876.398549546322 0.25024433068735674
6879.542444253513 0.2530373741506912
6882.688292610838 0.2557429084128779
6885.833164158706 0.2589085223830478
6888.979012536827 0.2611026814029596
6892.125837745197 0.26381125266445077
6896.059979782659 0.2659893180338602
6899.20582819446 0.2690891202495468
6902.354118666292 0.2707201520272604
6905.502409148454 0.27297213029020234
6908.650699640927 0.27484152066890083
6911.800943783483 0.2757898915532372
6914.949234296544 0.27797955670464813
6918.100455279568 0.27935290571792204
6921.251187862913 0.2805538116403184
6924.401920456509 0.2817515186279804
6928.34094672535 0.283018401690628
6931.493144571832 0.28400167776434226
6934.64534242853 0.28501943878612357
6937.797540295427 0.28636158208014184
6940.95071499243 0.2865841211275585
6944.105354929495 0.28686942552948114
6947.258529646842 0.2881381007756783
6950.413169604229 0.2884161955865525
6953.567321161791 0.28899742852581034
6956.723426369348 0.2890283233648552
6959.8795315870275 0.28888450225794376
6963.824907328321 0.28903878864595295
6966.981989388664 0.2892436621830994
6970.1385830491145 0.2893903858312024
6973.296641949553 0.2886728891439816
6976.454212450072 0.2892578638003785
6979.612759780585 0.28916039962183465
6982.771795531112 0.288827947203232
6985.931319701638 0.2887234306860714
6989.089378652222 0.2893268189868504
6992.249879662716 0.28839916904130597
6995.409403863221 0.2883134762734443
6999.362105895286 0.2873859647779162
7002.523095348168 0.2871087990199574
7005.685061630978 0.2872021407983178
7008.848004743706 0.2863866006717692
7012.009971046368 0.28603214552715744
7015.173402588922 0.2857644205353102
7018.337322551372 0.2845586963077721
7021.501242523712 0.28485520365169564
7024.665162505923 0.28455821056617797
7027.829570907996 0.2835938677276107
7030.996421369935 0.28310936428045563
7034.951565591165 0.2829279587967696
7038.1179276652265 0.28212016030887194
7041.28477815911 0.28151277713363165
7044.451628662794 0.28152743854862855
7047.617502356242 0.28154323266869724
7050.785818109527 0.2802366646126394
7053.9541338725785 0.28017042329120706
7057.122449645386 0.2798918077250531
7060.290765427934 0.27942242383689836
7063.4605464502665 0.2787029516149462
7067.422040126821 0.2791492181065425
7070.592309581031 0.2779651074578543
7073.763555864979 0.27765751200378863
7076.9328485185115 0.27812953026604675
7080.105560051893 0.27653000399518024
7083.277783184915 0.2761506448581112
7086.449517917553 0.2760940122956582
7089.620275839762 0.2762643056360647
7092.794941051848 0.27484171085328085
7095.967652633418 0.27518193875643787
7099.141829454695 0.2748517126681586
7103.109184187249 0.2741153073176677
7106.28287262005 0.27401896510568163
7109.459003112613 0.2734347946203152
7112.631714744437 0.27392757543269414
7115.807845256092 0.2732682466943797
7118.984952597374 0.2727633532475971
7122.162059948178 0.27230637718254375
7125.338190488398 0.27228535933133524
7128.514321038106 0.2725606192216605
7131.6924052375 0.27208092157614705
7134.8700010363145 0.2714782302007887
7138.84419364338 0.27114125896511154
7142.02130105341 0.2714126746776397
7145.200362113096 0.2709746416419478
7148.379911592267 0.27027500705793017
7151.55994949091 0.2700031690306229
7154.739987398956 0.26989330064509814
7157.921490546583 0.2694469300560618
7161.102505293529 0.26897481959119846
7164.282054819649 0.26951402214319037
7167.463557995381 0.2693775518825598
7170.645549590529 0.26907529990987444
7174.6256032504625 0.2679918096692898
7177.806618046458 0.26843363659157127
7180.990074902122 0.2682735999481762
7184.17402017716 0.26779148565637123
7187.358942281642 0.2674077043115119
7190.541422345013 0.26783511859540154
7193.725856057962 0.2677244612840311
7196.910778190242 0.26747290836178506
7200.095211921684 0.26742625540513904
7203.280622482518 0.26735693504129626
7207.264583541911 0.265917528189526
7210.4509709436525 0.2657670655357779
7213.637358354588 0.2655071740379723
7216.825211004979 0.2651950066492578
7220.0130636645445 0.26497941379070417
7223.199939513093 0.26520348620659157
7226.389257421258 0.26462090252168763
7229.576621698189 0.26478032276054736
7232.765939624628 0.26454636419617383
7235.954769150094 0.26456951654360383
7239.144087094765 0.26435218986525527
7243.132443973748 0.264200921967257
7246.322250348976 0.26429463239535295
7249.513033553484 0.26384239276076465
7252.704793587263 0.26340088087628977
7255.895576809885 0.26323447411783396
7259.086360041545 0.26318430218702904
7262.278120102451 0.26335874061845893
7265.470368582483 0.26314567213615364
7268.662617071523 0.2629982328062321
7271.855353979674 0.2629992446906849
7275.048090896811 0.26331631311059983
7279.040843593783 0.26259462504382497
7282.23455735133 0.2627800934654617
7285.4287595279475 0.2630986432162171
7288.623450123626 0.2630536768344298
7291.819605958601 0.26326421188473936
7295.015273392379 0.2628704102750725
7298.212406065442 0.2621612364652903
7301.407096696782 0.2626330304585239
7304.603252567384 0.2624353843352882
7307.79940844686 0.2620096222885411
7310.995564335202 0.2626654291908128
7314.991736028341 0.26257713132598565
7318.189357166983 0.26287039975138055
7321.388443544862 0.26317625571000414
7324.588018341705 0.2625666287023627
7327.78661632709 0.262331766497736
7330.9847259111375 0.2622037944068509
7334.1833239141115 0.2624785013557239
7337.381433515718 0.26370705591145427
7340.583450407227 0.26303480072937213
7343.784978897364 0.2627136819898951
7347.785057984296 0.2627859513411426
7350.984632853521 0.26308723970019143
7354.185184551759 0.2630354859918089
7357.385247848559 0.26439968362850313
7360.588730025112 0.2639545367209821
7363.7922122103655 0.26340770428140337
7366.99422917385 0.26360157684342483
7370.195757735846 0.26378433997362877
7373.398263126814 0.26505152314072233
7376.603698987374 0.26432145600207974
7379.807181215951 0.26416737531068823
7383.811167706188 0.2648396479348165
7387.014649954163 0.2654583391493655
7390.21910903107 0.26613643996388237
7393.425521757232 0.26599176723378654
7396.629980851326 0.26556690166086006
7399.833463133655 0.2667144493388099
7403.04134111606 0.26674124780522956
7406.247753876519 0.2667349179166687
7409.452213004844 0.2671334769007693
7412.659602602727 0.2676187106947969
7415.867969029487 0.26783215806490634
7419.877816562203 0.26759915896963693
7423.083252547062 0.268084609035727
7426.291130591292 0.2689843400497713
7429.499985464361 0.2689247211443245
7432.708351935725 0.26884275147821296
7435.914764774823 0.2706686856146491
7439.125573314009 0.2702426708791239
7442.334916631093 0.2699661269852942
7445.542306315864 0.2717172440235886
7448.754091700727 0.27166550005536794
7451.964411863447 0.27096980429026285
7455.9757247455445 0.27247494331163463
7459.187998567913 0.27283019342816106
7462.399295578285 0.27258628185368067
7465.609615776637 0.2733535058406381
7468.8218896241215 0.27419106169286284
7472.0336750697625 0.27382974909658025
7475.245948933937 0.27441647589504714
7478.459199626837 0.2746886447353653
7481.669519866866 0.2752956514515491
7484.883747396793 0.27613445067355413
7488.900921308131 0.2767401911731026
7492.112218395506 0.2773391689800952
7495.327422772787 0.27751858494597886
7498.541650337927 0.27691328144474053
7501.7549010909115 0.278255959465318
7504.971082313387 0.2782721182974418
7508.183356262426 0.27968061630508484
7511.400514321793 0.27946709443660245
7514.613765107685 0.28020258480971527
7517.83043477327 0.2805159024883111
7521.047592857274 0.2797304087594888
7525.06623211505 0.2814906539546199
7528.2843670379025 0.2819704921910478
7531.499083097391 0.28264325969635645
7534.716729626346 0.28298609139016395
7537.932422522564 0.2833271454499712
7541.1510458882485 0.28412154167930775
7544.3682040313915 0.2839630622044114
7547.586339003095 0.28481749486739577
7550.805450803361 0.28461049384920356
7554.023585791274 0.2851670700724118
7557.243186017956 0.2851314120345206
7561.266221081982 0.28590585264010043
7564.48630973706 0.2863755448499995
7567.704933169498 0.2871862744742075
7570.925510250913 0.28731853319631157
7574.144133699426 0.2879926952077067
7577.365199207144 0.2886196309135619
7580.584799492168 0.2886522078078922
7583.806353426148 0.2888934669647226
7587.025953727171 0.28984453188647985
7590.248972907863 0.2892437753069022
7593.468573224844 0.29030844189694416
7597.496980914214 0.2904191924089317
7600.718534890081 0.2910684168160916
7603.941065694386 0.2911058061957359
7607.162619686132 0.29204679140850714
7610.38466209605 0.29227119745013674
7613.607681334383 0.293137749903876
7616.830212170375 0.2931506236747625
7620.054696655276 0.29321091880920785
7623.2777159173065 0.29389035798284113
7626.502200417981 0.2944266127306302
7630.532561849767 0.2942459514419098
7633.756557957885 0.29482064347109754
7636.98055407385 0.295409621951617
7640.206015428432 0.29540531284188437
7643.430499970326 0.2960233021097919
7646.654984520038 0.2967134081246435
7649.8819111288785 0.2970951330037984
7653.106884104467 0.29694710258199086
7656.332345498111 0.29718216249218105
7659.5578068995355 0.2983993629497998
7662.784245129269 0.2981926622224252
7666.819002363301 0.2984329493611314
7670.044952200225 0.2991960392961946
7673.273344096248 0.2988027987304906
7676.497828717827 0.3000374290842806
7679.726220629314 0.30004341156683884
7682.954612548522 0.30052937061971097
7686.182516065164 0.3001539784922395
7689.409442768946 0.3008120729358811
7692.638811531805 0.3012723088746852
7695.866715071509 0.3018139379346823
7699.09510702916 0.3018416379152418
7703.131329602419 0.3023948775246109
7706.360209987573 0.302768374601109
7709.590555611225 0.30253548796501484
7712.8194360116495 0.3029710513964973
7716.048804829979 0.3039564389134487
7719.279638886786 0.303719323025033
7722.509496130621 0.3041231404339793
7725.739841792338 0.3047435253582423
7728.969699051348 0.3051824595044701
7732.200533138515 0.3055534784729476
7735.431367233251 0.30587026364580444
7739.4705203751655 0.3059965574567369
7742.7008660765905 0.30679418236787154
7745.933653837043 0.30682377416999956
7749.164976374127 0.30717866341492067
7752.39727573933 0.30749026774742244
7755.630063522344 0.3079276870008327
7758.861386081955 0.3082555446847228
7762.094662290268 0.30832982394908137
7765.327450095762 0.3084214618087296
7768.5602379087295 0.30889452420257496
7772.6013447880105 0.3100848485093981
7775.835597848681 0.30974624288994695
7779.067897275565 0.31068124176898565
7782.30215035112 0.31043084503427243
7785.5368918444165 0.31077255006356963
7788.770168114194 0.3109069214942916
7792.004421212005 0.3116272485841833
7795.238674317216 0.312095979798795
7798.4734158401325 0.3127114471153595
7801.707180549797 0.3129548045525282
7804.942410497784 0.3131510790328651
7808.987424763767 0.3132507732657919
7812.222654728313 0.3136959083916204
7815.457884700206 0.3141169931917972
7818.693114679429 0.3145346242634586
7821.929321486628 0.3151520071475955
7825.166016711472 0.3154981338527441
7828.401735122972 0.3160956351124274
7831.637453541771 0.31645778648678585
7834.874148788515 0.3165936629669989
7838.1118208632015 0.31679693714272594
7841.348516124504 0.31716562627898576
7845.39499572426 0.3181805608253576
7848.630714181228 0.31838280084320464
7851.86838628677 0.31917369460106454
7855.106546809886 0.3192618801408975
7858.345195750571 0.31919950123565777
7861.5823794674625 0.32037644186147207
7864.8200516019015 0.3198208183061679
7868.05918897456 0.3201500998365502
7871.296861123391 0.3216141003957231
7874.5359985104305 0.3214023985737549
7877.7741590839605 0.3222907597129098
7881.822592426463 0.32275979608958627
7885.061729836793 0.3234465257190919
7888.301355664619 0.3232680625547848
7891.54146990993 0.3230845621146695
7894.780118931333 0.32403350478488996
7898.018767959848 0.32460907686660184
7901.259859047229 0.3248876448417342
7904.499973321018 0.32474840273780825
7907.7391107811945 0.32575357527651216
7910.980690300226 0.32599898867036514
7915.029612144253 0.3265888551072907
7918.269726448137 0.3270922824875595
7921.511794400504 0.32716833534758705
7924.752885539215 0.3277643804423701
7927.993488274608 0.3279211237974128
7931.235067837756 0.3288407201044088
7934.475182176843 0.32866977830425254
7937.716761754033 0.3291592485319195
7940.958829748596 0.32947357972101676
7944.200409339795 0.3300006232537623
7947.4424773483515 0.330441564614951
7951.4962833947875 0.3302979035408423
