calculator/instruments/lris/plaintext_files/red_D500_400-8500.txt
# %ECSV 1.0
# ---
# datatype:
# - {name: WAV, unit: Angstrom, datatype: float64}
# - {name: EFF, datatype: float64}
# meta: !!omap
# - {DICHROIC: D500}
# - {GRATING: 400/8500}
# schema: astropy-2.0
WAV EFF
5528.693633752038 0.0024673755509740662
5533.242674944685 0.03835824314413499
5537.789762545931 0.07223559011206565
5542.340269054452 0.1036542523388243
5546.890287198292 0.13298659729356924
5551.443235840291 0.16027136447348553
5555.994719299402 0.18459130740349933
5561.685661014379 0.21275198397458575
5566.237632981275 0.23314386462810602
5570.791070218925 0.25185309246483695
5575.346949545296 0.2685451638444155
5579.902828915209 0.2831015923113273
5584.460661964668 0.29577081759635276
5589.0180066484345 0.3053883927118892
5593.576816602537 0.31408755311520187
5598.135138190718 0.3212220314339965
5602.694436639998 0.3275519628682054
5607.253246723126 0.3326261178414692
5611.814010485261 0.3360798678267483
5616.374285881028 0.33838638698144
5622.080368992142 0.3378267869872719
5626.643574938023 0.33761526580170415
5631.20726933535 0.3367172259054505
5635.7719405931 0.3348176637847476
5640.337100302103 0.33135298536531327
5644.903236871349 0.32778072239939127
5649.469861891655 0.3237203013751623
5654.035998544722 0.319341576034207
5658.605065694156 0.31494088898401745
5663.173644476162 0.3094348024942328
5667.742711708841 0.30407143541894155
5672.312755801214 0.2979286428292538
5676.883288344071 0.29226533862651655
5682.600605558239 0.2839041544247145
5687.172603421216 0.278504046682701
5691.74606655264 0.2728298081362625
5696.31904131588 0.26768035918824495
5700.892992938251 0.26160517919318244
5705.470363465414 0.2559327781611361
5710.047245624124 0.2506033663678612
5714.624616232572 0.24572756329325407
5719.200033244855 0.24079467796294185
5723.778380752478 0.2367412312241501
5728.359658755412 0.23173166632156839
5732.9380063435265 0.22820225601676175
5737.5183076084295 0.22459031400322207
5743.245393677941 0.22005013451768482
5747.826183441899 0.21748967596835067
5752.408438473206 0.21460706815074743
5756.994600817784 0.2111889470543627
5761.577344337603 0.20963035567572313
5766.161064715322 0.20804861202692362
5770.749669224547 0.2048089362069109
5775.334366499439 0.20408374083312283
5779.920529041197 0.20273588308856086
5784.509622077426 0.20150917756389253
5789.095784697373 0.20103421650180314
5793.686343039328 0.1997518136155429
5798.275924601713 0.19974281546593675
5804.01473314387 0.19870042960519327
5808.602849565655 0.19903977262595737
5813.197315346196 0.19826780049133497
5817.78933911901 0.19866334981518372
5822.384293385757 0.1981115157142684
5826.976317235281 0.19906094056984827
5831.572248397116 0.1987148054668465
5836.166225960035 0.19963870097289074
5840.764110835163 0.1996171886650982
5845.358088474068 0.20074966086838664
5849.95743865289 0.20063365885066442
5854.552881595252 0.20204066380042227
5859.155162305317 0.20168486427474994
5864.904716483125 0.2024647764689192
5869.502601594101 0.20349872369434374
5874.104394016875 0.20383053455147007
5878.70618647699 0.2041509284882712
5883.307490565048 0.20545097951308622
5887.911725146134 0.20529052640156045
5892.514494536365 0.20630426400792137
5897.118729191537 0.20684960171797348
5901.72442911159 0.2068323619764557
5906.329152249818 0.20793825019132164
5910.935829062104 0.208673684301399
5915.543971139062 0.20881408569432158
5920.150159615244 0.20959669083734386
5925.911924638842 0.20988056256730964
5930.52006683437 0.21089067208285472
5935.12967429424 0.21137276673264818
5939.7417238371145 0.21184365735914337
5944.352308188066 0.2124857999988846
5948.962892575061 0.21361557357263633
5953.574942226117 0.2142216759691513
5958.190410778665 0.2143702695500351
5962.803925729553 0.21465527773366502
5967.417929125547 0.21582760815508756
5972.031444147794 0.21721895547297926
5976.646912843137 0.2177291455854205
5981.265312030308 0.21795654689431473
5987.035869017115 0.21936071163169996
5991.653291465074 0.22009745069712341
5996.272179176466 0.22066597531163698
6000.892532151229 0.22143515622541285
6005.513373570489 0.2219431372533486
6010.133238205925 0.22268263712111822
6014.7540796951 0.22351461037296816
6019.375898037944 0.22469406357085395
6023.997716415543 0.22575221326275738
6028.620511646668 0.2270091906497573
6033.244772140685 0.2279053508787346
6037.869521078666 0.22883906035524834
6042.493781641657 0.23004686980438624
6048.277526259811 0.23105505230795387
6052.904717356694 0.2316020154502581
6057.531420078329 0.23261324199890873
6062.158611243531 0.23389292469992537
6066.786290852224 0.23471482255413403
6071.414458904335 0.23636080465459328
6076.043115399791 0.23735828776321802
6080.673725566922 0.2383297132150334
6085.304824177273 0.23933467706029443
6089.937388049719 0.24005426883734857
6094.57044036525 0.24088925590899182
6099.202515895337 0.24145817564926822
6103.836056687316 0.24212833007278325
6109.628104826575 0.24418549037543774
6114.263599331495 0.2449368672475061
6118.898605460123 0.245374994809905
6123.537030488387 0.24583619824756311
6128.173501911714 0.24671868134325822
6132.809484958503 0.24759114546754235
6137.447421676234 0.24855001315949196
6142.085846836311 0.24960258729851179
6146.726714076747 0.24941888704926488
6151.366604530845 0.24985876607569077
6156.006006608036 0.25098223420230825
6160.647362355876 0.2518289030797828
6165.28969495526 0.25181639204739864
6171.092000238135 0.25275061341807425
6175.735309729405 0.25291475763455223
6180.379107662466 0.2537412938850144
6185.022905627699 0.254221654511177
6189.668657263229 0.2543108572445103
6194.314897340355 0.25466790064773936
6198.960160630335 0.2550270522712557
6203.606400771313 0.25585337193085045
6208.256059811056 0.25533279852252055
6212.901323196469 0.25647970034499307
6217.551470709237 0.25641988570303637
6222.20064143449 0.25673107685092683
6226.850300600861 0.2571282674645142
6232.66383983182 0.2569748871126622
6237.315452707246 0.25687353373575905
6241.966088794821 0.2573815349513719
6246.6196553711825 0.25796195591999815
6251.272733569147 0.25810021034194996
6255.92581179823 0.25855555577183637
6260.58084369676 0.2582718218552711
6265.235875626281 0.25857179500902006
6269.890907586721 0.25897569742092347
6274.546916397223 0.25925128401751374
6279.203902057734 0.25929214551899316
6283.860887748965 0.2595046566960407
6288.519338699701 0.2595280773631153
6294.341669816692 0.2600584879140822
6298.999632426517 0.2610955764132068
6303.660525524547 0.2607335717450494
6308.320441833689 0.26102867194340257
6312.980846582764 0.2615228722141268
6317.643205000631 0.2614585276225671
6322.305075039036 0.2623869666904664
6326.968410336484 0.26238491741702125
6331.630768844681 0.26324736805401466
6336.296057840765 0.262936492816943
6340.960370047464 0.26342244417972505
6345.625170693668 0.26406612397938295
6350.290948188979 0.26440843812070147
6356.123536407154 0.2647926929903477
6360.791267607919 0.265379036627225
6365.45704519958 0.26592050876045453
6370.1252648691125 0.26632474942166334
6374.794949797131 0.26691812847690116
6379.463657935188 0.26760621243266564
6384.133831331616 0.26773926926214586
6388.803516347623 0.26852285321418684
6393.475155031587 0.2686450057917699
6398.146305334999 0.2692764310649996
6402.818920896573 0.269986907369166
6407.491536487166 0.270596460741929
6412.164640516414 0.2709114143450649
6418.007485822711 0.2717593208022117
6422.681566736287 0.27285142040257504
6427.356624498037 0.27280958628725344
6432.032170698192 0.2739376113024673
6436.709182156133 0.27407675393699055
6441.385216823205 0.27480573136859787
6446.062716747955 0.2752566613583451
6450.74070511088 0.27566452292886034
6455.419181911927 0.2762900887890393
6460.098635560767 0.2766852070920811
6464.777600828143 0.2774264124512525
6469.457054533457 0.2781906220941015
6474.137485086398 0.27870838217990995
6479.990099058484 0.27929878699703137
6484.672483313535 0.27978960905840733
6489.354867596544 0.2802850782311256
6494.038717136715 0.2802917911637824
6498.721101475458 0.2812941805998635
6503.403974251725 0.2821939341492812
6508.089289104519 0.28250464940928294
6512.774603984983 0.2827955315141661
6517.459918893049 0.28317535142452654
6522.146699057975 0.28372224626956755
6526.83396766017 0.28384555476380186
6531.521724699575 0.28432565087335615
6536.209481766361 0.2845086106920458
6542.06991075292 0.2850308940928582
6546.759133110435 0.2855985739802357
6551.4498207245115 0.28583523892140855
6556.139531546139 0.2859563115395941
6560.830707624224 0.2861184893282942
6565.52188372933 0.28645848384745026
6570.213548271195 0.2862817714166124
6574.905701249767 0.28691114245318816
6579.598831074798 0.28749334179056246
6584.291472516812 0.2879479687452819
6588.984602395367 0.28840683228549524
6593.680662759485 0.2884883805498869
6598.376234740429 0.2888701006184084
6604.244967139239 0.28924444744551236
6608.942004409358 0.2891287313155358
6613.639530115761 0.2893571356059277
6618.336079028902 0.2897717730756826
6623.033604788035 0.2897604359239268
6627.732107393117 0.2896941443813682
6632.429144794913 0.2906040468897269
6637.129601091748 0.29100227886240504
6641.830057414712 0.2913115864565084
6646.530513763748 0.29136550459399435
6651.23194695849 0.29123335535666695
6655.931426539789 0.292138159841637
6660.633836606094 0.29272112442905635
6666.512826045044 0.2927852921846765
6671.216701399025 0.2930502351345387
6675.920088368881 0.2929931274308075
6680.622498544677 0.2936374055144308
6685.326862385554 0.29449871296401203
6690.034156711224 0.2945076507466963
6694.739985832814 0.2945330061218047
6699.443861340365 0.2956706881126991
6704.152132562217 0.29568569096014896
6708.859915399566 0.2959829176268895
6713.566233032576 0.2963245015536623
6718.274504330374 0.29746688354535783
6722.984240883049 0.2975692172553183
6728.871045301854 0.2981797687171405
6733.579805091276 0.29889051688820434
6738.2905185453155 0.29972885037322383
6743.002697254048 0.29943063180819907
6747.711457118408 0.3005777869902088
6752.423635876968 0.30198898726282325
6757.13679148018 0.3016734785317908
6761.849947108183 0.30227364998497813
6766.564567990663 0.3027304993285709
6771.274793208596 0.3043133408047116
6775.990879370145 0.30497345741285997
6780.70550032653 0.30493630714233527
6785.420121307447 0.3060921338358131
6791.316694335007 0.3068966219352687
6796.030826961001 0.30733574751456927
6800.749843710663 0.30828341573436757
6805.465441615124 0.30909883899545954
6810.183481593523 0.3105660680535333
6814.902010006086 0.31107745960148364
6819.620538442823 0.31153111339215006
6824.340532133512 0.31211263336309986
6829.059060618445 0.3133375870823213
6833.780031177137 0.3138325576673548
6838.500024939912 0.31521680979859784
6843.221972366424 0.3156198286426546
6847.942942996912 0.316667109951013
6853.845865753377 0.3174949419324969
6858.568301667291 0.31835186785658187
6863.291226014891 0.3194602418675629
6868.015127206101 0.32066973309419283
6872.739028420941 0.32084761500590303
6877.4643948892735 0.3220780317362599
6882.188784561199 0.3224593184698913
6886.916593126442 0.32291891695422986
6891.6409828452925 0.32398986182234496
6896.365860997498 0.3254713181187684
6901.094646452908 0.32589199008581216
6905.820013061726 0.3269404750082603
6910.549286973688 0.3273596106280615
6916.459047858813 0.3283328600832269
6921.188810232929 0.32839711024977775
6925.918572630156 0.33031774971599004
6930.647358230438 0.3300770316929758
6935.37663226372 0.3312277993144395
6940.107859959969 0.33230170003566556
6944.838599269131 0.332195677665346
6949.569827011167 0.33296045357368753
6954.303008416069 0.3340947481312374
6959.034724613719 0.33413284848423197
6963.767417654124 0.33469683059706024
6968.502064357287 0.3352669026177943
6973.235245853042 0.3358938154336188
6979.152821677051 0.33644973050559046
6983.886980043621 0.3367781487688877
6988.622603662765 0.33780924952715474
6993.35822730436 0.337831727178062
6998.094339378396 0.3379100264597727
7002.829963064758 0.33855302361933676
7007.569005643687 0.33868976482730984
7012.305606194709 0.3392618325965994
7017.0426951779955 0.33936008422314423
7021.780761003544 0.33982800631066035
7026.520292081374 0.33977183943810624
7031.260311591352 0.3399595394830646
7035.998865893236 0.3402137558322963
7041.922303006552 0.34052774453193485
7046.663299408149 0.34052364042131467
7051.405272651779 0.3401705472256895
7056.146757507225 0.3406736960907655
7060.888730794557 0.3405490250796728
7065.629727283541 0.34088645704218296
7070.3726774345205 0.3403651851314286
7075.115627607199 0.3404887366207415
7079.859554621668 0.34079836461141
7084.603481657753 0.3402046644986076
7089.347897125481 0.34058991997982263
7094.092801024811 0.3406822197094131
7098.837704945626 0.34088764662474663
7104.768956979304 0.3406749286025537
7109.5153261785445 0.3401546487550631
7114.262183809219 0.3396924288835782
7119.0090414612 0.33984177928419573
7123.756387544533 0.3404696834303342
7128.503733649085 0.3398140773841236
7133.252056595005 0.33942574875813375
7137.999891151963 0.33965168456993816
7142.749679370413 0.3396688979540779
7147.49897919982 0.3393717847369358
7152.248279050239 0.33926825184259757
7156.999532562053 0.3389570829437082
7161.748832454368 0.3391671466353596
7167.687899399679 0.33818384775545174
7172.4391529793775 0.3387383892821015
7177.190406579867 0.3386137234464748
7181.943613841586 0.3385236658272292
7186.696821124026 0.3381934420493727
7191.449051606903 0.3382902352967625
7196.203724161031 0.3377743028805732
7200.955954685132 0.33800831172589446
7205.710627280418 0.33771098816691625
7210.465299896222 0.3374958611555601
7215.219972532503 0.33769272121096233
7219.974645189217 0.3378689621909429
7224.73127150687 0.3372476704233948
7230.677176535099 0.3375923265363421
7235.432826078224 0.33715691605808973
7240.1894524618965 0.33755606584731457
7244.947544096232 0.336920064842808
7249.705147340613 0.3374528369543052
7254.464215835594 0.3373879888581668
7259.222307530386 0.33698765277184006
7263.980399245247 0.33736098149782384
7268.740444620758 0.3369345521487813
7273.500490016273 0.3370173877692505
7278.259558611422 0.3374570061630576
7283.019115636642 0.33753642531374356
7287.7801379122275 0.3373262520825872
7293.73239260494 0.3375987313404152
7298.494391745453 0.3373255201120373
7303.25541408538 0.3377817967468707
7308.017413265362 0.3382243284137122
7312.780389285369 0.3376851079843056
7317.543853735193 0.3378626290960291
7322.307318204624 0.33827414190003224
7327.069317463075 0.338481063980621
7331.835224022505 0.3383798356189512
7336.598688550509 0.33887848136141263
7341.363618328519 0.33887754738977666
7346.128059715753 0.33941520222321664
7350.894454763121 0.3392523628312415
7356.851593881695 0.33941654180606334
7361.618477382729 0.3393394197667385
7366.384384082627 0.3397246758555337
7371.151756032336 0.34012535982039743
7375.91912800123 0.33998905562706067
7380.6864999892705 0.3404011909172734
7385.45533722703 0.34047921030638095
7390.222709253246 0.3410391882731712
7394.992523349538 0.34051245049214107
7399.762825875046 0.3410202099062872
7404.531174778673 0.3409998375269496
7409.300012111432 0.34151854969918
7414.071291514163 0.3411840987204547
7420.034780281321 0.34167094509214546
7424.804106085549 0.3422372211533502
7429.575873959654 0.34169258455609997
7434.347153442276 0.34238878847017484
7439.118921353826 0.3423390306386753
7443.890689284041 0.34247062396478845
7448.665387694268 0.34247420798048855
7453.436667251474 0.34250122420338275
7458.21087728864 0.34256023416286413
7462.984110523865 0.3427646397793771
7467.756366957097 0.34321548785955147
7472.532042280455 0.3428952490758696
7477.305275571033 0.34341827947345566
7483.2746255689935 0.3429472277721251
7488.049324131611 0.3434411737778429
7492.824999533023 0.34308678164364076
7497.602140183463 0.3429861512554434
7502.376838800886 0.34322726897819217
7507.153979487771 0.34297939522921916
7511.930631782569 0.3435525779553192
7516.7067956852425 0.3435937260621134
7521.485890067565 0.3423104472137945
7526.262542416658 0.3431722662921097
7531.04066001456 0.3431432515467979
7535.81975445099 0.3428172138120122
7540.596895264322 0.34290101383791477
7546.571618075491 0.34253031893477237
7551.349735749637 0.3427380729497631
7556.131272313537 0.34216054144531033
7560.909878433621 0.3420692558923469
