calculator/instruments/lris/plaintext_files/red_D560_831-8200.txt
# %ECSV 1.0
# ---
# datatype:
# - {name: WAV, unit: Angstrom, datatype: float64}
# - {name: EFF, datatype: float64}
# meta: !!omap
# - {DICHROIC: D560}
# - {GRATING: 831/8200}
# schema: astropy-2.0
WAV EFF
6785.264499439487 0.2529473336055586
6787.548821819353 0.25296177155794236
6789.8346094534445 0.25191081399603027
6792.119420260952 0.2513063424175532
6794.40423107419 0.25114959868719156
6796.690507141646 0.250148926224541
6799.547253297644 0.24988693013041635
6801.833529377968 0.24892512914645273
6804.120293880176 0.24840953710130362
6806.406569971919 0.24769907628762897
6808.692846069362 0.24742925311576575
6810.981075837189 0.24633509235316126
6813.266863529839 0.24694359673933478
6815.555093309046 0.24588392004715393
6817.8413694292285 0.24568607066303805
6820.13008763597 0.24529446761437737
6822.419782680743 0.24408740649391406
6825.278482581419 0.24448232097552608
6827.567200806575 0.24415364205435472
6829.857384285933 0.24280385554936285
6832.145614106208 0.24313105384982867
6834.43530918068 0.24306446030994727
6836.724027428419 0.24260437490796258
6839.014699346537 0.2423675418973769
6841.304882854099 0.24256517201269454
6843.5950663672875 0.24174578752507841
6845.885249886093 0.24177288912502792
6848.749322437024 0.24116302027368902
6851.039505968452 0.24102587406646106
6853.332131586456 0.24070166227801196
6855.622315129082 0.24142308078317543
6857.912987093492 0.24113634706244383
6860.206101144481 0.24107224739439248
6862.498726784857 0.24102609088118754
6864.789887182212 0.24120753944881004
6867.083978082347 0.2405827171405287
6869.377092155651 0.24079661607876376
6871.6682525697 0.24082334072681802
6874.5357441125625 0.24088327336852727
6876.829835036345 0.24074608700288966
6879.123925965675 0.2404209480549694
6881.4170400681305 0.2413426096710848
6883.712107840966 0.24084627831910743
6886.006687203125 0.24139080754550749
6888.300289738387 0.24175062413222423
6890.595845944023 0.24150887898866613
6892.8923789876135 0.24148785840610995
6895.188423620507 0.24066746605408562
6897.482026177823 0.2425275569706251
6900.352936711952 0.24199811545614666
6902.648492946514 0.2428712515683158
6904.946979683898 0.24190371756393506
6907.241070680775 0.24301003520710357
6909.538580596691 0.24331014590468525
6911.837067350542 0.24321298115777434
6914.134577277422 0.24312644732316044
6916.430621961086 0.24408925665010675
6918.729597147584 0.24423936110050193
6921.027107090857 0.24523672005845676
6923.326082288277 0.24416409760038998
6926.199434980545 0.24466336595115662
6928.4959681090595 0.24653673372386675
6930.796408572884 0.2459191296159763
6933.095872209676 0.24719669078602932
6935.395335851899 0.2470206807134145
6937.694799499552 0.24727333634228466
6939.993286320143 0.2485927728843973
6942.294703643588 0.24823686438007994
6944.595144139969 0.24937079963149023
6946.896073058001 0.2492478663822449
6949.772844733443 0.24947772453530728
6952.072308414889 0.25043566488942065
6954.3727489342145 0.25183378128522743
6956.67611995641 0.2517505030604609
6958.977537318999 0.2525307433053204
6961.280908351964 0.25203617137369544
6963.581837309056 0.2526208007578034
6965.88325468776 0.25428662489596954
6968.186137320586 0.2546750463397703
6970.48999679128 0.2550707914551934
6972.792879434822 0.25612429114664265
6975.672581683349 0.257131471782237
6977.976441171435 0.2573319657150541
6980.2807890811255 0.2568898268059511
6982.583671747368 0.25775821339814853
6984.885577586414 0.2599549926513749
6987.191879177137 0.2601839150271528
6989.497692356929 0.26019466954496306
6991.80252870951 0.261541233950544
6994.107853483671 0.26200494948675096
6996.414643511938 0.26114718864515013
6998.718991464175 0.2620620355290332
7001.6021127013955 0.262934319651857
7003.906460665536 0.2643072613245257
7006.212762300045 0.265238549566509
7008.519063939839 0.2666281896838823
7010.825854001182 0.26712144791154785
7013.133620900351 0.2673912070594155
7015.440899388516 0.26811768806660163
7017.749154714502 0.26907532188528316
7020.055944796916 0.2702664352253023
7022.364688549701 0.2700881805534842
7024.673432307741 0.2701400627768886
7027.558995700462 0.2715261979867378
7029.866762637736 0.2727292926578811
7032.176971661669 0.27232557096002563
7034.4857154419815 0.27238374475559274
7036.794947643806 0.273361182964049
7039.103691434567 0.27457352825777137
7041.412435230542 0.27602507382139085
7043.722155864308 0.2767820147469687
7046.03138808699 0.2780094421653964
7048.342573980043 0.27876937956011455
7051.233021602558 0.27807261797407784
7053.54274225843 0.2792995488768376
7055.853928168377 0.2798207139964064
7058.164625667213 0.28152723854294526
7060.475323171226 0.282529785782292
7062.787485929312 0.2828108705998133
7065.099160276272 0.2840498851709487
7067.410346212096 0.2852930512022543
7069.72348581829 0.28605508581661954
7072.036137013343 0.2868153014680983
7074.349276629854 0.2873326428203939
7077.242166406658 0.28657885755893925
7079.555794451063 0.28708814305228164
7081.868934084305 0.2878358292965757
7084.182562138986 0.28858418461654406
7086.497167031421 0.28908808777320383
7088.811283512673 0.28983201938364844
7091.125888415362 0.29057274917308995
7093.440004906855 0.2913114826980243
7095.755586652405 0.29180337217709884
7098.070191570435 0.29327585913588233
7100.385773326202 0.2932682823438134
7103.27915159137 0.2956692989875317
7105.594733358605 0.296146306653094
7107.910315130932 0.29712210416816387
7110.225896908345 0.2983486622659652
7112.540990274513 0.29957492927011864
7114.858037311046 0.30029416853820073
7117.174107520007 0.30049858586923783
7119.492131399336 0.3004470777845738
7121.80966686741 0.3006436604714318
7124.128179173198 0.30083376030557696
7126.446203067717 0.3007715262565179
7129.343000318475 0.3031563946392464
7131.660535808027 0.30384396549244863
7133.9790481352775 0.30452506585211053
7136.295606802236 0.30649441379992176
7138.614607555889 0.3066516507091294
7140.934585147244 0.30680496651490213
7143.252609078282 0.307210439937905
7145.573563512359 0.30632092402347805
7147.894029535122 0.30671768519859793
7150.21351873022 0.30839621798385064
7153.112269710703 0.31024383288636714
7155.431758917055 0.31114802406767045
7157.751248128403 0.31178355783435235
7160.073667842801 0.310577718183408
7162.394622313163 0.3112011238911047
7164.715576788508 0.3118161839967614
7167.037508101525 0.31216638144401565
7169.358462586828 0.31356037098947986
7171.677951828051 0.31548935317603366
7173.999394739632 0.3163558343132321
7176.321814488881 0.3158817016513684
7179.227403368265 0.3155515447601391
7181.548357879608 0.31692708474016135
7183.870289228604 0.3180375146626342
7186.192220582541 0.3191434321180796
7188.515617190485 0.3183628308344702
7190.839502219725 0.3183857304334086
7193.163875670258 0.31840021138889624
7195.488249125721 0.31894372974069585
7197.809692087944 0.3219119582039747
7200.13406555325 0.3213600641630723
7202.458927439835 0.3210797383977839
7205.364027972246 0.32227000648952764
7207.688401453512 0.3233279073325985
7210.01326335604 0.32383981815552393
7212.3386136798335 0.3227127800379411
7214.663475592153 0.3240252730632899
7216.990779591208 0.32397145908968644
7219.315153096928 0.3258222743204477
7221.639526607527 0.3263049791625249
7223.967319037601 0.3248638227134236
7226.2931578070575 0.32587848938151937
7228.620461830507 0.32606757096436434
7231.5275160970605 0.3266355271632424
7233.854820131446 0.32708489554074527
7236.182612587066 0.3275276584307703
7238.5089397984 0.3290645530670871
7240.835267014575 0.32949973599666876
7243.163547901111 0.3288187770508837
7245.493294041635 0.32841318790344814
7247.821086521465 0.32937795233432765
7250.1464369242 0.33200929452414984
7252.476183079215 0.3304656708953194
7255.38763315519 0.33123878335514917
7257.713960406345 0.3330253130505973
7260.045171826181 0.33090382320434036
7262.374429585276 0.3312815855519545
7264.7031989327825 0.33332877547370543
7267.031479868694 0.33425778365492775
7269.361714474965 0.33349929371793463
7271.693414335206 0.33273962247512406
7274.022183701874 0.33448853360077035
7276.35192990611 0.33455560348884233
7278.682164531518 0.33405589571377414
7281.595568340482 0.33644520119802923
7283.926779809421 0.33452337055603243
7286.258479699521 0.33568983663408614
7288.588714345183 0.33685590898390005
7290.9209026612025 0.3360410963563272
7293.253090981978 0.33550510045622156
7295.584302474693 0.33608983773057516
7297.915025555746 0.33779674739466004
7300.24721389075 0.3375246056120902
7302.581844312524 0.3369669692358123
7304.91159057496 0.33923642344246174
7307.829878614748 0.3375979046085968
7310.1601133042095 0.3395701612337029
7312.494743746079 0.3381346889005977
7314.828397359842 0.3383996612803324
7317.160097312664 0.3403645879022026
7319.494727768669 0.33890927735238047
7321.829358229378 0.3385943536822319
7324.162035029126 0.3402583408546003
7326.496665499228 0.33936183427153166
7328.831295974021 0.3398827778095451
7331.164461204245 0.3409684705259946
7334.084702975852 0.3398267562342739
7336.417379800176 0.34233758012583076
7338.752987127694 0.3411221757274162
7341.09005970915 0.33991109468533126
7343.422248131038 0.3432670903017919
7345.759320721825 0.34089508442432737
7348.096393317268 0.3405286525517954
7350.430535418811 0.34272522849038406
7352.767119607133 0.34177385556834594
7355.103703800098 0.3416778616122501
7358.024434047833 0.34190907485878724
7360.359553001942 0.34352551777223406
7362.696625626403 0.3428412178097237
7365.035163504791 0.34187290921365787
7367.370770889203 0.3437622605368622
7369.708331943966 0.3424962963787166
7372.045893003345 0.3432324502794292
7374.382965650899 0.3433950957296283
7376.7215035523695 0.3432637317496963
7379.058087792691 0.3448575736280316
7381.396625703363 0.3438576657096465
7384.319309681722 0.3449068917628493
7386.658336019172 0.3441848044782095
7388.996385528321 0.3451926022273075
7391.3344350420475 0.3444652588566805
7393.6744382261295 0.34459952605714805
7396.013952998343 0.34387189638918886
7398.353467775124 0.3445744062840821
7400.691028890684 0.3461436400185841
7403.032008925937 0.34453702472899833
7405.371523716403 0.3449467247451016
7407.71006167852 0.3456421618304921
7410.635187803365 0.34607730731854697
7412.976656274417 0.34503556734846824
7415.316171084205 0.3460105907221866
7417.656662731432 0.34583211016794463
7419.998131216103 0.3450727858174497
7422.338622872391 0.3454647406169383
7424.680579782574 0.3449909117861813
7427.021071447908 0.34595656167597594
7429.362539950673 0.34576277217935614
7431.703031625031 0.34759956801748715
7434.046453802662 0.3453755017754469
7436.972556824036 0.3457764453124607
7439.314025345951 0.3464412057065069
7441.656470705289 0.34624095675308525
7443.999892902051 0.3454622288419874
7446.34233827037 0.34612025516658285
7448.684783643175 0.3456285035932061
7451.027229020459 0.3465697464360331
7453.370162818689 0.3460697204465766
7455.711631371981 0.34730482457758766
7458.056030428559 0.3468006312447084
7460.984575589679 0.34631350860690846
7463.327509406885 0.34754332624238404
7465.671420061491 0.34645541188744994
7468.014842304075 0.34681334984554485
7470.359241384058 0.34601476613081394
7472.703640468484 0.34665831599727537
7475.047551140877 0.3464315846790403
7477.392438650658 0.3467833183273022
7479.735860915437 0.3468487939521074
7482.080748434083 0.3474861488028238
7484.425147540672 0.34667973227501153
7487.356134846605 0.347328462127393
7489.701510796097 0.34680861689495623
7492.045909917035 0.34802298438665913
7494.3922627083175 0.346921074252465
7496.73812708752 0.3469726993899692
7499.083503054639 0.34702734186616513
7501.428879026152 0.3473671245736086
7503.775720251524 0.34712747348676587
7506.120607815328 0.3468923977395541
7508.466960632985 0.3478073889230616
7510.8133134550235 0.3472789401043729
7513.746254488727 0.3476274993230506
7516.092118904112 0.3482535722428067
7518.440425406337 0.34685195148369885
7520.785801413962 0.348636714801549
7523.134596341412 0.3472304582963088
7525.48094919074 0.34756403014843495
7527.827790460917 0.347604651926879
7530.1741433189445 0.34793851024847644
7532.52244984731 0.34797917346273066
7534.869779547019 0.34802129097243834
7537.218086084068 0.34806341938320473
7540.152492428471 0.34811104668197873
7542.500798975267 0.3478627165278094
7544.849593942894 0.34790168632887364
7547.197412081833 0.3473619124344029
7549.545718641594 0.3479779539917477
7551.895002038684 0.3477250365668989
7554.24282019056 0.34776225801702937
7556.592103596268 0.3472195697462711
7558.94041017326 0.3475451063286544
7561.29018200408 0.3478693967694975
7564.224588403702 0.3484915748691274
7566.575337077206 0.3482381316180858
7568.924132088946 0.3482721750711971
7571.274392354509 0.3480142321560206
7573.623675791323 0.3480482200573732
7575.972959232409 0.3480806776429921
7578.323707927317 0.3481146707016905
7580.6729913769395 0.34901507329283354
7583.023251663862 0.3484654889727273
7585.374488788082 0.3473411920361208
7587.723772250481 0.3485256303097056
7590.662086042278 0.34827416076937595
7593.012834763798 0.34830642556804753
7595.363583489562 0.3483356161087861
7597.714332219567 0.34807572566492784
7600.064592537284 0.3486816510956266
7602.415341275754 0.34871075340409574
7604.7670668515075 0.34815835255237504
7607.119280848014 0.34789697165184347
7609.470518015686 0.34792593024335966
7611.822243604107 0.3485283949268676
7614.1729923636785 0.3485558224588142
7617.112771464521 0.3480103179507644
7619.4644970666195 0.348612854940645
7621.817199505987 0.3480588602796341
7624.167459866882 0.3495337060625507
7626.520650731175 0.3483947450069557
7628.873353183128 0.34870826704912566
7631.225078806192 0.34873090125298756
7633.577781266515 0.3484641561784751
7635.930483731014 0.34848673542247594
7638.2841630327675 0.347931183492698
7640.636377089077 0.3482395300086776
7643.577621498401 0.3479752244461364
7645.929347147537 0.3488652282318301
7648.283026466999 0.3485920854739785
7650.636217374074 0.34861293383572833
7652.989896701845 0.3486291625289104
7655.343087617221 0.34807318831504147
7657.69627853674 0.3486661409501492
7660.049957876948 0.34897337640870557
7662.404614054388 0.3478311908207023
7664.757804986318 0.3484251804842315
7667.7005146984075 0.3484433152366334
7670.054194056172 0.3481686780811963
7672.408361834607 0.34760710305569165
7674.76252961716 0.3484836159207304
7677.11718582038 0.34878280323426114
7679.471842027712 0.3473525911419778
7681.825032989486 0.3490965512670576
7684.18066603814 0.348236536262877
7686.534833841223 0.3479587875939079
7688.8885132318455 0.3491225701909656
7691.243657876231 0.3491306932873395
7694.187832895743 0.34855863610286725
7696.542489132762 0.3479869406510082
7698.897633790424 0.34828085403565767
7701.25277845216 0.3482872730417653
7703.608899951096 0.3477098581577472
7705.964044620973 0.34800190185199964
7708.3187008783525 0.348871308727592
7710.674822389488 0.3482943611343465
7713.030455488117 0.34829148397156
7715.386088590799 0.34829313470497375
7717.741721697531 0.3482886682721051
7720.686385190779 0.34828453197192183
7723.042506723183 0.34799103870146597
7725.398139843052 0.34885254847790476
7727.754261383529 0.3491360648326064
7730.110871344608 0.34796959243192377
7732.466992893147 0.34796339964353035
7734.82262602913 0.3488201021903788
7737.17972441886 0.3473676484922754
7739.536334396034 0.3479293711283314
7741.89294437722 0.3482027775962703
7744.249065945839 0.34819030252245714
7747.195683161978 0.3478816318364301
7749.552293156184 0.34786454366675323
7751.907926321225 0.3490026898083697
7754.265513156582 0.3486928616898653
7756.62309999593 0.34751990644880865
7758.979221589521 0.3486522425435823
7761.33778527001 0.34804906953562104
7763.694395288144 0.3480241348746723
7766.051982143424 0.3468471687786457
7768.407126919747 0.34912833889894446
7771.355209436712 0.3479371600124823
7773.712796304889 0.3484825142336863
7776.0718484267945 0.34758469557018373
7778.428946886305 0.34726666818651114
7780.784580099997 0.3486749158801712
7783.1441206503605 0.34777042481375825
7785.501707538308 0.3474429733272843
7787.859294430198 0.3476940736765988
7790.217369742621 0.3473635712590636
7792.574956642386 0.347609982154071
7794.9335203792725 0.34727953720674265
7797.8806261185655 0.3469357633308287
7800.239678280883 0.3471787437888306
