calculator/instruments/lris/plaintext_files/red_CLEAR_600-10000.txt
# %ECSV 1.0
# ---
# datatype:
# - {name: WAV, unit: Angstrom, datatype: float64}
# - {name: EFF, datatype: float64}
# meta: !!omap
# - {DICHROIC: CLEAR}
# - {GRATING: 600/10000}
# schema: astropy-2.0
WAV EFF
[from data line 428]
7961.221022257341 0.36939036145397697
7964.46455553358 0.36870785905750325
7967.7071119960165 0.36957846263560606
7970.9496684653805 0.3698958336673493
7974.1932017624185 0.3700265726003509
7977.437223476749 0.3701330515355595
7980.679291556479 0.3700939716786154
7983.921848053482 0.3703388923604529
7987.97565419739 0.37137477774763755
7991.2211411721555 0.3710172509359176
7994.465162922656 0.37158117500479326
7997.709184680019 0.3726629784539442
8000.952229623469 0.37339649627992444
8004.196251394531 0.3741858596955535
8007.441738403584 0.3731943378970179
8010.684294957154 0.3741154826831905
8013.929781979862 0.37351348342476665
8017.172826957445 0.37467787218392085
8020.418313993773 0.3740475657006237
8024.4755391065355 0.37420651641769287
8027.720049337365 0.37502024149731084
8030.966024806152 0.37466160704073725
8034.21053505053 0.3755689558154263
8037.455533712061 0.3757934529498987
8040.701020790738 0.3760861676838908
8043.946019465765 0.376404786456627
8047.191506557923 0.3772686599255876
8050.436016836013 0.3773445782847175
8053.682969172818 0.3766487757783664
8057.740682782466 0.3775317433571462
8060.987146723968 0.3781342807561504
8064.233610672166 0.3782341907978045
8067.480563037455 0.37902289781705817
8070.7270269990195 0.37869497665138024
8073.973490967255 0.3787216633179602
8077.219954942153 0.3791728700839875
8080.466418923701 0.37878965684570676
8083.713859732714 0.37892958760822776
8086.960323727548 0.37923394247420855
8090.206787729012 0.37985236818701423
8094.264989842748 0.3804063642608385
8097.512430679919 0.38052671981932695
8100.759383113281 0.3810471214078815
8104.007312374068 0.38151191183899225
8107.255241641446 0.38090927424852944
8110.502682504988 0.38094263009992807
8113.751100195937 0.3807247980473508
8116.998541072615 0.38155156115126726
8120.247447187108 0.3810543957227583
8123.495376487313 0.3815915067479002
8126.74379420448 0.3820922467485402
8130.803461641884 0.3827686954156332
8134.051390963314 0.38231570745382015
8137.298831880832 0.38313554182541315
8140.548714856985 0.3824646347586908
8143.795667377078 0.38295431340204006
8147.044573545371 0.38321300206950615
8150.2925028992895 0.38294849347157545
8153.541409080541 0.383558693736978
8156.790315268262 0.38351407092387196
8160.040198283306 0.3833363084390522
8163.288616073508 0.3836311954025477
8167.349260422925 0.38414079092758924
8170.597678227609 0.3846729242307754
8173.847561270029 0.38417958168380567
8177.0969559084315 0.3847408420361308
8180.346838963683 0.3840424024157772
8183.595745204462 0.3845634411300291
8186.845139862074 0.3848711883977277
8190.095022936517 0.38452412541703906
8193.344417606897 0.3850413181336155
8196.595277514982 0.38416120028694656
8200.657875588151 0.38498598121670574
8203.907758689658 0.3851395974803361
8207.156664976623 0.3855367420453703
8210.408501732607 0.3854295494035767
8213.658384853139 0.3855194936614686
8216.908267979994 0.38576609589709837
8220.158151113164 0.38615552331134945
8223.409011073545 0.38565704545710594
8226.659871040229 0.38541209848657987
8229.909754192306 0.3852216867713164
8233.159637350664 0.3856338783221692
8237.223212333578 0.38499766855956286
8240.474072326962 0.3850047602898573
8243.724932326613 0.38507387469382715
8246.974815511601 0.38579620335236
8250.22567552375 0.38604534239502
8253.477512363059 0.38574109165610543
8256.72837238768 0.38601902218595374
8259.97923241853 0.3862727034175943
8263.230092455595 0.3866704682158002
8266.480952498867 0.3867943982193906
8269.732789369269 0.386350900693705
8273.79636443982 0.3866658822647697
8277.047224503222 0.3869238997562179
8280.29906139373 0.3862626197627469
8283.54992146948 0.38605750883678147
8286.800781551387 0.3859119486636617
8290.051641639446 0.385807006616748
8293.303478554595 0.38586608121274446
8296.555315475885 0.38618461222435274
8299.807152403308 0.3863606941159397
8303.058989336858 0.3861216599628112
8306.309849455578 0.3868279261777841
8310.374401433519 0.387426741476395
8313.625261565972 0.38738105480016516
8316.877098525474 0.38715868860455455
8320.128935491062 0.38655734905383005
8323.38077246273 0.3862527350996939
8326.63358626143 0.386461608173234
8329.885423245236 0.3861625438724787
8333.136283414131 0.38667407176670215
8336.388120410043 0.3864723642067592
8339.638980591028 0.38701492288571676
8342.891794419984 0.38770669400021396
8346.9563464832 0.3882579021397229
8350.20818350474 0.3876487968889011
8353.460997353266 0.387548977532211
8356.713811207797 0.38699017598652585
8359.96564824735 0.3864941523907713
8363.218462113871 0.3859599627519549
8366.47127598638 0.386239102136129
8369.722136222897 0.38742333499602766
8372.974950107351 0.3865508048888981
8376.226787176774 0.38746715296308093
8380.292316137673 0.38814606781598304
8383.545130041475 0.38870211457355686
8386.797943951218 0.3885280565346373
8390.049781045898 0.3890473303786496
8393.301618146497 0.3889171153991969
8396.55443207401 0.38781377653764554
8399.808222828437 0.3871175799142217
8403.05908312576 0.38763336548213273
8406.311897070982 0.3883363033916164
8409.56275738008 0.38918463550340443
8412.816548158078 0.3886703158277766
8416.88207720207 0.3896245791635167
8420.133914351254 0.38955472719715795
8423.387705148325 0.389597280333976
8426.639542309218 0.38928555049968516
8429.89235629697 0.3892901456251176
8433.145170290558 0.38953852498764324
8436.396030647931 0.3900712466202138
8439.649821474191 0.3898356080601021
8442.901658664225 0.3906731866448181
8446.15349586006 0.39024741202462465
8449.40826352478 0.38995882908735524
8453.473792650748 0.39027069579208584
8456.724653044377 0.3915585585370628
8459.976490264811 0.391942710176157
8463.230281133088 0.39111153412542515
8466.482118365058 0.3917889129368655
8469.734932423824 0.39207704162435697
8472.987746488338 0.3918905787521406
8476.239583737555 0.39262258626683005
8479.493374634596 0.392270266630195
8482.745211895277 0.3928241199424242
8485.999002803776 0.39216251577054984
8490.0625783685 0.39272039144981136
8493.315392468801 0.3930092782382575
8496.5682065748 0.39304675546294604
8499.821020686499 0.3931509968079986
8503.072857982823 0.3932742577710128
8506.326648926944 0.3927367582589385
8509.57848623462 0.3934280940558359
8512.830323547965 0.39297968693983953
8516.084114509089 0.3928012868481081
8519.334975012674 0.39383639412727994
8523.399527471154 0.3943688004259446
8526.65234162956 0.39498165365537363
8529.905155793596 0.39608840121845185
8533.15699314219 0.39703023814291394
8536.409807317465 0.39778292848922064
8539.66164467728 0.39763695867906407
8542.914458863772 0.3972640788786418
8546.166296234784 0.3978205531286428
8549.418133611382 0.39846251359459467
8552.671924635726 0.3972319546534318
8555.922785202401 0.39888386449787167
8559.98831456074 0.39909923398681807
8563.240151961016 0.40055936636267275
8566.491012545754 0.40068076205105096
8569.743826778216 0.3998753206146273
8572.995664195132 0.39992119997933956
8576.247501617578 0.39971626689620976
8579.499339045555 0.400368838053938
8582.750199657949 0.401302103234463
8586.00301391805 0.4014519685049294
8589.255828183668 0.4024224733158051
8592.50766563368 0.4036706705284489
8596.571241427544 0.40373896418603344
8599.822102068802 0.40433689641876797
8603.074916357753 0.4037271769128982
8606.326753831065 0.4041538923939607
8609.578591309852 0.40411092427484924
8612.829451972979 0.404545700941761
8616.080312641556 0.4047129687588071
8619.333126957808 0.4048217180102716
8622.583987637272 0.40620013082727335
8625.835825143282 0.40643251449318785
8629.0866858336 0.40658451492110287
8633.151238525237 0.4074700144651057
8636.40307604886 0.4078726508657857
8639.653936756764 0.40949459068069693
8642.904797470066 0.4099019392476542
8646.155658188758 0.41016013542802815
8649.407495733964 0.40979423194549547
8652.658356463417 0.410377982743103
8655.908240377108 0.4113777154866293
8659.160077938433 0.41116173323340177
8662.410938683985 0.4122040230979102
8666.474514623447 0.41264894393450613
8669.725375381031 0.4127180854538079
8672.975259322808 0.4132422040106902
8676.225143269916 0.4141210894480011
8679.476004043492 0.4141385462192677
8682.726864822389 0.4146443489155422
8685.976748785448 0.41499847335930484
8689.22663275381 0.4159948615103518
8692.477493548626 0.41606868247832285
8695.726400706424 0.41695955840902316
8698.978238332971 0.41655210181730806
8703.039860704826 0.4172430917248522
8706.290721522093 0.417248791219292
8709.540605523467 0.4172989718128077
8712.7904895301 0.4180702974714796
8716.039396720822 0.419334749218084
8719.29025755912 0.41919833410697194
8722.539164760325 0.4204162058577127
8725.788071966761 0.42089098828374727
8729.038932820764 0.42026013230098713
8732.288816858818 0.4201803953824532
8735.537724080918 0.421080023069943
8739.599346526451 0.420667973891786
8742.850207402611 0.42046282653818623
8746.098137820434 0.4216990632580498
8749.3480218858 0.4221110518069442
8752.59692913517 0.42274957981393
8755.844859568533 0.4241918856062636
8759.093766828244 0.424596076447297
8762.343650914308 0.4240880378361487
8765.592558184342 0.42400985426318494
8768.841465459527 0.42450226361505145
8772.089395918665 0.4253353867105934
8776.150041615705 0.4262825551412847
8779.397972086394 0.4270602059517684
8782.6468793834 0.42691599540334535
8785.894809864327 0.4279675713776213
8789.143717171564 0.4274388127555729
8792.391647662711 0.42817429054106115
8795.638601337752 0.4285647679255559
8798.886531839089 0.4283944651083936
8802.135439166714 0.4277745971110778
8805.381416035807 0.4287737176238763
8809.44010815581 0.42901706048403615
8812.688038678722 0.42906275896755924
8815.935969206694 0.4293082056876524
8819.182922918513 0.42987704919316905
8822.429876635377 0.4299994007026035
8825.678783999714 0.43007741627618384
8828.92476090544 0.4303503031282593
8832.171714637414 0.43164749468003893
8835.419645195634 0.43176808343504425
8838.667575758871 0.43117868942941295
8841.91159904223 0.43224314927033675
8845.970291233054 0.4327492658484471
8849.21626817011 0.4324973320787077
8852.46224511216 0.4332888264383649
8855.70822205919 0.4337181843005659
8858.954199011201 0.4338100004113811
8862.199199146957 0.43402187702564565
8865.44712975138 0.43253786109791503
8868.693106718296 0.4325208363698445
8871.93908369017 0.4330612422773852
8875.184083845756 0.43359467226538423
8878.430060827528 0.43307182802258054
8882.485822624507 0.43305614545748244
8885.730822796137 0.43303555643887714
8888.97582297269 0.4335210820685689
8892.22082315416 0.432959999774085
8895.465823340548 0.4329031085545652
8898.710823531837 0.4323161526917553
8901.954846906776 0.43328176371301114
8905.200823929119 0.43214725290387795
8908.445824135099 0.43204852841161645
8911.68887070345 0.4329752813748132
8914.932894097932 0.4333745791636135
8918.988655963829 0.43216259659707346
8922.231702548004 0.43253057450328114
8925.47474913703 0.43237062134886245
8928.718772552174 0.4316756985084564
8931.962795972167 0.4314913548272973
8935.206819396999 0.4312918253197851
8938.4498660054 0.4321197154187626
8941.692912618628 0.4318951148926475
8944.934982415407 0.431657268072742
8948.179005859547 0.4308874636418534
8952.230860502345 0.4310765132958509
8955.473907136029 0.43028111023539783
8958.716953774512 0.43050691106892874
8961.960000417786 0.4296822912526059
8965.202070244568 0.42936797798986354
8968.444140076133 0.4295515921295008
8971.68620991247 0.4286871602259942
8974.928279753578 0.4283320383565392
8978.169372778164 0.4279620751759582
8981.410465807505 0.42809216908343184
8984.654489305462 0.426662411146928
8988.704390372815 0.42717501629682897
8991.945483417578 0.42623261136359875
8995.187553288368 0.4257912750803923
8998.4266927 0.42584741745962423
9001.667785758942 0.4253846060068042
9004.9098556439 0.42389543977310107
9008.149971890974 0.4239260247962931
9011.389111321449 0.42393979522938613
9014.62922757792 0.4234269023517643
9017.869343839087 0.42239672019774377
9021.109460104943 0.42236948509337763
9025.160338059823 0.42167558486092704
9028.399477514899 0.4206014045729947
9031.63861697464 0.4205223241759482
9034.876779617734 0.42043581883334435
9038.115919086793 0.4198253082463996
9041.357012203132 0.41818965007345965
9044.595174860178 0.41755479466030665
9047.833337521863 0.41689884277752937
9051.072477009502 0.4167377702034054
9054.309662859132 0.41606107028633743
9057.547825534702 0.41586911622595996
9061.595773090992 0.41498086922975236
9064.833935776944 0.41375951339146416
9068.07112164618 0.4135212369004519
9071.309284341341 0.412271474113634
9074.547447041099 0.41101103446935694
9077.783656102789 0.41073261967222724
9081.02084199039 0.41043638623392403
9084.25802788257 0.40914001008683715
9087.49521377932 0.4083244086806757
9090.73239968064 0.4070059898664889
9094.776440010362 0.40644454748287817
9098.012649100603 0.4060779414949035
9101.248858195388 0.405209459056896
9104.48604411606 0.4033495992911797
9107.720299577246 0.4039175788795028
9110.955531864302 0.40301106162739125
9114.19174097723 0.40112058996345396
9117.426973273334 0.4006757481773437
9120.662205573955 0.3997341744710765
9123.896461057737 0.3992644359972917
9127.130716546022 0.3982980969571586
9131.175733760747 0.3961162965790294
9134.409012437794 0.3960852153985497
9137.64229111933 0.39508473207760136
9140.877523448053 0.3935972722890326
9144.11080213854 0.39305323703385997
9147.3440808335 0.392496142659893
9150.578336354283 0.39097874177384523
9153.811615058165 0.3899275262684944
9157.044893766504 0.3888688507505524
9160.278172479291 0.3873312871510462
9163.510474375158 0.3867208486490732
9167.550607545889 0.38489732848161884
9170.7838862731 0.3837998275081238
9174.015211361999 0.3831577589671019
9177.248490098062 0.3815838451570534
9180.48079201717 0.3804638941973166
9183.71016347657 0.3802577838989059
9186.942465404489 0.3795781356140107
9190.17379051544 0.377519304803441
9193.405115630781 0.3763713697651561
9196.637417571892 0.3752170253677421
9199.866789053249 0.3745099190504664
9203.905945464552 0.372149512228641
9207.13629377713 0.3714268932619031
9210.365665272693 0.37069906709143735
9213.595036772615 0.36951636586306763
9216.825385098275 0.3683276741282213
9220.055733428288 0.36669480791898107
9223.283151298481 0.3655021780119082
9226.512522815789 0.3651881012952144
9229.742871158827 0.36310624712903194
9232.971265863409 0.36234667319620506
9237.006515044868 0.3608410796799996
9240.234909759172 0.35963411691817776
9243.463304477784 0.35842640854973945
9246.69072237931 0.35721799505963436
9249.918140285134 0.3564422905112544
9253.146535016656 0.35480081063019653
9256.37395293107 0.35316838733020167
9259.600394028363 0.35238581664928825
9262.826835129938 0.35160648656681326
9266.054253057193 0.3508257974759753
9269.281670988721 0.3483506219150415
9273.313989766313 0.34726985969678476
9276.5384772432 0.3464955348972049
9279.765895188577 0.34530110713661016
9282.99135949538 0.34410618744720983
9286.216823806422 0.3429198774649509
9289.442288121703 0.3409116518906411
9292.665798798387 0.34056230036750446
9295.891263122132 0.3389769583234497
9299.114773807258 0.3386324843325531
9302.340238139446 0.33706048250521947
9305.565702475848 0.33509370792326904
9309.594114027286 0.33447472382201
9312.8176247303 0.33374160884035925
9316.04015861608 0.3322095446885304
9319.265622970339 0.33068893254948817
9322.48718004307 0.3295772419534463
9325.709713941409 0.3288763535941303
9328.933224665356 0.32778227215525374
9332.15478175061 0.32670175892384434
9335.37731566146 0.32562767078296323
9338.599849576472 0.3245684735734559
9341.821406674204 0.32351977069709126
9345.846887820051 0.32261816885992217
9349.068444927112 0.32120584610045455
9352.290978859755 0.3201988474046489
9355.510582332212 0.31920187750281226
9358.731162630236 0.3182205882080985
9361.950766110942 0.31802622950655357
9365.171346417212 0.3170721620466708
9368.389973084699 0.31651675228730336
9371.610553399192 0.3152083859417799
9374.828203253443 0.31468104180285383
9378.854661273544 0.312428459020587
9382.07328795846 0.3115593397808944
9385.291914647463 0.3110830722034761
