calculator/instruments/lris/plaintext_files/red_D560_1200-9000.txt
# %ECSV 1.0
# ---
# datatype:
# - {name: WAV, unit: Angstrom, datatype: float64}
# - {name: EFF, datatype: float64}
# meta: !!omap
# - {DICHROIC: D560}
# - {GRATING: 1200/9000}
# schema: astropy-2.0
WAV EFF
[from data line 427]
8061.988190727453 0.28388154587558123
8063.600037002403 0.2838318392558881
8065.212371717272 0.2827495773837909
8066.824706433787 0.28201803052777946
8068.435575837148 0.28231058560281125
8070.045956803888 0.2836342054224556
8071.657803087071 0.28255635699971227
8073.270626248438 0.28148510022268763
8074.881007220104 0.2814393857382342
8076.89630351877 0.2813832561213298
8078.506684494125 0.28133755325072335
8080.118042347656 0.28231787486077575
8081.728423326284 0.28330281253365197
8083.34075805963 0.2815477331749611
8084.95211591807 0.28082653343093333
8086.562496901601 0.2818062480852398
8088.172877886765 0.28382704589978774
8089.784235750102 0.2827508080249195
8091.396570491619 0.2813448553144173
8093.0074399199475 0.2809669557561413
8095.021270926783 0.28194150866553774
8096.6311634822205 0.2819054691334678
8098.24252135411 0.28289881486723906
8099.85339078935 0.2821802472870871
8101.465237102768 0.28112006228318
8103.0751296646995 0.28108780285877905
8104.68551066653 0.28311078712321486
8106.296380108258 0.2827391097009359
8107.907249551604 0.282022101631928
8109.51860743485 0.2809710985698719
8111.532926900756 0.2809369351578697
8113.14233103452 0.2812514772380786
8114.753200484743 0.28156764270931756
8116.362116183451 0.28291473976859705
8117.974450951743 0.28118036766106186
8119.584343530239 0.2811603247087906
8121.194724548626 0.2821644923591964
8122.804617130341 0.28248903441046114
8124.415975028512 0.28144360289252557
8126.026356051725 0.2807457767936431
8127.635760199978 0.2820963168013647
8129.648614373686 0.28139615819677577
8131.258506963831 0.28206394760494635
8132.8679111172905 0.2834319884165586
8134.479757463785 0.2817017377389252
8136.089161620448 0.2820355457989314
8137.699542655282 0.2810040061774101
8139.308946815141 0.2820198601538204
8140.919816291461 0.28133286810995073
8142.529220454512 0.28167116037105866
8144.138624619157 0.2813270043150012
8145.747540347104 0.28269633681382056
8147.760882981587 0.2816690129268995
8149.370287151407 0.28132976229356754
8150.981156637694 0.28065055439484016
8152.5900723724035 0.2809953635860515
8154.198499670405 0.28305706340442854
8155.808392284873 0.2823773494918921
8157.418284900927 0.28170048978952905
8159.027689080275 0.28102647662503444
8160.637093261205 0.2827491771806518
8162.246009005425 0.2820750849650639
8163.856878504408 0.28072374841664594
8165.867290531437 0.2810837878221214
8167.477671595681 0.280759944488041
8169.085122031724 0.2821411787280606
8170.693060907638 0.28284891723406835
8172.303930414917 0.2814999955754278
8173.91235773228 0.2818629803765327
8175.519808174616 0.28360810206422093
8177.129212371723 0.28225423307780817
8178.739105008702 0.2815960743372247
8180.347043894052 0.28162376532970473
8182.358432817851 0.2816581133867364
8183.966371706729 0.2823744542927234
8185.574799035475 0.28206380125688246
8187.184203242395 0.28209648882006516
8188.7921421359715 0.28213285758113976
8190.399592592806 0.28319839648604056
8192.007531489504 0.2828905127155087
8193.616935702681 0.2819012293965631
8195.2243861642 0.28228194780160054
8196.833301942193 0.28232448759415285
8198.441240845134 0.2830523745964993
8200.450676037693 0.28449131876289896
8202.060568697367 0.2810998745047588
8203.666553852136 0.28250856981742556
8205.273515885074 0.28393681479248706
8206.882431672793 0.28260474935354407
8208.490370585452 0.28265592466043316
8210.097332623041 0.2840861340908978
8211.704294662184 0.2834482758998373
8213.314187332735 0.2821296310558505
8214.920172498349 0.2828655404539889
8216.52713454213 0.28361088801328455
8218.536569756496 0.28368245771790757
8220.14353180375 0.28305417360265045
8221.751470729174 0.28380123985813605
8223.358432779516 0.2824869932338194
8224.965394831393 0.28392123294952687
8226.572356884817 0.2832960917667928
8228.179318939778 0.28336094921256677
8229.784327243015 0.2848082754628444
8231.391289301046 0.28556990451686753
8232.999228237246 0.2835591796695535
8234.605213421717 0.2843149262186968
8236.61464865773 0.2830259204490726
8238.220633845649 0.28447275510415715
8239.826619035099 0.2831677114275846
8241.432604226075 0.2846152546821178
8243.03858941858 0.2853825454224335
8244.644574612616 0.28476403970638126
8246.252513561452 0.2834589216047063
8247.857521881899 0.28561071680642813
8249.462530203868 0.2856846659767924
8251.069492280641 0.2850692697798982
8252.67352372901 0.28584140329641194
8254.681982109862 0.2852472150008451
8256.28796731494 0.2853285756286611
8257.893952521536 0.2847176148366445
8259.498960853003 0.2854912946093562
8261.103969185986 0.28627084056597235
8262.709954397134 0.28496365492192544
8264.314962733148 0.2857417269832858
8265.918994194022 0.2879284170494906
8267.525956286365 0.2852160568746084
8269.12998775026 0.28599980322033025
8271.136492397234 0.2861078886096249
8272.741500741182 0.2861943798066996
8274.345532209978 0.2869807753238733
8275.950540556938 0.28707255051994846
8277.555548905406 0.28646145061105216
8279.159580378719 0.28725106609350126
8280.764588730195 0.2866421070790221
8282.369597083172 0.2867337214931987
8283.97167480767 0.2882282148431932
8285.576683163652 0.28761715799430304
8287.180714644468 0.2877102884467023
8289.185265559265 0.28853136635503185
8290.789297043453 0.28792085912628246
8292.3943054058 0.28731543237182594
8293.998336892982 0.28740968865146255
8295.600414628316 0.2889101765287437
8297.205422995148 0.286900612712021
8298.807500733466 0.28839586225748254
8300.411532226615 0.2877906254003947
8302.016540597924 0.2878875384627835
8303.617641464032 0.28939298606832686
8305.221672961648 0.28878309021951293
8307.22622389742 0.2881999456435734
8308.829278521704 0.28690245049046753
8310.431356270794 0.2891002002515209
8312.034410898046 0.2884933878307797
8313.636488650101 0.2885916251853301
8315.239543280315 0.2886886623611894
8316.842597912007 0.29019953254786385
8318.4446756685 0.289590338560293
8320.045776549785 0.29039712625998576
8321.648831185912 0.28978753740058066
8323.25090894683 0.2905948808896401
8325.252529273368 0.29071560815122427
8326.855583914286 0.29010785541575257
8328.456684803305 0.2902052575111155
8330.057785693794 0.29101244055308984
8331.66084033913 0.2911127334420144
8333.261941232557 0.2912104425720028
8334.86304212745 0.2920229492214222
8336.4651199005 0.2899888332605103
8338.066220798328 0.29150629892003893
8339.667321697616 0.29160408325825415
8341.669918919655 0.2903064433028972
8343.27004294554 0.2911099429130946
8344.870166972885 0.29263577569051685
8346.47322163178 0.2905960766039084
8348.072368785346 0.2914015897344003
8349.673469693766 0.29149674141258103
8351.273593726943 0.29088197034691154
8352.872740884875 0.2924001119159525
8354.474818674365 0.29107313898860365
8356.073965835203 0.29259225181458476
8357.674089874194 0.2926864034042564
8359.674733363327 0.29209097729606914
8361.273880528879 0.2921849175864023
8362.874004572584 0.2922789135081112
8364.473151741031 0.29308642939459245
8366.072298910925 0.2938961441273133
8367.67242295897 0.292553256316957
8369.272547008466 0.292644730410105
8370.871694182695 0.292734937271402
8372.470841358363 0.29282516778415385
8374.069011658763 0.2936289267787884
8375.668158837316 0.29371937886457394
8377.66587171664 0.29383183100983007
8379.265018898426 0.2939171684904252
8380.86318920494 0.29400509429635363
8382.462336389604 0.2940904712364559
8384.060506698987 0.2941771133228505
8385.658677009804 0.2942612002254021
8387.25684732205 0.29434400424335927
8388.85501763573 0.2944307044315599
8390.452211074124 0.2959579401874145
8392.050381390665 0.2945937417090659
8393.649528585356 0.29395665911074403
8395.645287731382 0.2947749924620761
8397.24248117584 0.2955774255899746
8398.840651498449 0.2942123595159231
8400.437844945756 0.294292458819257
8402.03406151776 0.29581106652245953
8403.632231844638 0.29444360377033496
8405.228448419482 0.2959629793505812
8406.82466499575 0.2960356797088932
8408.420881573431 0.2961096776682751
8410.01807502926 0.2961811116418544
8412.013834193493 0.2955481423396319
8413.610050775778 0.29634084598924165
8415.206267359477 0.2964109633609127
8416.801507067858 0.29647847934637456
8418.397723654383 0.29654600428971
8419.992963365581 0.2973412967935796
8421.591133708405 0.29523056067389186
8423.185396545688 0.29674207699892347
8424.780636261114 0.2968056939187497
8426.375875977948 0.29686409334122155
8427.971115696191 0.29692510540071976
8429.964921126779 0.29773042978048125
8431.560160848181 0.29705747618017114
8433.155400570982 0.2963886399487051
8434.749663418444 0.2979021058883843
8436.34490314405 0.29577679646842947
8437.93916599431 0.296554249565549
8439.533428845969 0.2966059641561665
8441.127691699025 0.29665770304525557
8442.720977676727 0.2967080714231621
8444.315240532573 0.296755887909868
8445.910480266566 0.2960785360495502
8447.901355086577 0.29758755313610097
8449.495617946952 0.2983657532612929
8451.087927055212 0.29767416888109505
8452.681213041613 0.2984499237548311
8454.274499029409 0.29775944504362056
8455.867785018585 0.2985314720183924
8457.460094132397 0.29783554438419924
8459.053380124351 0.298605125171578
8460.64568924093 0.299376637398674
8462.238975235652 0.2979437381270668
8463.831284354997 0.2979784660242805
8465.82118231774 0.29874950043318654
8467.413491440191 0.29951478906996676
8469.005800564022 0.29880596912840013
8470.598109689234 0.29883420636499314
8472.189441939056 0.299595692260003
8473.78175106702 0.29888270362623925
8475.372106442826 0.29964428728498915
8476.963438696772 0.29892983819633606
8478.555747828861 0.29821708765865335
8480.146103208785 0.29823598960766123
8482.135024312382 0.2989904425376122
8483.725379695388 0.29974167183822453
8485.316711956531 0.29902037295181444
8486.905113588728 0.300509802564785
8488.49742272938 0.2990450088800891
8490.08777811785 0.29832009090266565
8491.67715663091 0.2990643005357794
8493.267512022112 0.2983353804674711
8494.857867414672 0.2990743989517596
8496.44724593182 0.2998152276594497
8498.036624450326 0.2990830929870559
8500.023591819563 0.2990845719512429
8501.61297034113 0.2983502651658056
8503.202348864046 0.2983506203703416
8504.789773634759 0.30055509600176905
8506.379152160389 0.2998105788683177
8507.969507564158 0.2983359167811692
8509.55693233893 0.2990603085497155
8511.14435711505 0.2997851222468259
8512.73373564609 0.29904114928107584
8514.32116042491 0.29976195751721424
8515.909562081864 0.29975036389772847
8517.894575716558 0.3004725980774739
8519.482000499755 0.2989761410301172
8521.069425284297 0.29969542698340906
8522.656850070181 0.29967455072432947
8524.245251734204 0.2981859858526837
8525.83072276919 0.30037187685926336
8527.417170682305 0.2996065312500127
8529.005572350354 0.2981143448786688
8530.592020266155 0.2995541809777543
8532.177491306491 0.29952396549257976
8533.763939224964 0.3002339252597388
8535.74797600173 0.2979886929641345
8537.33344704641 0.3001638495637693
8538.91891809242 0.2993884054252234
8540.506342893366 0.298616342191062
8542.091813942043 0.2985782979545543
8543.675331238444 0.3000149409905083
8545.260802289778 0.2999740593715416
8546.847250219245 0.29919252187025674
8548.430767519629 0.2998896443355136
8550.016238574946 0.2991056522841155
8551.997344738355 0.299050036045327
8553.580862043042 0.2997402232167725
8555.166333102665 0.299691438900034
8556.749850409995 0.2996425995483525
8558.333367718646 0.29958846019303065
8559.916885028613 0.2995356784535381
8561.502356093524 0.2980107993805618
8563.08489652932 0.29942746128752024
8564.668413843243 0.2993707036489293
8566.251931158482 0.299312659711332
8567.834471598224 0.2999927769946543
8569.812647149743 0.29991700856116804
8571.396164469252 0.2991143574265226
8572.979681790079 0.29905104559433077
8574.560268481757 0.3004698846981754
8576.143785805203 0.2981835314051058
8577.726326253136 0.29959170286993286
8579.306912948738 0.2995242202290095
8580.889453399286 0.2979782618696033
8582.47101697432 0.2993840970040768
8584.051603673834 0.29857220697744236
8585.633167251477 0.2999834471373942
8587.60938906774 0.29914582507561027
8589.191929525137 0.29833198129150335
8590.772516230183 0.29752161631761176
8592.353102936528 0.2989159900606696
8593.932712767342 0.2995805014499539
8595.51329947628 0.29801971150698486
8597.092909309687 0.29867695149821044
8598.674472898048 0.2985938282891277
8600.253105857213 0.2985119741656132
8601.8327156945 0.29769185848514457
8603.41134865625 0.3005762125239722
8605.386593613912 0.2982372292435406
8606.966203455397 0.297413904604434
8608.543859544498 0.2995460241452873
8610.12346938856 0.2972389718622657
8611.701125480235 0.2986239544196315
8613.27975845003 0.29853281154852945
8614.85839142111 0.2984416974077653
8616.436047516638 0.29761115363629237
8618.014680490287 0.2982568639524174
8619.593313465217 0.2959622264391633
8621.564650932 0.2980466860025802
8623.140353279285 0.29869060112227785
8624.720940012065 0.29565421600429603
8626.295665485059 0.29849760080366705
8627.873321589863 0.2969239043888402
8629.449023942248 0.29756144341228463
8631.028633803295 0.29526823517469925
8632.602382404537 0.29810654272644754
8634.178084760742 0.2980061744765637
8635.753787118216 0.2979071506838653
8637.330466353813 0.2970649042988103
8639.30082696167 0.29693954312032944
8640.875552446418 0.2961025373456866
8642.451254809288 0.2967369207438094
8644.026957173424 0.29516976207936424
8645.602659538823 0.29506773385601
8647.175431274925 0.2971656872621862
8648.751133642852 0.29559233306547217
8650.323905381476 0.2969588310721754
8651.897653998212 0.296854780338475
8653.473356369926 0.2952804703692371
8655.047104989184 0.29590903354751463
8657.012581230521 0.29651356163214804
8658.587306729465 0.2956737682455346
8660.161055352808 0.29483629577958065
8661.73480397741 0.2947342442474632
8663.305621972671 0.29683095636413753
8664.879370599778 0.2959889037214254
8666.451165474406 0.29588375395093164
8668.022960350285 0.29651476836725416
8669.595732104279 0.2956722380973936
8671.16948073639 0.2933777178935356
8672.740298739147 0.29472733605226037
8674.703821244342 0.2953305466755983
8676.275616126772 0.2952255666540653
8677.846434133573 0.2943891754218341
8679.418229018489 0.2942832192206418
8680.990023904651 0.2941785812964112
8682.559865038305 0.29480840694677446
8684.130683050076 0.2947048301824304
8685.700524186213 0.29459996126711485
8687.270365323588 0.29449770030526634
8688.839229585323 0.29586658457374954
8690.80275210642 0.29353748071012564
8692.371616370938 0.29489929880824406
8693.942434390441 0.2940637425206021
8695.509344903667 0.29543310280478624
8697.079186048757 0.29459599843552514
8698.647073441323 0.2944962024780148
8700.214960835117 0.2951304237854304
8701.783825107019 0.29429669757214166
8703.351712503269 0.2941995813251207
8704.921553654514 0.29264142939675303
8706.488464176335 0.2932728936678821
8708.449056084102 0.29315221469058783
8710.01498973179 0.2945236830163637
8711.581900257584 0.2944263910140421
8713.148810784605 0.2943343051105853
8714.716698189732 0.29277661295112034
8716.281654965414 0.29414884614731873
8717.847588619205 0.2947938323824835
8719.4144991511 0.2939673402420219
8720.980432807322 0.2938766195456585
8722.546366464763 0.2930539347827429
8724.112300123417 0.29223742034126926
8726.068984540774 0.2935895648601744
8727.633941325268 0.2935040337819628
8729.19889811097 0.29341852570840726
8730.763854897887 0.29333431502159185
8732.327834809117 0.2939889676675254
8733.894745352245 0.291713349164688
8735.457748388993 0.2930920297561689
8737.020751426944 0.2937448186700854
8738.5837544661 0.29440422266874455
8740.148711260266 0.29285493613650493
8741.711714301833 0.29277848411924584
8743.66449122858 0.2934168140301202
8745.226517395946 0.2940818919537897
8746.789520441416 0.2932725705320585
8748.352523488089 0.2932011294049497
8749.915526535959 0.2916670193036343
8751.477552708122 0.29232806936040684
8753.039578881482 0.2922606445393327
8754.599651302226 0.2936623456909203
8756.161677477976 0.2928618304063654
8757.723703654921 0.292795538411525
8759.673549966281 0.2934530595119437
