calculator/instruments/lris/plaintext_files/red_D680_400-8500.txt
# %ECSV 1.0
# ---
# datatype:
# - {name: WAV, unit: Angstrom, datatype: float64}
# - {name: EFF, datatype: float64}
# meta: !!omap
# - {DICHROIC: D680}
# - {GRATING: 400/8500}
# schema: astropy-2.0
WAV EFF
[from data line 442]
7638.625235280202 0.3344048283664076
7643.409702625856 0.33451234537874047
7648.196123629953 0.3338066403531473
7652.980591010006 0.33409265408116645
7657.766523638139 0.33392574969368854
7662.552456283391 0.33346682796572524
7667.339365766361 0.33339747864091934
7673.322880541485 0.33279068620063595
7678.109790062791 0.33300444022504266
7682.895722780447 0.3330292913262822
7687.682632335688 0.3327019074953375
7692.471983959465 0.332289338367768
7697.258893548519 0.33219307562105427
7702.049222026711 0.33196567675687044
7706.836620059773 0.3317075396745582
7711.625483340615 0.33138428764104166
7716.415323458885 0.33063842657076975
7721.202721542225 0.33118772316940254
7725.995003745611 0.33065681245223105
7730.78289027265 0.3307330547989432
7736.77031260911 0.3301113545446689
7741.562106456252 0.32985499357595754
7746.351458268261 0.33048149411079775
7751.142763738178 0.3296397250510661
7755.9350460453 0.33005935524410907
7760.7258631378645 0.3292358631981592
7765.517168657222 0.3293989468150366
7770.309451013699 0.32948678013258187
7775.100756565859 0.32962494463128916
7779.893527365434 0.3293674490037738
7784.68727500205 0.3291966308621922
7789.47906901354 0.3289480245842702
7794.271351451648 0.32936821202174815
7800.26463498427 0.3292218336183776
7805.058871100316 0.3287248812100418
7809.852130411802 0.32875647299303673
7814.645878149792 0.32910534221824106
7819.440114314257 0.32877392250147
7824.234350494798 0.32914602840800383
7829.029563512129 0.32936746074103085
7833.825264955857 0.32880664696237966
7838.619989594831 0.3289085902336782
7843.415202660136 0.32937030349664526
7848.211880972506 0.3293475524933896
7853.007582480026 0.32932633145134166
7857.803772413799 0.32947696424725514
7863.799498263675 0.32953613077199095
7868.596176643439 0.3298021134137271
7873.3923666285955 0.33006155475941895
7878.189533450274 0.3302064992787348
7882.987677108451 0.330751359493859
7887.785820782323 0.33062781195625507
7892.582987651078 0.330613540021867
7897.380642945856 0.3308866774227046
7902.178786666635 0.3314249492098321
7906.977418813389 0.33120285995260507
7911.776539386091 0.3316375621585205
7916.573706332712 0.3323221789320262
7922.574316526176 0.3316443291689765
7927.372460328408 0.33247725320898036
7932.17304619809 0.33226809533698204
7936.971678441549 0.33265084496309966
7941.773241162825 0.33264141389773083
7946.571873436992 0.3334224179513176
7951.372459368113 0.3336723418791041
7956.174510545763 0.3335408313666662
7960.973142865779 0.33409693827913445
7965.775194073925 0.333905818245309
7970.576268476449 0.3342545201772928
7975.376854483728 0.33484111894857876
7980.178905737413 0.3344991330511514
7986.180981415364 0.3349141460755855
7990.9835211134605 0.3349663132793986
7995.784107184917 0.3362174738563283
8000.586646913106 0.3364463107727354
8005.389675066729 0.33630555406467877
8010.193191645763 0.3359413737516721
8014.995731418888 0.3361415075827731
8019.798759617368 0.33667526196419145
8024.601787830739 0.33671211787612093
8029.405792879856 0.3368033303058225
8034.208332712499 0.337197921685918
8039.0123377912705 0.3378474738299676
8043.81634288483 0.33766787260548353
8049.821837682978 0.33777091871848836
8054.6258428097135 0.33787558358996383
8059.429847951145 0.33850884419055816
8064.234829928145 0.3386408698900894
8069.039323509343 0.3392272849627209
8073.844793926062 0.3388127602591081
8078.649287536474 0.33956448298070097
8083.454757982357 0.33924337667287296
8088.260716853237 0.33960302552748384
8093.065698917721 0.33982549459961486
8097.871657817605 0.33969899913960705
8102.678105142415 0.3399632355475459
8107.48357566074 0.33995535628429147
8113.491024341984 0.34003945866717833
8118.298936945008 0.3401853813208083
8123.10489592053 0.34021118653249605
8127.91036649991 0.3407254710474209
8132.7177907354535 0.34027253035054617
8137.5247265748085 0.3405918956872578
8142.332150838879 0.34052640540608753
8147.140551938122 0.340451159522192
8151.947487820144 0.34068253408174426
8156.755400537288 0.3405509742725275
8161.561848037146 0.34093150078096907
8166.369272372075 0.3411882279720986
8171.177673542055 0.34100703649495534
8177.190494974107 0.34044958492525934
8181.997919354755 0.3405358679505936
8186.80534374941 0.3406541513524403
8191.613744979017 0.3407433356021758
8196.422146222587 0.3408390917754199
8201.231035890583 0.3416559845308957
8206.039925572491 0.34122103170996904
8210.84979208927 0.3410231095132919
8215.659658619916 0.3409654002087298
8220.4695251644 0.34073578499778967
8225.278414901712 0.34144561753606484
8230.087304652809 0.3412007870780865
8234.898148059658 0.34056841881590927
8240.910481311297 0.34076905670926116
8245.719371107027 0.34141190933431076
8250.530214558448 0.34141451566207115
8255.34105802353 0.34079914519310206
8260.149947860229 0.3406365643612485
8264.96079135256 0.3410492587178647
8269.770658037462 0.3409500272982347
8274.581501556939 0.3415215412932517
8279.39332191098 0.3407051569813575
8284.20318863649 0.34138800998087654
8289.014032196506 0.34072897698348353
8293.825852591024 0.34143198085791343
8298.63669617795 0.34129590562494544
8304.650006475213 0.34158514677074236
8309.46182691333 0.34163590505571756
8314.27364736481 0.3413583716647072
8319.085467829635 0.34114232256656524
8323.896311486726 0.3420647185623675
8328.708131978154 0.3418694092968017
8333.520929303906 0.34181617528158736
8338.333726642908 0.34187056455175374
8343.144570353019 0.34264734317362916
8347.957367718442 0.34206967933984694
8352.76918827598 0.3421736787138329
8357.58198566773 0.34228997447814646
8362.394783072614 0.3417789534984044
8368.41004723134 0.34272877955390785
8373.222844665677 0.342789690070661
8378.034665291989 0.3429789982544489
8382.848439573485 0.34307420784596565
8387.66123704691 0.3430263439616666
8392.474034533318 0.34266880491607393
8397.286832032682 0.34294494666062797
8402.100606366075 0.3433192965816654
8406.913403891289 0.34405994188523925
8411.726201429397 0.3440599528281905
8416.539975801465 0.34435913174208876
8421.352773365283 0.3448932019001011
8426.167524584127 0.34387135628398224
8432.183765778196 0.34423622454696057
8436.997540204708 0.34447147378855103
8441.81131464397 0.34467996964643394
8446.625089095956 0.3444856655887081
8451.43886356065 0.3447665991590278
8456.252638038026 0.3454201817590092
8461.06641252806 0.3454288909050683
8465.880187030729 0.3456665433885078
8470.69396154601 0.3460581717795601
8475.508712895018 0.3457454283277753
8480.323464256595 0.34538424579757543
8485.136261988455 0.34617083086743994
8489.951013375108 0.34640596481591457
8495.969208420725 0.34674373427005606
8500.783959835486 0.34649095916181644
8505.598711262708 0.3464446749801213
8510.41150906006 0.34754218323427694
8515.226260512121 0.347719585704322
8520.040035155418 0.34792101138413045
8524.856740274548 0.3476512946273604
8529.669538121398 0.34870049136088854
8534.485266444048 0.3478176339601448
8539.300017957838 0.34836943053789804
8544.113792662747 0.348382469782879
8548.928544201075 0.349249758307804
8553.743295751643 0.34924199113498056
8559.76051418056 0.34951996404799235
8564.575265758578 0.3504655672474902
8569.389040527583 0.35066646178400157
8574.204768951095 0.3503480037128682
8579.018543744367 0.35072906462522324
8583.83427219211 0.350624065536198
8588.650000651942 0.3507219403534891
8593.464752302647 0.35049173409054646
8598.278527144195 0.35147164172784306
8603.093278818953 0.3513648303667413
8607.90803050571 0.3520371340023115
8612.724735846843 0.35147546586427075
8617.539487557537 0.3513990498582476
8623.557683007375 0.352185757011529
8628.3734115661 0.3519072285486925
8633.1881633155 0.3516015382622758
8638.002915076768 0.35201318644981494
8642.817666849882 0.35213181273181676
8647.63339545604 0.35268462108909177
8652.448147252782 0.35238050828371115
8657.26289906131 0.35259330419557233
8662.078627702827 0.35248342685931
8666.892402713633 0.3533574091722049
8671.707154557385 0.3531572352122327
8676.522883234074 0.3535805542522313
8681.339588743687 0.3527526709399155
8687.355830746224 0.35355498873126856
8692.16960581833 0.3545263401669353
8696.986311365776 0.3537032849918326
8701.80008646109 0.35375232865870937
8706.615815210469 0.35350219212257417
8711.429590328908 0.3534833530878987
8716.245319101381 0.35371475114672396
8721.059094242864 0.35384934599597095
8725.874823038353 0.3538223751068668
8730.689575024062 0.3539605090976571
8735.504327021223 0.35356436767250765
8740.319079029825 0.35334401957477707
8745.132854228568 0.35374867079458966
8751.15202688556 0.3540214525015143
8755.965802109915 0.35367259298403897
8760.781530988166 0.35350451643157105
8765.596283056477 0.35351156417953894
8770.410058314821 0.3533653315642399
8775.224810405736 0.3540716262517019
8780.03858568664 0.3536886592772314
8784.852360978794 0.3540677764710281
8789.668089924755 0.3532434292622591
8794.480888418066 0.3533834369428951
8799.294663743856 0.35374419268292434
8804.110392723409 0.35288338522868296
8808.924168071531 0.35294383335988944
8814.941387272336 0.35346872011072317
8819.755162645488 0.353692642078855
8824.569914851032 0.35295966063217327
8829.383690246344 0.35241303039670546
8834.197465652715 0.35270436392367377
8839.012217891428 0.35208215574500135
8843.825016498538 0.35243382527747874
8848.638791937956 0.352287244406082
8853.452567388353 0.3523335154426066
8858.265366028387 0.3524750680936084
8863.079141500682 0.35233207324445653
8867.892916983903 0.35142786515021296
8872.706692478025 0.35120220833966315
8878.723911860983 0.35062593542389653
8883.537687379574 0.35038514759158906
8888.349509266342 0.3504212782128914
8893.163284806595 0.34988221907028355
8897.976083536321 0.34990735163571174
8902.78888227683 0.3496390129823529
8907.601681028105 0.34907777801490497
8912.415456611474 0.34822978821074735
8917.227278562881 0.3485083655565821
8922.039100525002 0.3487763437671778
8926.85287614051 0.34790888347248167
8931.664698123994 0.34759867051747795
8936.477496939488 0.34728253421588423
8942.492762857793 0.3465952603108847
8947.305561697196 0.3462631169426294
8952.117383725841 0.3464861203202545
8956.92920576506 0.34585902881556135
8961.741027814842 0.34550449591483473
8966.550896232424 0.34570692489150645
8971.364671946012 0.34477802239496225
8976.17551720599 0.3444031091468869
8980.986362476455 0.3445834280537472
8985.799161400142 0.3439154183451912
8990.60902987015 0.343519965466827
8995.420851993349 0.3433962984326949
9000.231697305579 0.34243177926466073
9006.245986576532 0.34193877867068556
9011.05585509075 0.3420870057094246
9015.86670043671 0.3413975173859401
9020.676568971621 0.34125741176463276
9025.488391159637 0.3402779128421561
9030.29923653657 0.3401216669428819
9035.108128280996 0.3396817921313906
9039.918973678487 0.33951370868590386
9044.729819086231 0.33878717375755724
9049.53968768281 0.3380501900401229
9054.349556289608 0.3378618290351749
9059.157471263785 0.33766449090682754
9063.968316712371 0.3369119779398876
9069.979675689225 0.33657601021484657
9074.787590696416 0.3360823123886502
9079.597459356568 0.335854709274808
9084.40732802683 0.3345322803553267
9089.215243064342 0.3340178254798693
9094.0260885762 0.33295975387799925
9098.833026812412 0.3332456413232234
9103.63898823723 0.3335243476573567
9108.448856957786 0.33271437279336435
9113.256772045488 0.33216723687640654
9118.066640786046 0.33107672387075404
9122.872602250834 0.33105795392196363
9127.680517368448 0.3304958551581881
9133.69089969016 0.3295143191624568
9138.49783800867 0.3289372408064617
9143.304776337074 0.3283524774457736
9148.111714675364 0.3274995643699967
9152.918653023515 0.3269056540847772
9157.724614560066 0.3265722082892503
9162.5315529279 0.32596406817105444
9167.338491305545 0.3256171193989786
9172.145429692995 0.32473664956002996
9176.951391268767 0.32411312628259753
9181.757352854305 0.32348360072347
9186.56233762813 0.3228509213515925
9191.367322411681 0.3219492250953515
9197.37477443161 0.32140199412489734
9202.179759236999 0.3207505839413654
9206.98474405206 0.3200961591446515
9211.78875205531 0.3196941931517663
9216.594713711154 0.31928569793698375
9221.399698555155 0.3180957061516708
9226.204683408769 0.3169045072043792
9231.007714629017 0.31673699656616877
9235.811722680326 0.31579468079474154
9240.614753919712 0.3156164875142502
9245.418761990131 0.31466489618654564
9250.222770070082 0.31422077136251836
9255.025801338059 0.3132580492668221
9261.02934623101 0.3126252161429268
9265.833354341832 0.31140452383065076
9270.634431997627 0.3111913365622013
9275.43746330586 0.31046790178158595
9280.238540980523 0.309739202159961
9285.0396186646 0.3095092457372443
9289.843626822583 0.30826916598805776
9294.644704525439 0.3075305080218197
9299.44480541615 0.3070348015043115
9304.246859959225 0.30628552788207775
9309.04793769013 0.3055312820897756
9313.848038608836 0.3047774234460711
9318.649116358361 0.3037691187069995
9324.649730942188 0.30281470344194034
9329.448855069551 0.30229419693923554
9334.248956027683 0.3020145286096235
9339.049056995053 0.3007480637574536
9343.849157971646 0.2994828884251211
9348.648282135917 0.29894678741659514
9353.44642948785 0.2984063078276973
9358.246530492015 0.29762093154752683
9363.044677862277 0.2968309701168889
9367.841848420145 0.2962784410018179
9372.639995808675 0.2954815021531289
9377.439120027859 0.2944421651114678
9382.237267434597 0.2936423010516816
9388.233974884251 0.29240093465094097
9393.030168668318 0.29183188149767425
9397.826362461426 0.2912587190757546
9402.624509906664 0.29020958871739133
9407.420703717818 0.2891602928829916
9412.215920716424 0.28881401838610216
9417.01309136712 0.28776208215510496
9421.808308383677 0.2871775921936277
9426.603525409191 0.2863539146396106
9431.398742443645 0.2855262611373089
9436.193959487022 0.2844696996214601
9440.989176539311 0.28364235766685086
9445.782439957367 0.28327350781977684
9451.775240269379 0.2822332978691214
9456.568503707387 0.28139732681401364
9461.362743975813 0.2801033489164599
9466.156984253072 0.2794944474627984
9470.951224539152 0.27820052182523436
9475.741557547733 0.2780420639867976
9480.535797851402 0.27697360173560465
9485.327107699115 0.2763577833181188
9490.118417555579 0.27551206720120175
9494.91168106395 0.274666507669735
9499.702990937885 0.273597415486605
9504.494300820532 0.27274796630317594
9509.285610711877 0.2718998723101806
9515.273527061285 0.27083829815278504
9520.062883328967 0.2704291125344616
9524.854193248486 0.2693548625053715
9529.642572711859 0.2687198842531362
9534.432905827043 0.2678651219569861
9539.222262129239 0.2667937842015093
9544.011618440029 0.26572082682266085
9548.799997937796 0.2650813365919452
9553.588377444124 0.26422507603944484
9558.376756959007 0.26315182991604336
9563.164159660815 0.2627235934840501
9567.951562371147 0.26186323417220503
9572.73798826837 0.26121659197751895
9578.72199747345 0.25992827408716584
9583.509400211378 0.25885391757381765
9588.29484931453 0.25841414193985424
9593.08127524775 0.2575539512266224
9597.867701189401 0.2564790612588872
9602.652173496232 0.2556172713905115
9607.436645811458 0.2549597891924307
9612.222094956702 0.2538866014846456
9617.005590467066 0.2532289759006749
9621.791039629052 0.2521562958060109
9626.574535156125 0.25149530361261796
9631.358030691534 0.25062895381121086
9636.141526235258 0.24955829285037684
9642.119674649552 0.24847141681069465
9646.902193390313 0.24780672980112517
9651.683735317707 0.24693651228730862
9656.465277253361 0.24626821883986216
9661.24681919726 0.24539681776702166
9666.028361149396 0.24412497487899215
9670.808926288099 0.24365128811566927
9675.59046825666 0.2425790040881242
9680.370056590116 0.2417065820384859
9685.148668110098 0.24102767173079964
9689.929233281544 0.2401512378751463
9694.706867996178 0.2392757695434898
9699.487433183918 0.238396160424281
9705.45972080422 0.23729531945011642
9710.238332366904 0.23641556193414365
9715.016943937686 0.23553279635562624
9719.794578694888 0.2346511943753495
9724.570259816823 0.23395766365386686
9729.346917768471 0.2330715867242801
