calculator/instruments/lris/plaintext_files/red_MIRROR_600-10000.txt
# %ECSV 1.0
# ---
# datatype:
# - {name: WAV, unit: Angstrom, datatype: float64}
# - {name: EFF, datatype: float64}
# meta: !!omap
# - {DICHROIC: MIRROR}
# - {GRATING: 600/10000}
# schema: astropy-2.0
WAV EFF
6566.707147594288 0.0
6569.797804532067 0.0
6572.897252857182 0.0
6575.9903518671335 0.0
6579.089800215658 0.0
6582.184364478227 0.0
6586.055988691166 0.0
6589.157390716662 0.0
6592.254397065869 0.0
6595.355310704854 0.0
6598.45475912612 0.0
6601.553230739412 0.0
6604.657074871817 0.0
6607.75652332778 0.0
6610.860367483301 0.0
6613.962746421013 0.0
6617.063660140884 0.0
6620.944075892507 0.0
6624.050850555678 0.0
6627.155671591173 0.0
6630.25805058916 0.0
6633.3672673356905 0.0
6636.473065225103 0.0
6639.578863125926 0.0
6642.686614677342 0.0
6645.79680828916 0.0
6648.903583043742 0.0
6652.790836678927 0.0
6655.900053508075 0.0
6659.008293528935 0.0
6662.123371298455 0.0
6665.233076571369 0.0
6668.344247085009 0.0
6671.455417609923 0.0
6674.570007014821 0.0
6677.684596430986 0.0
6680.79674380929 0.0
6683.91182165775 0.0
6687.806890008663 0.0
6690.920502652861 0.0
6694.037534177032 0.0
6697.1526120730605 0.0
6700.26915520973 0.0
6703.388628816548 0.0
6706.509079254182 0.0
6709.626599243922 0.0
6712.744119244761 0.0
6715.864569715729 0.0
6718.98355496825 0.0
6722.886926442981 0.0
6726.007865359764 0.0
6729.12880428758 0.0
6732.2516968658165 0.0
6735.372635815657 0.0
6738.496505235608 0.0
6741.619886256691 0.0
6744.743755698599 0.0
6747.869090381042 0.0
6750.994425074433 0.0
6754.12024818862 0.0
6758.029969146031 0.0
6761.155792284777 0.0
6764.283569073876 0.0
6767.409880644247 0.0
6770.537657455088 0.0
6773.6659226866495 0.0
6776.796141568546 0.0
6779.924895231648 0.0
6783.056090954948 0.0
6786.187775098933 0.0
6790.1023802940945 0.0
6793.231622412929 0.0
6796.365260231471 0.0
6799.498409650885 0.0
6802.632535900813 0.0
6805.765196931797 0.0
6808.900300022943 0.0
6812.035403124792 0.0
6815.170506237326 0.0
6818.3041441308405 0.0
6821.441200904293 0.0
6825.3626439885575 0.0
6828.497747146344 0.0
6831.636757593966 0.0
6834.774791232393 0.0
6837.914290111133 0.0
6841.053300590549 0.0
6844.191822670624 0.0
6847.331809990984 0.0
6850.472285731798 0.0
6853.613738302975 0.0
6856.753237245005 0.0
6860.681518216651 0.0
6863.822970821964 0.0
6866.96637707744 0.0
6870.110760163229 0.0
6873.252701209852 0.0
6876.398549546322 0.0
6879.542444253513 0.0
6882.688292610838 0.0
6885.833164158706 0.0
6888.979012536827 0.0
6892.125837745197 0.0
6896.059979782659 0.0
6899.20582819446 0.0
6902.354118666292 0.0
6905.502409148454 0.0
6908.650699640927 0.0
6911.800943783483 0.0
6914.949234296544 0.0
6918.100455279568 0.0
6921.251187862913 0.0
6924.401920456509 0.0
6928.34094672535 0.0
6931.493144571832 0.0
6934.64534242853 0.0
6937.797540295427 0.0
6940.95071499243 0.0
6944.105354929495 0.0
6947.258529646842 0.0
6950.413169604229 0.0
6953.567321161791 0.0
6956.723426369348 0.0
6959.8795315870275 0.0
6963.824907328321 0.0
6966.981989388664 0.0
6970.1385830491145 0.0
6973.296641949553 0.0
6976.454212450072 0.0
6979.612759780585 0.0
6982.771795531112 0.0
6985.931319701638 0.0
6989.089378652222 0.0
6992.249879662716 0.0
6995.409403863221 0.0
6999.362105895286 0.0
7002.523095348168 0.0
7005.685061630978 0.0
7008.848004743706 0.0
7012.009971046368 0.0
7015.173402588922 0.0
7018.337322551372 0.0
7021.501242523712 0.0
7024.665162505923 0.0
7027.829570907996 0.0
7030.996421369935 0.0
7034.951565591165 0.0
7038.1179276652265 0.0
7041.28477815911 0.0
7044.451628662794 0.0
7047.617502356242 0.0
7050.785818109527 0.0
7053.9541338725785 0.0
7057.122449645386 0.0
7060.290765427934 0.0
7063.4605464502665 0.0
7067.422040126821 0.0
7070.592309581031 0.0
7073.763555864979 0.0
7076.9328485185115 0.0
7080.105560051893 0.0
7083.277783184915 0.0
7086.449517917553 0.0
7089.620275839762 0.0
7092.794941051848 0.0
7095.967652633418 0.0
7099.141829454695 0.0
7103.109184187249 0.0
7106.28287262005 0.0
7109.459003112613 0.0
7112.631714744437 0.0
7115.807845256092 0.0
7118.984952597374 0.0
7122.162059948178 0.0
7125.338190488398 0.0
7128.514321038106 0.0
7131.6924052375 0.0
7134.8700010363145 0.0
7138.84419364338 0.0
7142.02130105341 0.0
7145.200362113096 0.0
7148.379911592267 0.0
7151.55994949091 0.0
7154.739987398956 0.0
7157.921490546583 0.0
7161.102505293529 0.0
7164.282054819649 0.0
7167.463557995381 0.0
7170.645549590529 0.0
7174.6256032504625 0.0
7177.806618046458 0.0
7180.990074902122 0.0
7184.17402017716 0.0
7187.358942281642 0.0
7190.541422345013 0.0
7193.725856057962 0.0
7196.910778190242 0.0
7200.095211921684 0.0
7203.280622482518 0.0
7207.264583541911 0.0
7210.4509709436525 0.0
7213.637358354588 0.0
7216.825211004979 0.0
7220.0130636645445 0.0
7223.199939513093 0.0
7226.389257421258 0.0
7229.576621698189 0.0
7232.765939624628 0.0
7235.954769150094 0.0
7239.144087094765 0.0
7243.132443973748 0.0
7246.322250348976 0.0
7249.513033553484 0.0
7252.704793587263 0.0
7255.895576809885 0.0
7259.086360041545 0.0
7262.278120102451 0.0
7265.470368582483 0.0
7268.662617071523 0.0
7271.855353979674 0.0
7275.048090896811 0.0
7279.040843593783 0.0
7282.23455735133 0.0
7285.4287595279475 0.0
7288.623450123626 0.0
7291.819605958601 0.0
7295.015273392379 0.0
7298.212406065442 0.0
7301.407096696782 0.0
7304.603252567384 0.0
7307.79940844686 0.0
7310.995564335202 0.0
7314.991736028341 0.0
7318.189357166983 0.0
7321.388443544862 0.0
7324.588018341705 0.0
7327.78661632709 0.0
7330.9847259111375 0.0
7334.1833239141115 0.0
7337.381433515718 0.0
7340.583450407227 0.0
7343.784978897364 0.0
7347.785057984296 0.0
7350.984632853521 0.0
7354.185184551759 0.0
7357.385247848559 0.0
7360.588730025112 0.0
7363.7922122103655 0.0
7366.99422917385 0.0
7370.195757735846 0.0
7373.398263126814 0.0
7376.603698987374 0.0
7379.807181215951 0.0
7383.811167706188 0.0
7387.014649954163 0.0
7390.21910903107 0.0
7393.425521757232 0.0
7396.629980851326 0.0
7399.833463133655 0.0
7403.04134111606 0.0
7406.247753876519 0.0
7409.452213004844 0.0
7412.659602602727 0.0
7415.867969029487 0.0
7419.877816562203 0.0
7423.083252547062 0.0
7426.291130591292 0.0
7429.499985464361 0.0
7432.708351935725 0.0
7435.914764774823 0.0
7439.125573314009 0.0
7442.334916631093 0.0
7445.542306315864 0.0
7448.754091700727 0.0
7451.964411863447 0.0
7455.9757247455445 0.0
7459.187998567913 0.0
7462.399295578285 0.0
7465.609615776637 0.0
7468.8218896241215 0.0
7472.0336750697625 0.0
7475.245948933937 0.0
7478.459199626837 0.0
7481.669519866866 0.0
7484.883747396793 0.0
7488.900921308131 0.0
7492.112218395506 0.0
7495.327422772787 0.0
7498.541650337927 0.0
7501.7549010909115 0.0
7504.971082313387 0.0
7508.183356262426 0.0
7511.400514321793 0.0
7514.613765107685 0.0
7517.83043477327 0.0
7521.047592857274 0.0
7525.06623211505 0.0
7528.2843670379025 0.0
7531.499083097391 0.0
7534.716729626346 0.0
7537.932422522564 0.0
7541.1510458882485 0.0
7544.3682040313915 0.0
7547.586339003095 0.0
7550.805450803361 0.0
7554.023585791274 0.0
7557.243186017956 0.0
7561.266221081982 0.0
7564.48630973706 0.0
7567.704933169498 0.0
7570.925510250913 0.0
7574.144133699426 0.0
7577.365199207144 0.0
7580.584799492168 0.0
7583.806353426148 0.0
7587.025953727171 0.0
7590.248972907863 0.0
7593.468573224844 0.0
7597.496980914214 0.0
7600.718534890081 0.0
7603.941065694386 0.0
7607.162619686132 0.0
7610.38466209605 0.0
7613.607681334383 0.0
7616.830212170375 0.0
7620.054696655276 0.0
7623.2777159173065 0.0
7626.502200417981 0.0
7630.532561849767 0.0
7633.756557957885 0.0
7636.98055407385 0.0
7640.206015428432 0.0
7643.430499970326 0.0
7646.654984520038 0.0
7649.8819111288785 0.0
7653.106884104467 0.0
7656.332345498111 0.0
7659.5578068995355 0.0
7662.784245129269 0.0
7666.819002363301 0.0
7670.044952200225 0.0
7673.273344096248 0.0
7676.497828717827 0.0
7679.726220629314 0.0
7682.954612548522 0.0
7686.182516065164 0.0
7689.409442768946 0.0
7692.638811531805 0.0
7695.866715071509 0.0
7699.09510702916 0.0
7703.131329602419 0.0
7706.360209987573 0.0
7709.590555611225 0.0
7712.8194360116495 0.0
7716.048804829979 0.0
7719.279638886786 0.0
7722.509496130621 0.0
7725.739841792338 0.0
7728.969699051348 0.0
7732.200533138515 0.0
7735.431367233251 0.0
7739.4705203751655 0.0
7742.7008660765905 0.0
7745.933653837043 0.0
7749.164976374127 0.0
7752.39727573933 0.0
7755.630063522344 0.0
7758.861386081955 0.0
7762.094662290268 0.0
7765.327450095762 0.0
7768.5602379087295 0.0
7772.6013447880105 0.0
7775.835597848681 0.0
7779.067897275565 0.0
7782.30215035112 0.0
7785.5368918444165 0.0
7788.770168114194 0.0
7792.004421212005 0.0
7795.238674317216 0.0
7798.4734158401325 0.0
7801.707180549797 0.0
7804.942410497784 0.0
7808.987424763767 0.0
7812.222654728313 0.0
7815.457884700206 0.0
7818.693114679429 0.0
7821.929321486628 0.0
7825.166016711472 0.0
7828.401735122972 0.0
7831.637453541771 0.0
7834.874148788515 0.0
7838.1118208632015 0.0
7841.348516124504 0.0
7845.39499572426 0.0
7848.630714181228 0.0
7851.86838628677 0.0
7855.106546809886 0.0
7858.345195750571 0.0
7861.5823794674625 0.0
7864.8200516019015 0.0
7868.05918897456 0.0
7871.296861123391 0.0
7874.5359985104305 0.0
7877.7741590839605 0.0
7881.822592426463 0.0
7885.061729836793 0.0
7888.301355664619 0.0
7891.54146990993 0.0
7894.780118931333 0.0
7898.018767959848 0.0
7901.259859047229 0.0
7904.499973321018 0.0
7907.7391107811945 0.0
7910.980690300226 0.0
7915.029612144253 0.0
7918.269726448137 0.0
7921.511794400504 0.0
7924.752885539215 0.0
7927.993488274608 0.0
7931.235067837756 0.0
7934.475182176843 0.0
7937.716761754033 0.0
7940.958829748596 0.0
7944.200409339795 0.0
7947.4424773483515 0.0
7951.4962833947875 0.0
7954.736886187943 0.0
7957.978465808795 0.0
7961.221022257341 0.0
7964.46455553358 0.0
7967.7071119960165 0.0
7970.9496684653805 0.0
7974.1932017624185 0.0
7977.437223476749 0.0
7980.679291556479 0.0
7983.921848053482 0.0
7987.97565419739 0.0
7991.2211411721555 0.0
7994.465162922656 0.0
7997.709184680019 0.0
8000.952229623469 0.0
8004.196251394531 0.0
8007.441738403584 0.0
8010.684294957154 0.0
8013.929781979862 0.0
8017.172826957445 0.0
8020.418313993773 0.0
8024.4755391065355 0.0
8027.720049337365 0.0
8030.966024806152 0.0
8034.21053505053 0.0
8037.455533712061 0.0
8040.701020790738 0.0
8043.946019465765 0.0
8047.191506557923 0.0
8050.436016836013 0.0
8053.682969172818 0.0
8057.740682782466 0.0
8060.987146723968 0.0
8064.233610672166 0.0
8067.480563037455 0.0
8070.7270269990195 0.0
8073.973490967255 0.0
8077.219954942153 0.0
8080.466418923701 0.0
8083.713859732714 0.0
8086.960323727548 0.0
8090.206787729012 0.0
8094.264989842748 0.0
8097.512430679919 0.0
8100.759383113281 0.0
8104.007312374068 0.0
8107.255241641446 0.0
8110.502682504988 0.0
8113.751100195937 0.0
8116.998541072615 0.0
8120.247447187108 0.0
8123.495376487313 0.0
8126.74379420448 0.0
8130.803461641884 0.0
8134.051390963314 0.0
8137.298831880832 0.0
8140.548714856985 0.0
8143.795667377078 0.0
8147.044573545371 0.0
8150.2925028992895 0.0
8153.541409080541 0.0
8156.790315268262 0.0
8160.040198283306 0.0
8163.288616073508 0.0
8167.349260422925 0.0
8170.597678227609 0.0
8173.847561270029 0.0
8177.0969559084315 0.0
8180.346838963683 0.0
8183.595745204462 0.0
8186.845139862074 0.0
8190.095022936517 0.0
8193.344417606897 0.0
8196.595277514982 0.0
8200.657875588151 0.0
8203.907758689658 0.0
8207.156664976623 0.0
8210.408501732607 0.0
8213.658384853139 0.0
8216.908267979994 0.0
8220.158151113164 0.0
8223.409011073545 0.0
8226.659871040229 0.0
8229.909754192306 0.0
8233.159637350664 0.0
8237.223212333578 0.0
8240.474072326962 0.0
8243.724932326613 0.0
8246.974815511601 0.0
8250.22567552375 0.0
8253.477512363059 0.0
8256.72837238768 0.0
8259.97923241853 0.0
8263.230092455595 0.0
8266.480952498867 0.0
8269.732789369269 0.0
8273.79636443982 0.0
8277.047224503222 0.0
8280.29906139373 0.0
8283.54992146948 0.0
8286.800781551387 0.0
8290.051641639446 0.0
8293.303478554595 0.0
8296.555315475885 0.0
8299.807152403308 0.0
8303.058989336858 0.0
8306.309849455578 0.0
8310.374401433519 0.0
8313.625261565972 0.0
8316.877098525474 0.0
8320.128935491062 0.0
8323.38077246273 0.0
8326.63358626143 0.0
8329.885423245236 0.0
8333.136283414131 0.0
8336.388120410043 0.0
8339.638980591028 0.0
8342.891794419984 0.0
8346.9563464832 0.0
8350.20818350474 0.0
8353.460997353266 0.0
8356.713811207797 0.0
8359.96564824735 0.0
8363.218462113871 0.0
8366.47127598638 0.0
8369.722136222897 0.0
8372.974950107351 0.0
8376.226787176774 0.0
8380.292316137673 0.0
8383.545130041475 0.0
8386.797943951218 0.0
8390.049781045898 0.0
8393.301618146497 0.0
8396.55443207401 0.0
8399.808222828437 0.0
8403.05908312576 0.0
8406.311897070982 0.0
8409.56275738008 0.0
8412.816548158078 0.0
8416.88207720207 0.0
8420.133914351254 0.0
8423.387705148325 0.0
8426.639542309218 0.0
8429.89235629697 0.0
8433.145170290558 0.0
8436.396030647931 0.0
8439.649821474191 0.0
8442.901658664225 0.0
8446.15349586006 0.0
8449.40826352478 0.0
8453.473792650748 0.0
8456.724653044377 0.0
8459.976490264811 0.0
8463.230281133088 0.0
8466.482118365058 0.0
8469.734932423824 0.0
8472.987746488338 0.0
8476.239583737555 0.0
8479.493374634596 0.0
8482.745211895277 0.0
8485.999002803776 0.0
8490.0625783685 0.0
8493.315392468801 0.0
8496.5682065748 0.0
8499.821020686499 0.0
8503.072857982823 0.0
8506.326648926944 0.0
8509.57848623462 0.0
8512.830323547965 0.0
8516.084114509089 0.0
8519.334975012674 0.0
8523.399527471154 0.0
8526.65234162956 0.0
8529.905155793596 0.0
8533.15699314219 0.0
8536.409807317465 0.0
8539.66164467728 0.0
8542.914458863772 0.0
8546.166296234784 0.0
8549.418133611382 0.0
8552.671924635726 0.0
8555.922785202401 0.0
8559.98831456074 0.0
8563.240151961016 0.0
8566.491012545754 0.0
8569.743826778216 0.0
8572.995664195132 0.0
8576.247501617578 0.0
8579.499339045555 0.0
8582.750199657949 0.0
8586.00301391805 0.0
8589.255828183668 0.0
8592.50766563368 0.0
8596.571241427544 0.0
8599.822102068802 0.0
8603.074916357753 0.0
8606.326753831065 0.0
8609.578591309852 0.0
8612.829451972979 0.0
8616.080312641556 0.0
8619.333126957808 0.0
8622.583987637272 0.0
8625.835825143282 0.0
8629.0866858336 0.0
8633.151238525237 0.0
8636.40307604886 0.0
8639.653936756764 0.0
8642.904797470066 0.0
8646.155658188758 0.0
8649.407495733964 0.0
8652.658356463417 0.0
8655.908240377108 0.0
8659.160077938433 0.0
8662.410938683985 0.0
8666.474514623447 0.0
8669.725375381031 0.0
8672.975259322808 0.0
8676.225143269916 0.0
8679.476004043492 0.0
8682.726864822389 0.0
8685.976748785448 0.0
8689.22663275381 0.0
8692.477493548626 0.0
8695.726400706424 0.0
8698.978238332971 0.0
8703.039860704826 0.0
8706.290721522093 0.0
8709.540605523467 0.0
8712.7904895301 0.0
8716.039396720822 0.0
8719.29025755912 0.0
8722.539164760325 0.0
8725.788071966761 0.0
8729.038932820764 0.0
8732.288816858818 0.0
8735.537724080918 0.0
8739.599346526451 0.0
8742.850207402611 0.0
8746.098137820434 0.0
8749.3480218858 0.0
8752.59692913517 0.0
8755.844859568533 0.0
8759.093766828244 0.0
8762.343650914308 0.0
8765.592558184342 0.0
8768.841465459527 0.0
8772.089395918665 0.0
8776.150041615705 0.0
8779.397972086394 0.0
8782.6468793834 0.0
8785.894809864327 0.0
8789.143717171564 0.0
8792.391647662711 0.0
8795.638601337752 0.0
8798.886531839089 0.0
8802.135439166714 0.0
8805.381416035807 0.0
8809.44010815581 0.0
8812.688038678722 0.0
8815.935969206694 0.0
8819.182922918513 0.0
8822.429876635377 0.0
8825.678783999714 0.0
8828.92476090544 0.0
8832.171714637414 0.0
8835.419645195634 0.0
8838.667575758871 0.0
8841.91159904223 0.0
8845.970291233054 0.0
8849.21626817011 0.0
8852.46224511216 0.0
8855.70822205919 0.0
8858.954199011201 0.0
8862.199199146957 0.0
8865.44712975138 0.0
8868.693106718296 0.0
8871.93908369017 0.0
8875.184083845756 0.0
8878.430060827528 0.0
8882.485822624507 0.0
8885.730822796137 0.0
8888.97582297269 0.0
8892.22082315416 0.0
8895.465823340548 0.0
8898.710823531837 0.0
8901.954846906776 0.0
8905.200823929119 0.0
8908.445824135099 0.0
8911.68887070345 0.0
8914.932894097932 0.0
8918.988655963829 0.0
8922.231702548004 0.0
8925.47474913703 0.0
8928.718772552174 0.0
8931.962795972167 0.0
8935.206819396999 0.0
8938.4498660054 0.0
8941.692912618628 0.0
8944.934982415407 0.0
8948.179005859547 0.0
8952.230860502345 0.0
8955.473907136029 0.0
8958.716953774512 0.0
