calculator/instruments/lris/plaintext_files/red_MIRROR_1200-9000.txt
# %ECSV 1.0
# ---
# datatype:
# - {name: WAV, unit: Angstrom, datatype: float64}
# - {name: EFF, datatype: float64}
# meta: !!omap
# - {DICHROIC: MIRROR}
# - {GRATING: 1200/9000}
# schema: astropy-2.0
WAV EFF
[from data line 730]
8558.333367718646 0.0
8559.916885028613 0.0
8561.502356093524 0.0
8563.08489652932 0.0
8564.668413843243 0.0
8566.251931158482 0.0
8567.834471598224 0.0
8569.812647149743 0.0
8571.396164469252 0.0
8572.979681790079 0.0
8574.560268481757 0.0
8576.143785805203 0.0
8577.726326253136 0.0
8579.306912948738 0.0
8580.889453399286 0.0
8582.47101697432 0.0
8584.051603673834 0.0
8585.633167251477 0.0
8587.60938906774 0.0
8589.191929525137 0.0
8590.772516230183 0.0
8592.353102936528 0.0
8593.932712767342 0.0
8595.51329947628 0.0
8597.092909309687 0.0
8598.674472898048 0.0
8600.253105857213 0.0
8601.8327156945 0.0
8603.41134865625 0.0
8605.386593613912 0.0
8606.966203455397 0.0
8608.543859544498 0.0
8610.12346938856 0.0
8611.701125480235 0.0
8613.27975845003 0.0
8614.85839142111 0.0
8616.436047516638 0.0
8618.014680490287 0.0
8619.593313465217 0.0
8621.564650932 0.0
8623.140353279285 0.0
8624.720940012065 0.0
8626.295665485059 0.0
8627.873321589863 0.0
8629.449023942248 0.0
8631.028633803295 0.0
8632.602382404537 0.0
8634.178084760742 0.0
8635.753787118216 0.0
8637.330466353813 0.0
8639.30082696167 0.0
8640.875552446418 0.0
8642.451254809288 0.0
8644.026957173424 0.0
8645.602659538823 0.0
8647.175431274925 0.0
8648.751133642852 0.0
8650.323905381476 0.0
8651.897653998212 0.0
8653.473356369926 0.0
8655.047104989184 0.0
8657.012581230521 0.0
8658.587306729465 0.0
8660.161055352808 0.0
8661.73480397741 0.0
8663.305621972671 0.0
8664.879370599778 0.0
8666.451165474406 0.0
8668.022960350285 0.0
8669.595732104279 0.0
8671.16948073639 0.0
8672.740298739147 0.0
8674.703821244342 0.0
8676.275616126772 0.0
8677.846434133573 0.0
8679.418229018489 0.0
8680.990023904651 0.0
8682.559865038305 0.0
8684.130683050076 0.0
8685.700524186213 0.0
8687.270365323588 0.0
8688.839229585323 0.0
8690.80275210642 0.0
8692.371616370938 0.0
8693.942434390441 0.0
8695.509344903667 0.0
8697.079186048757 0.0
8698.647073441323 0.0
8700.214960835117 0.0
8701.783825107019 0.0
8703.351712503269 0.0
8704.921553654514 0.0
8706.488464176335 0.0
8708.449056084102 0.0
8710.01498973179 0.0
8711.581900257584 0.0
8713.148810784605 0.0
8714.716698189732 0.0
8716.281654965414 0.0
8717.847588619205 0.0
8719.4144991511 0.0
8720.980432807322 0.0
8722.546366464763 0.0
8724.112300123417 0.0
8726.068984540774 0.0
8727.633941325268 0.0
8729.19889811097 0.0
8730.763854897887 0.0
8732.327834809117 0.0
8733.894745352245 0.0
8735.457748388993 0.0
8737.020751426944 0.0
8738.5837544661 0.0
8740.148711260266 0.0
8741.711714301833 0.0
8743.66449122858 0.0
8745.226517395946 0.0
8746.789520441416 0.0
8748.352523488089 0.0
8749.915526535959 0.0
8751.477552708122 0.0
8753.039578881482 0.0
8754.599651302226 0.0
8756.161677477976 0.0
8757.723703654921 0.0
8759.673549966281 0.0
8761.234599269003 0.0
8762.79564857291 0.0
8764.355721001099 0.0
8765.914816553563 0.0
8767.476842737953 0.0
8769.035938292793 0.0
8770.596987602647 0.0
8772.155106282939 0.0
8773.713224964411 0.0
8775.27427427782 0.0
8777.222166852034 0.0
8778.779308660429 0.0
8780.33938110076 0.0
8781.896522911515 0.0
8783.453664723442 0.0
8785.010806536548 0.0
8786.567948350827 0.0
8788.12411328936 0.0
8789.681255105987 0.0
8791.239373800714 0.0
8792.796515619688 0.0
8794.740500702737 0.0
8796.296665647418 0.0
8797.852830593269 0.0
8799.408995540289 0.0
8800.965160488473 0.0
8802.519371683968 0.0
8804.072606003692 0.0
8805.627794078438 0.0
8807.182005277422 0.0
8808.73817023143 0.0
8810.291404555805 0.0
8812.2344127783 0.0
8813.786670228343 0.0
8815.34185831035 0.0
8816.894115762709 0.0
8818.444419462345 0.0
8819.997653793946 0.0
8821.550888126703 0.0
8823.104122460614 0.0
8824.65637991874 0.0
8826.208637378017 0.0
8828.14676123061 0.0
8829.697064938586 0.0
8831.249322401596 0.0
8832.799626111866 0.0
8834.350906700229 0.0
8835.90121041279 0.0
8837.45053724955 0.0
8839.001817841345 0.0
8840.550167803438 0.0
8842.099494643622 0.0
8843.648821484947 0.0
8845.584014722777 0.0
8847.133341566661 0.0
8848.683645288636 0.0
8850.231018380893 0.0
8851.778391474283 0.0
8853.325764568806 0.0
8854.873137664463 0.0
8856.421487638207 0.0
8857.967883859172 0.0
8859.514280081265 0.0
8861.061653181443 0.0
8862.994892681298 0.0
8864.541288907061 0.0
8866.08670825699 0.0
8867.63115073108 0.0
8869.177546960218 0.0
8870.721989436555 0.0
8872.266431914013 0.0
8873.81282814652 0.0
8875.357270626224 0.0
8876.899759353117 0.0
8878.444201835055 0.0
8880.375487596777 0.0
8881.916999450332 0.0
8883.460465058935 0.0
8885.00393066865 0.0
8886.546419402515 0.0
8888.08793126052 0.0
8889.632373750548 0.0
8891.1729087338 0.0
8892.714420595139 0.0
8894.255932457583 0.0
8896.183310725683 0.0
8897.723845713646 0.0
8899.264380702714 0.0
8900.804915692886 0.0
8902.344473807185 0.0
8903.885985676543 0.0
8905.42359003909 0.0
8906.964125033677 0.0
8908.50466002936 0.0
8910.043241272186 0.0
8911.580845639128 0.0
8913.50431641482 0.0
8915.041920784228 0.0
8916.580502031715 0.0
8918.119083280295 0.0
8919.653757022032 0.0
8921.193315149785 0.0
8922.728965770692 0.0
8924.266570146652 0.0
8925.803197646721 0.0
8927.338848270892 0.0
8928.875475773137 0.0
8930.793085302257 0.0
8932.329712806946 0.0
8933.864386558742 0.0
8935.399060311618 0.0
8936.934710942569 0.0
8938.467430943629 0.0
8940.003081576742 0.0
8941.535801579957 0.0
8943.071452215236 0.0
8944.602218466616 0.0
8946.136892227052 0.0
8948.052548017376 0.0
8949.585268026241 0.0
8951.117011159185 0.0
8952.6487542932 0.0
8954.180497428288 0.0
8955.713217441447 0.0
8957.243983701675 0.0
8958.774749962971 0.0
8960.304539348333 0.0
8961.837259365773 0.0
8963.748030784802 0.0
8965.276843296624 0.0
8966.807609563522 0.0
8968.337398954474 0.0
8969.865234592482 0.0
8971.39502398556 0.0
8972.921882748678 0.0
8974.452649020888 0.0
8975.977554032104 0.0
8977.507343429423 0.0
8979.03420219677 0.0
8980.943019876691 0.0
8982.470855523425 0.0
8983.995760540172 0.0
8985.523596189012 0.0
