calculator/instruments/lris/plaintext_files/red_D460_400-8500.txt
# %ECSV 1.0
# ---
# datatype:
# - {name: WAV, unit: Angstrom, datatype: float64}
# - {name: EFF, datatype: float64}
# meta: !!omap
# - {DICHROIC: D460}
# - {GRATING: 400/8500}
# schema: astropy-2.0
WAV EFF
[from data line 428]
7570.470021188745 0.33642247819179455
7575.252534644298 0.3356401719533245
7580.032606066136 0.3357935025256747
7584.815119557039 0.3354894519483633
7589.595679424423 0.3355462140027467
7594.379169771111 0.33475353235662186
7599.160218083911 0.3346907096766431
7603.943220055386 0.3345798791831998
7609.92087362116 0.33491896265137494
7614.705829273114 0.33388987629175837
7619.487366070411 0.3343412828481987
7624.273298577763 0.33370243758538454
7629.055323820073 0.33410175380946255
7633.840279541494 0.3337755318605983
7638.625235280202 0.3332255524223523
7643.409702625856 0.3334294172134052
7648.196123629953 0.3327861371256639
7652.980591010006 0.3331719396557396
7657.766523638139 0.3328364845648523
7662.552456283391 0.3324269703223099
7667.339365766361 0.3324078813811806
7673.322880541485 0.3317021294106112
7678.109790062791 0.3319516030920762
7682.895722780447 0.33221623162155234
7687.682632335688 0.3318018487798641
7692.471983959465 0.3314666718638742
7697.258893548519 0.33138071204400144
7702.049222026711 0.33121734021123533
7706.836620059773 0.33115602445569886
7711.625483340615 0.3308029140868354
7716.415323458885 0.33000558927571244
7721.202721542225 0.3310189803815671
7725.995003745611 0.33046641580533026
7730.78289027265 0.330306662506971
7736.77031260911 0.32979545878565175
7741.562106456252 0.32968898814869974
7746.351458268261 0.33015258270999953
7751.142763738178 0.3297596732968288
7755.9350460453 0.3298565416279677
7760.7258631378645 0.3289290261591417
7765.517168657222 0.329301813981289
7770.309451013699 0.32949506798354944
7775.100756565859 0.32960642062595635
7779.893527365434 0.32990552334365814
7784.68727500205 0.329213745201272
7789.47906901354 0.3291698175442875
7794.271351451648 0.32970348862661736
7800.26463498427 0.32935446662305606
7805.058871100316 0.3288916931165045
7809.852130411802 0.32924810478130506
7814.645878149792 0.3295189190401269
7819.440114314257 0.32925342555963477
7824.234350494798 0.32923824570708915
7829.029563512129 0.3295312733858364
7833.825264955857 0.32908456900140254
7838.619989594831 0.3293996206750055
7843.415202660136 0.32962081844096464
7848.211880972506 0.3292982885351849
7853.007582480026 0.32936632648601233
7857.803772413799 0.3295236428022251
7863.799498263675 0.32947071911569625
7868.596176643439 0.32971503243652567
7873.3923666285955 0.3300076313587414
7878.189533450274 0.3301573861388534
7882.987677108451 0.33037304322230915
7887.785820782323 0.33030013033131855
7892.582987651078 0.33044040871722197
7897.380642945856 0.3305801691676058
7902.178786666635 0.3307533681086204
7906.977418813389 0.3307828886221169
7911.776539386091 0.3306959944073368
7916.573706332712 0.3314552309956863
7922.574316526176 0.3306197004865186
7927.372460328408 0.3314489991356627
7932.17304619809 0.3311670609178805
7936.971678441549 0.33170899154777733
7941.773241162825 0.33159954922253015
7946.571873436992 0.33219034884972964
7951.372459368113 0.33216475091125136
7956.174510545763 0.331814717109433
7960.973142865779 0.33270650970076704
7965.775194073925 0.3323606255971996
7970.576268476449 0.33258841056036875
7975.376854483728 0.3332286505381896
7980.178905737413 0.33258648922982287
7986.180981415364 0.33300796988404274
7990.9835211134605 0.33324517345396526
7995.784107184917 0.33399497135955397
8000.586646913106 0.3341709374427003
8005.389675066729 0.33404396014241383
8010.193191645763 0.33373816083794555
8014.995731418888 0.3342352221363919
8019.798759617368 0.3343951170047468
8024.601787830739 0.33434270509496533
8029.405792879856 0.3346114487013155
8034.208332712499 0.33480226659709106
8039.0123377912705 0.3352885608585643
8043.81634288483 0.3351892155813586
8049.821837682978 0.3353451691290217
8054.6258428097135 0.33576164666766833
8059.429847951145 0.3358141304096794
8064.234829928145 0.3358879256965813
8069.039323509343 0.3366892271364866
8073.844793926062 0.33630101103076765
8078.649287536474 0.3367715822465883
8083.454757982357 0.3365512989176638
8088.260716853237 0.3369267391576459
8093.065698917721 0.33740980712256075
8097.871657817605 0.3370773572184882
8102.678105142415 0.33732000990168953
8107.48357566074 0.33733586162609797
8113.491024341984 0.3381964753961395
8118.298936945008 0.3377517458015161
8123.10489592053 0.3378822909150997
8127.91036649991 0.3385448628393374
8132.7177907354535 0.3382484311630201
8137.5247265748085 0.3386050961421155
8142.332150838879 0.3384769791536407
8147.140551938122 0.33857453440050483
8151.947487820144 0.33855231183056517
8156.755400537288 0.3390323428177811
8161.561848037146 0.3391206560215685
8166.369272372075 0.3395874421988984
8171.177673542055 0.3394440127982678
8177.190494974107 0.33885025953723386
8181.997919354755 0.33909684696589965
8186.80534374941 0.33935103289446067
8191.613744979017 0.3393678420074182
8196.422146222587 0.3394942040560644
8201.231035890583 0.3404264305195622
8206.039925572491 0.3401122264641958
8210.84979208927 0.3397255231470474
8215.659658619916 0.34022162818723856
8220.4695251644 0.3396940134652867
8225.278414901712 0.34051192806914493
8230.087304652809 0.34041850267103096
8234.898148059658 0.3397184846627415
8240.910481311297 0.339781879664969
8245.719371107027 0.3404863898461487
8250.530214558448 0.34048691220384436
8255.34105802353 0.3402252030100768
8260.149947860229 0.34026950402905315
8264.96079135256 0.34039868591090916
8269.770658037462 0.3402692222078613
8274.581501556939 0.3410596352676703
8279.39332191098 0.34016643293178944
8284.20318863649 0.3409940566577483
8289.014032196506 0.3410637432361526
8293.825852591024 0.34111850503803176
8298.63669617795 0.34076034032622476
8304.650006475213 0.3413082738309188
8309.46182691333 0.3412197263710285
8314.27364736481 0.340904486895046
8319.085467829635 0.34091957417167007
8323.896311486726 0.34157140549277554
8328.708131978154 0.34189217940668876
8333.520929303906 0.34171200715060995
8338.333726642908 0.34143885826447357
8343.144570353019 0.3424478666729364
8347.957367718442 0.3415667658999884
8352.76918827598 0.3423368625326012
8357.58198566773 0.3423746918042813
8362.394783072614 0.3415129347022328
8368.41004723134 0.34200768287276273
8373.222844665677 0.34210136271454433
8378.034665291989 0.3420797016319795
8382.848439573485 0.34200674363883654
8387.66123704691 0.34208165385919276
8392.474034533318 0.34206835841833905
8397.286832032682 0.3422100519788682
8402.100606366075 0.3424949856493712
8406.913403891289 0.34296884683514833
8411.726201429397 0.3429724518325276
8416.539975801465 0.3436765859222265
8421.352773365283 0.3438327989175665
8426.167524584127 0.34273977846037473
8432.183765778196 0.34292387954450393
8436.997540204708 0.34334772078779974
8441.81131464397 0.34329646243289846
8446.625089095956 0.3433849423615295
8451.43886356065 0.34360877985820343
8456.252638038026 0.3440264119423748
8461.06641252806 0.34392257363710077
8465.880187030729 0.34414452128576745
8470.69396154601 0.3443106932807588
8475.508712895018 0.3444051162856648
8480.323464256595 0.34383027523561394
8485.136261988455 0.34424912585842393
8489.951013375108 0.3443792939072499
8495.969208420725 0.3448988323267035
8500.783959835486 0.344793706428743
8505.598711262708 0.3447657793119404
8510.41150906006 0.34600149952334425
8515.226260512121 0.3461086768904676
8520.040035155418 0.3460181398404368
8524.856740274548 0.34534843477911237
8529.669538121398 0.3462758836816407
8534.485266444048 0.34578996952882857
8539.300017957838 0.3463541603564492
8544.113792662747 0.34632564459177806
8548.928544201075 0.3470878840698703
8553.743295751643 0.3469208423367638
8559.76051418056 0.3474775197188939
8564.575265758578 0.34831193286804557
8569.389040527583 0.3484501067139911
8574.204768951095 0.34839584244421984
8579.018543744367 0.34879756509447263
8583.83427219211 0.34886975034712325
8588.650000651942 0.3488043747824754
8593.464752302647 0.3482488007724682
8598.278527144195 0.3496947948810906
8603.093278818953 0.3497723443794374
8607.90803050571 0.3501730954550334
8612.724735846843 0.3497534609642788
8617.539487557537 0.3499538284312831
8623.557683007375 0.3509056139133025
8628.3734115661 0.35078516078267696
8633.1881633155 0.3500308106485245
8638.002915076768 0.35087833520846684
8642.817666849882 0.35102423088623924
8647.63339545604 0.35179406681350445
8652.448147252782 0.35125681709536155
8657.26289906131 0.35172984251564854
8662.078627702827 0.3516961993872549
8666.892402713633 0.3523530867939249
8671.707154557385 0.35233666877814623
8676.522883234074 0.3529388679687391
8681.339588743687 0.35223911231547694
8687.355830746224 0.3533051229370768
8692.16960581833 0.3542373829135168
8696.986311365776 0.35357811203630357
8701.80008646109 0.3540904062959981
8706.615815210469 0.353662326003999
8711.429590328908 0.3536034674585191
8716.245319101381 0.35424308239738156
8721.059094242864 0.3542936305600607
8725.874823038353 0.3551915766173035
8730.689575024062 0.3548004884815765
8735.504327021223 0.3548682625008923
8740.319079029825 0.35459903768221873
8745.132854228568 0.3548492776710279
8751.15202688556 0.35541649096515365
8755.965802109915 0.3554271915487717
8760.781530988166 0.35562990955058615
8765.596283056477 0.35590171116934516
8770.410058314821 0.3553954220431621
8775.224810405736 0.3558939460114069
8780.03858568664 0.35604283087229727
8784.852360978794 0.35607474132123906
8789.668089924755 0.355561562877618
8794.480888418066 0.35605196891123936
8799.294663743856 0.3568296996919483
8804.110392723409 0.35594939201836917
8808.924168071531 0.3560900258195323
8814.941387272336 0.35643371008462765
8819.755162645488 0.35689871360208403
8824.569914851032 0.35665605926776933
8829.383690246344 0.3560550131626567
8834.197465652715 0.3562966633656242
8839.012217891428 0.3561439380683999
8843.825016498538 0.3563257187630839
8848.638791937956 0.3563825004148543
8853.452567388353 0.35612522761973725
8858.265366028387 0.35681824325797384
8863.079141500682 0.3567199846147314
8867.892916983903 0.3555968076045167
8872.706692478025 0.35536847385695963
8878.723911860983 0.35478536469153255
8883.537687379574 0.3545417204249006
8888.349509266342 0.3545782796590023
8893.163284806595 0.3540328257288211
8897.976083536321 0.3540582564385611
8902.78888227683 0.3537867345191182
8907.601681028105 0.353218841695209
8912.415456611474 0.3523607922997499
8917.227278562881 0.35264267437192837
8922.039100525002 0.35291383157272305
8926.85287614051 0.35203608071086195
8931.664698123994 0.35172218774045183
8936.477496939488 0.3514023011555717
8942.492762857793 0.3507068742108038
8947.305561697196 0.3503707906695396
8952.117383725841 0.35059643950684677
8956.92920576506 0.3499619088982695
8961.741027814842 0.34960317022046067
8966.550896232424 0.3498080005854073
8971.364671946012 0.34886807864095415
8976.17551720599 0.34848871784642166
8980.986362476455 0.3486711758527123
8985.799161400142 0.3479952416330117
8990.60902987015 0.34759509754926293
8995.420851993349 0.3474699634694014
9000.231697305579 0.3464940023375778
9006.245986576532 0.3459951533425223
9011.05585509075 0.346145138779089
9015.86670043671 0.3454474711464815
9020.676568971621 0.3453057034706512
9025.488391159637 0.34431458488153227
9030.29923653657 0.3441564854577445
9035.108128280996 0.3437113924693297
9039.918973678487 0.34354131507207863
9044.729819086231 0.3428061613556173
9049.53968768281 0.3420604348974603
9054.349556289608 0.34186983939073223
9059.157471263785 0.3416701602661728
9063.968316712371 0.34090872033706965
9069.979675689225 0.3405687670711791
9074.787590696416 0.3400692125727285
9079.597459356568 0.33983890943313944
9084.40732802683 0.33850079271365163
9089.215243064342 0.3379802349277997
9094.0260885762 0.3369096115619458
9098.833026812412 0.3371988904522593
9103.63898823723 0.33748090304290757
9108.448856957786 0.3366613195538394
9113.256772045488 0.3361076930355984
9118.066640786046 0.33500424341786394
9122.872602250834 0.3349852508036445
9127.680517368448 0.33441648393630574
9133.69089969016 0.33342330410840065
9138.49783800867 0.33283937994791374
9143.304776337074 0.332247679616536
9148.111714675364 0.3313846485453351
9152.918653023515 0.3307836927806655
9157.724614560066 0.3304462913616067
9162.5315529279 0.3298309369573273
9167.338491305545 0.329479872377688
9172.145429692995 0.3285889576410653
9176.951391268767 0.3279580375891584
9181.757352854305 0.32732104405127976
9186.56233762813 0.326680859287386
9191.367322411681 0.32576846632727974
9197.37477443161 0.3252147436279353
9202.179759236999 0.3245556058512368
9206.98474405206 0.3238934176993973
9211.78875205531 0.3234866832369082
9216.594713711154 0.3230733420972228
9221.399698555155 0.3218692335961738
9226.204683408769 0.3206639036127426
9231.007714629017 0.32049440581790506
9235.811722680326 0.3195409114786566
9240.614753919712 0.3193606043147605
9245.418761990131 0.31839772438453284
9250.222770070082 0.3179483309662434
9255.025801338059 0.31697418822519013
9261.02934623101 0.3163338478853387
9265.833354341832 0.3150986746610208
9270.634431997627 0.3148829583800989
9275.43746330586 0.3141509415880128
9280.238540980523 0.3134135974988021
9285.0396186646 0.3131809131333456
9289.843626822583 0.311926122481508
9294.644704525439 0.3111787019131543
9299.44480541615 0.31067711489455135
9304.246859959225 0.3099189527380738
9309.04793769013 0.30915575942732954
9313.848038608836 0.30839295785787574
9318.649116358361 0.3073726917325555
9324.649730942188 0.30640695436497656
9329.448855069551 0.3058802731622208
9334.248956027683 0.30559728716406825
9339.049056995053 0.3043157984062475
9343.849157971646 0.3030356144656681
9348.648282135917 0.3024931537615236
9353.44642948785 0.30194626253448514
9358.246530492015 0.3011515694389973
9363.044677862277 0.30035223680000617
9367.841848420145 0.29979315310485344
9372.639995808675 0.2989867602756204
9377.439120027859 0.29793509371559435
9382.237267434597 0.2971257409738703
9388.233974884251 0.2958696484071007
9393.030168668318 0.2952938446512647
9397.826362461426 0.2947138828790632
9402.624509906664 0.2936523068255095
9407.420703717818 0.29259056333289896
9412.215920716424 0.29224018102728383
9417.01309136712 0.29117576581539883
9421.808308383677 0.2905843421265307
9426.603525409191 0.2897508933942317
9431.398742443645 0.2889134215474976
9436.193959487022 0.28784432618161643
9440.989176539311 0.2870071695784239
9445.782439957367 0.2866339441142199
9451.775240269379 0.2855813942899951
9456.568503707387 0.28473550622042204
9461.362743975813 0.28342617803358566
9466.156984253072 0.28281005326221836
9470.951224539152 0.281500777955325
9475.741557547733 0.28134044035243194
9480.535797851402 0.28025930307435143
9485.327107699115 0.27963617928412937
9490.118417555579 0.278780430548363
9494.91168106395 0.27792484025559944
9499.702990937885 0.2768430655727822
9504.494300820532 0.2759835394856277
9509.285610711877 0.2751253846653524
9515.273527061285 0.2740512171936183
9520.062883328967 0.2736371774602258
9524.854193248486 0.27255018374460166
9529.642572711859 0.27190767282903533
9534.432905827043 0.2710427706004037
9539.222262129239 0.26995872370631097
9544.011618440029 0.2688730379754679
9548.799997937796 0.26822596155641515
9553.588377444124 0.2673595432978156
9558.376756959007 0.2662735653970809
9563.164159660815 0.2658402488527265
9567.951562371147 0.26496968321174025
9572.73798826837 0.26431536998591093
9578.72199747345 0.2630117689501947
9583.509400211378 0.26192466748710375
9588.29484931453 0.26147967485274676
9593.08127524775 0.26060927981043686
9597.867701189401 0.25952163856465976
9602.652173496232 0.25864962539663927
9607.436645811458 0.2579843435738834
9612.222094956702 0.2568984247817419
9617.005590467066 0.2562329978721282
9621.791039629052 0.2551475927148554
9626.574535156125 0.25447875925817554
9631.358030691534 0.25360213206323895
9636.141526235258 0.25251876999251466
9642.119674649552 0.25141900048559856
9646.902193390313 0.25074642838162475
9651.683735317707 0.24986588759211611
9656.465277253361 0.24918966626756806
9661.24681919726 0.2483079278786307
9666.028361149396 0.24702099728601967
