calculator/instruments/lris/plaintext_files/red_D560_831-8200.txt
# %ECSV 1.0
# ---
# datatype:
# - {name: WAV, unit: Angstrom, datatype: float64}
# - {name: EFF, datatype: float64}
# meta: !!omap
# - {DICHROIC: D560}
# - {GRATING: 831/8200}
# schema: astropy-2.0
WAV EFF
[from data line 428]
7804.956317367496 0.3465080762464368
7807.315369541571 0.3458836973763316
7809.67197963656 0.3475530256832543
7812.031031818452 0.3474985176301595
7814.389595587649 0.34629235058246266
7816.748647777346 0.3468102084926657
7819.106723137735 0.3473272668870579
7821.46528691862 0.34668902736032153
7824.413369546038 0.3471891557782241
7826.773887002091 0.34568775389243184
7829.133427628815 0.3447707081065605
7831.490037759771 0.34728136374115987
7833.8500668108545 0.3463463554320539
7836.209119032593 0.3454198620022906
7838.568171258195 0.3459194461888415
7840.926246654442 0.3467057925582003
7843.2857873043795 0.3463421308185063
7845.6463047914 0.3445489565010269
7848.003891782597 0.34589980480709487
7850.9534397142215 0.3452259032137071
7853.312980380525 0.3457144004556999
7855.672032634054 0.3462050326665125
7858.032061724654 0.3446892938126622
7860.391113985855 0.34488899800113637
7862.750166250884 0.3453692634372846
7865.109218519739 0.3461389294114799
7867.470712875517 0.3437617404050126
7869.830253568636 0.3442388864379795
7872.18832901571 0.3455700010020008
7875.138365413015 0.3451615624561402
7877.498394535147 0.34477331086775886
7879.858423661086 0.3449607460428493
7882.218452790824 0.34400111739240746
7884.577505091111 0.3450385774629037
7886.937534228443 0.344645823005675
7889.298051786195 0.3442550218196495
7891.658080931107 0.34329124595523025
7894.017621663177 0.34460482197890213
7896.377650815654 0.34420638825057887
7898.738656805171 0.34352315818357526
7901.687228005901 0.34423360730015484
7904.048234003906 0.34326069227938194
7906.409240005677 0.34229346791527154
7908.767803928047 0.34387777168946315
7911.128321520709 0.34318446672540576
7913.489327533763 0.34277846795406863
7915.850821967205 0.34152141743550823
7918.209385904582 0.34309148657925814
7920.56941509561 0.342964022067691
7922.929932707017 0.34198541982115305
7925.29191557208 0.3404454610942793
7928.241463658826 0.3411236649964718
7930.601981282373 0.34098933486230154
7932.9615220763635 0.3414197773351085
7935.321551290717 0.3424142543645154
7937.683534175361 0.3414266065503572
7940.04454023044 0.34015923860834346
7942.402615789367 0.34227995854976373
7944.763621851868 0.3418520950607821
7947.1251163347215 0.3405785980858292
7949.486610821284 0.3395915733981534
7951.846151644955 0.34028897161641086
7954.796676617198 0.340105019000826
7957.157682699125 0.34023510689988173
7959.516735118143 0.3412168256871252
7961.878229624091 0.34050133707980274
7964.241189383682 0.3378262263857981
7966.599264980432 0.3399126800623148
7968.959294247464 0.34088735829353195
7971.321765601432 0.33904046092598167
7973.682771709113 0.3380457178918317
7976.043289403801 0.338446682746141
7978.994302839801 0.3382499932221542
7981.353355292752 0.3394939542635136
7983.714361415982 0.3396160313338193
7986.0758559595215 0.33804885719840766
7988.437838923371 0.3367727674190821
7990.797868224226 0.33772481292643947
7993.1574091120565 0.33896225170801036
7995.518903670167 0.33739500988508814
7997.880398231914 0.33695188922684327
8000.2404275473045 0.3370662412182708
8002.599968449652 0.33830634757633743
8005.551958770169 0.3369869263520837
8007.911988097328 0.3376686205986801
8010.2739710947635 0.33666783286952023
8012.635465679147 0.3356743872263111
8014.994518183806 0.3363444552311898
8017.354059108731 0.3375802119175019
8019.716042120603 0.3365795669191271
8022.078513552746 0.3347487528598824
8024.438542905135 0.33486345642660337
8026.798083844444 0.3369271810172927
8029.159090037353 0.3356466735266382
8032.108638325176 0.3371149976069112
8034.470132942822 0.33527516893750825
8036.8326043973975 0.33455436999539145
8039.193122188849 0.33411517515623224
8041.552663150518 0.3356135464122924
8043.914646199139 0.33461551003831724
8046.276140834649 0.33362185199912564
8048.63519339033 0.3340085547055139
8050.99619961628 0.3343986786102183
8053.356717429107 0.3339536334362485
8055.717723662164 0.3332383427534146
8058.668248833453 0.33358485754058864
8061.030231907855 0.33231815177646495
8063.389284485701 0.33270316215672974
8065.750290733816 0.33336820258954325
8068.110320152097 0.332653936840813
8070.471814823963 0.3322139567116925
8072.831355832613 0.33177738325148454
8075.190896844784 0.3329912945950984
8077.551414693849 0.33255221406726354
8079.913886213182 0.33074405951767866
8082.273915652591 0.3308566538924616
8085.224440873476 0.3312046814740106
8087.584470320776 0.3304962803173233
8089.944499771578 0.33115803997990223
8092.30452922588 0.33154866146081147
8094.667000767142 0.3294794483509002
8097.024588144966 0.3306860393067951
8099.385594443133 0.3305327246460358
8101.745623911398 0.3306493659464065
8104.107607049928 0.3294034449228171
8106.467148108463 0.32924910422774906
8109.417673374085 0.3290599434253147
8111.777214440434 0.3289085919963768
8114.13675551025 0.3301217044445522
8116.496785000231 0.3296989529132975
8118.859256577175 0.32738204958031414
8121.216843990577 0.32858790898584467
8123.575896657534 0.33007935537596944
8125.9369029947475 0.3285696456429646
8128.297420918713 0.32815597080001013
8130.6569620127175 0.3280134915921532
8133.015526276759 0.32978304001195335
8135.965563174283 0.32851218840172536
8138.324615862759 0.3294687582924541
8140.685622221491 0.3276967458007833
8143.045163333534 0.3278334898645986
8145.404704449003 0.3279717325086031
8147.763268734477 0.328658006856953
8150.124275106917 0.32716743959920863
8152.483327815932 0.3264998638740122
8154.842380528362 0.3274546667202633
8157.201433244201 0.3278747081585114
8159.562439630295 0.32666578800854434
8162.50954607564 0.32786956767417036
8164.870552469392 0.3263924277422326
8167.228628366254 0.32654697665653204
8169.588657933371 0.3272429945643971
8171.947710670446 0.32631697403967136
8174.3077402443405 0.32620486693197814
8176.665327738034 0.3263649095200604
8179.023892068541 0.32652934790120436
8181.385386902733 0.3250738161467599
8183.742974406553 0.3255061605676497
8186.101050330459 0.32621401785997417
8189.050110490237 0.3250117739199086
8191.408674838432 0.32599045720765807
8193.767239189989 0.32535764805877104
8196.126291961624 0.32526417220136705
8198.484367903167 0.32517065917896565
8200.841467014608 0.3261611000081982
8203.201496629745 0.3249950757017855
8205.56054941478 0.3243712130410326
8207.91764853625 0.32590687625289816
8210.275724494506 0.32582734132233343
8213.223807863747 0.32518835541216085
8215.58286066296 0.32457401313286866
8217.939959798587 0.32450322829852013
8220.299012604451 0.3249687109635222
8222.655134913255 0.3248991917487011
8225.01516455923 0.32429813171099575
8227.372263708126 0.3242330035172321
8229.7303396938 0.3247093651163384
8232.08841568278 0.32357799100550877
8234.44649167507 0.32352006655272053
8236.80359083719 0.3245378513426336
8239.749720586111 0.32393794350718236
8242.106819755645 0.32496270818320516
8244.46587259542 0.3238417059479934
8246.821994938058 0.32433432971511533
8249.180070950935 0.32429320800070716
8251.53619330014 0.32479216405938893
8253.89426931958 0.32368299146447727
8256.250391675336 0.32364749961624056
8258.607490867844 0.3246910959270865
8260.967520564078 0.3225181787093166
8263.322666096155 0.3224911769983359
8266.267819057693 0.32352881655096366
8268.62491826408 0.32404350461614256
8270.98104064023 0.32456324701975414
8273.337163019638 0.3245459688421713
8275.694262235782 0.32346010558739186
8278.050384621683 0.32452137759425276
8280.407483844325 0.32343695751410956
8282.762629403212 0.323966940425895
8285.118751798835 0.3245006568748685
8287.47585103119 0.32396068977107906
8289.830996599776 0.32395889421305635
8292.776149606927 0.32396339510542027
8295.132272016273 0.32397011942573856
8297.487417595341 0.32451507990824574
8299.843540011127 0.32398770827441586
8302.199662430132 0.3234640254291952
8304.554808018842 0.32401515169502043
8306.909953610755 0.32403311839934623
8309.265099205879 0.32351492835872203
8311.621221637715 0.32407321077492685
8313.975390405723 0.32409816687675547
8316.919566620505 0.3241307718705663
8319.274712229215 0.3241599869394334
8321.628881007598 0.3241905542195616
8323.984026622684 0.32476123603575213
8326.339172240956 0.32425879651887685
8328.693341028888 0.32429497666945367
8331.047509819993 0.3243354339938921
8333.401678614273 0.3249148270244312
8335.75682424525 0.3244191611418005
8338.111969879397 0.3239270584817588
8340.464185016126 0.32558908911850204
8343.407384442067 0.3251113208660681
8345.76155325296 0.32516170515875453
8348.11572206701 0.3246769078891197
8350.468914050678 0.32527095272884654
8352.824059704568 0.3247873851130996
8355.17725169453 0.324847598775112
8357.529466854094 0.3249063032753466
8359.883635683876 0.3255078280098743
8362.236827683257 0.3255709497006408
8364.590019685771 0.32509532560948035
8366.943211691414 0.3251597092917925
8369.884457494481 0.3257848713863635
8372.236672673613 0.3263978620152447
8374.589864689411 0.3259252286957637
8376.94110304123 0.3265398257236822
8379.296248730363 0.32553328154305755
8381.648463921958 0.32506604526793664
8384.000679116662 0.3256818647919067
8386.350940647362 0.3268423599931426
8388.704132681825 0.32637894223379843
8391.056347885837 0.32645620918842155
8393.408563092944 0.3265377632623996
8396.34883210618 0.3255569596353155
8398.698116819562 0.3278091764354944
8401.051308870274 0.32680127993283636
8403.40352409051 0.32634489535442646
8405.752808813137 0.3280602698197598
8408.105024039533 0.32705722614526955
8410.456262435438 0.3271416036255252
8412.806524000847 0.3277724817932732
8415.158739236465 0.32785987701596175
8417.50900080801 0.3274003733372411
8420.448293027102 0.32696615431904996
8422.797577771958 0.32814231249276654
8425.148816187018 0.32768667688228054
8427.498100937979 0.32886391162348205
8429.848362525569 0.32840718433783583
8432.197647282625 0.32958986586701655
8434.548885709883 0.32803681087196246
8436.898170473021 0.3292195496167553
8439.249408906364 0.3287579032602186
8441.598693675578 0.3283011913425568
8443.947001614239 0.32948331428414124
8446.884340208991 0.3295926320937801
8449.23362498805 0.3280393333241462
8451.582909770128 0.3292190335372828
8453.932194555227 0.32875572744545706
8456.280502509753 0.3293877410979383
8458.629787300884 0.32947066248328466
8460.978095261435 0.32955646604388683
8463.326403224988 0.3296378885671798
8465.675688025149 0.3286264392289881
8468.023019161114 0.33035161940604885
8470.371327133675 0.3298821886417464
8473.306712103593 0.32998106573507896
8475.65306641569 0.3311615679280658
8478.002351231582 0.33013660492062685
8480.34968238326 0.3302092469574935
8482.69603670431 0.3313875817308181
8485.044344695556 0.33035892299636105
8487.391675856172 0.33043010688146884
8489.739983853378 0.3299501887499185
8492.08536135272 0.3311172887820985
8494.432692522254 0.33008207223714636
8496.778070027529 0.33180289098993215
8499.712478205727 0.3313266475174659
8502.058832551282 0.33083652712441075
8504.405186899787 0.3308959777917362
8506.751541251251 0.330949618938197
8509.096918772044 0.33155895994537193
8511.44327312941 0.33105822612046765
8513.787673822473 0.3322158521869582
8516.134028185725 0.33170968098766596
8518.480382551918 0.33120281817325586
8520.82673692105 0.33069670747207053
8523.756260968896 0.3318499207199185
8526.100661677368 0.3324417447256696
8528.446039222397 0.33192487957808464
8530.791416770353 0.3319550460455144
8533.13679432123 0.330881866101513
8535.480218207766 0.3320123592565652
8537.824618930843 0.3320395057644082
8540.169019656836 0.3315085359892749
8542.512443552103 0.33207911754796476
8544.855867450275 0.3326506617098552
8547.20026818499 0.33266463451515066
8550.129792273827 0.33212361682967667
8552.473216181426 0.3321287313636876
8554.816640091924 0.33268710236443316
8557.159087171667 0.3321315260253516
8559.503487921593 0.33157689787985406
8561.844958173464 0.3332329556703695
8564.188382095514 0.33211438064447923
8566.530829186795 0.3326564893452669
8568.872299447303 0.3326379962748419
8571.215723377993 0.33206341515771404
8573.5581704779 0.3320405587805496
8576.484764106339 0.3325602295596349
8578.827211212703 0.3319754779798708
8581.167704654616 0.33249378927748713
8583.511128600361 0.33079879660179096
8585.85162204799 0.33241417120147276
8588.192115498474 0.3318134671905381
8590.533585785468 0.33287487300665647
8592.873102407986 0.332820941273327
8595.215549534341 0.331652420378299
8597.555066162548 0.33214666801640685
8599.896536460925 0.3315289030147583
8602.821176462137 0.3319948879845789
8605.161669933232 0.3313700451456336
8607.500209739817 0.3324005228169956
8609.840703216574 0.33066061141165964
8612.179243028808 0.33279342976315457
8614.520713344888 0.33048777418913156
8616.85827632909 0.3326091777673763
8619.197792983465 0.3319552941814786
8621.536332806974 0.3313026187925381
8623.874872633292 0.3328659243819708
8626.798535836982 0.3321716243275279
8629.13707566962 0.3320590750221982
8631.476592338744 0.33028003889303165
8633.812201675935 0.33181643419135937
8636.151718350657 0.330585603898406
8638.489281360808 0.33156378951587095
8640.825867540061 0.33143087522009906
8643.164407389479 0.3301882916703247
8645.501970407997 0.33059848309068246
8647.838556595609 0.3293531314766947
8650.176119619693 0.33030725334104505
8653.097829195282 0.32846757994020204
8655.433438558226 0.33051169376792705
8657.769047923937 0.3303499563650484
8660.106610959814 0.3290852187004372
8662.441243497367 0.33001950393657264
8664.777829705077 0.3292949101810164
8667.113439081848 0.3296718628257334
8669.449048461382 0.3294930913187875
8671.784657843666 0.3282112458378248
8674.120267228707 0.32912416284983875
8676.452946115383 0.32948626904684025
8679.37270206241 0.32869427189689476
8681.706357788964 0.3290486430307688
8684.042944019384 0.3272018002359278
8686.377576585128 0.32809589374342935
8688.710255486187 0.32788886764882874
8691.045864891112 0.32604124007718194
8693.378543797631 0.32801499701463016
8695.712199540589 0.3272527585256326
8698.045855286273 0.32594210092176434
8700.378534200965 0.32736264594342945
8702.711213118373 0.3265903277349733
8705.62901543639 0.3257591052802397
8707.95974069247 0.327172988045655
8710.29437328614 0.324758156946065
8712.626075381359 0.3256108951488705
8714.956800645552 0.3264687100169568
8717.28850274617 0.3256811569714589
8719.622158516942 0.324895535095702
8721.953860622967 0.32519679801011897
8724.283609064221 0.3249511873494756
8726.61726484309 0.32361821553009895
8729.528229359637 0.32548457512135415
8731.860908310826 0.3230578345941293
8734.192610430966 0.3233472986749088
8736.521382052586 0.32363553863411143
8738.852107344352 0.32392260716708154
8741.182832638795 0.3220443504313997
8743.513557935912 0.32178684352423054
8745.842329568222 0.3226087002596825
8748.171101203201 0.322350648676311
8750.50084967458 0.3220899615954065
8752.829621314884 0.3218308609263984
8755.740585868998 0.32150474025492615
8758.071311182766 0.32016863570329873
8760.400082831706 0.31990677092932734
8762.726900815798 0.3207193623499172
8765.055672470035 0.31992265846564943
8767.384444126918 0.3191265145751284
8769.712238952694 0.31993708236869633
8772.038080113607 0.32021619558481895
8774.36587494466 0.3199541341899449
8776.694646612104 0.3180915169571141
8779.02048778092 0.31943618198945034
8781.929498704705 0.31858141161898124
8784.25533987943 0.3188578437095261
8786.583134724293 0.31753652057413756
8788.908975904264 0.31835263586430484
8791.23481708685 0.31756563485954226
8793.560658272056 0.31731803559364785
8795.887476293632 0.3170692731944632
8798.2123406503 0.3178910085137809
8800.538181843338 0.317112038627604
8802.861092537687 0.3174050437185196
8805.185956902165 0.3171658066147135
8808.094967862728 0.31527938406651307
8810.418855399292 0.3161060685705075
8812.741766104675 0.3164077656543855
8815.066630480193 0.31511977752804904
8817.389541190758 0.3154246618559998
8819.714405571453 0.31520477236427863
8822.038293120964 0.3149905114660193
8824.360227005503 0.3163715315070207
8826.683137726397 0.3156292345104723
8829.007025283647 0.31436497205146025
8831.911152108494 0.3135836216985136
