calculator/instruments/lris/plaintext_files/red_MIRROR_400-8500.txt
# %ECSV 1.0
# ---
# datatype:
# - {name: WAV, unit: Angstrom, datatype: float64}
# - {name: EFF, datatype: float64}
# meta: !!omap
# - {DICHROIC: MIRROR}
# - {GRATING: 400/8500}
# schema: astropy-2.0
WAV EFF
5528.693633752038 0.0
5533.242674944685 0.0
5537.789762545931 0.0
5542.340269054452 0.0
5546.890287198292 0.0
5551.443235840291 0.0
5555.994719299402 0.0
5561.685661014379 0.0
5566.237632981275 0.0
5570.791070218925 0.0
5575.346949545296 0.0
5579.902828915209 0.0
5584.460661964668 0.0
5589.0180066484345 0.0
5593.576816602537 0.0
5598.135138190718 0.0
5602.694436639998 0.0
5607.253246723126 0.0
5611.814010485261 0.0
5616.374285881028 0.0
5622.080368992142 0.0
5626.643574938023 0.0
5631.20726933535 0.0
5635.7719405931 0.0
5640.337100302103 0.0
5644.903236871349 0.0
5649.469861891655 0.0
5654.035998544722 0.0
5658.605065694156 0.0
5663.173644476162 0.0
5667.742711708841 0.0
5672.312755801214 0.0
5676.883288344071 0.0
5682.600605558239 0.0
5687.172603421216 0.0
5691.74606655264 0.0
5696.31904131588 0.0
5700.892992938251 0.0
5705.470363465414 0.0
5710.047245624124 0.0
5714.624616232572 0.0
5719.200033244855 0.0
5723.778380752478 0.0
5728.359658755412 0.0
5732.9380063435265 0.0
5737.5183076084295 0.0
5743.245393677941 0.0
5747.826183441899 0.0
5752.408438473206 0.0
5756.994600817784 0.0
5761.577344337603 0.0
5766.161064715322 0.0
5770.749669224547 0.0
5775.334366499439 0.0
5779.920529041197 0.0
5784.509622077426 0.0
5789.095784697373 0.0
5793.686343039328 0.0
5798.275924601713 0.0
5804.01473314387 0.0
5808.602849565655 0.0
5813.197315346196 0.0
5817.78933911901 0.0
5822.384293385757 0.0
5826.976317235281 0.0
5831.572248397116 0.0
5836.166225960035 0.0
5840.764110835163 0.0
5845.358088474068 0.0
5849.95743865289 0.0
5854.552881595252 0.0
5859.155162305317 0.0
5864.904716483125 0.0
5869.502601594101 0.0
5874.104394016875 0.0
5878.70618647699 0.0
5883.307490565048 0.0
5887.911725146134 0.0
5892.514494536365 0.0
5897.118729191537 0.0
5901.72442911159 0.0
5906.329152249818 0.0
5910.935829062104 0.0
5915.543971139062 0.0
5920.150159615244 0.0
5925.911924638842 0.0
5930.52006683437 0.0
5935.12967429424 0.0
5939.7417238371145 0.0
5944.352308188066 0.0
5948.962892575061 0.0
5953.574942226117 0.0
5958.190410778665 0.0
5962.803925729553 0.0
5967.417929125547 0.0
5972.031444147794 0.0
5976.646912843137 0.0
5981.265312030308 0.0
5987.035869017115 0.0
5991.653291465074 0.0
5996.272179176466 0.0
6000.892532151229 0.0
6005.513373570489 0.0
6010.133238205925 0.0
6014.7540796951 0.0
6019.375898037944 0.0
6023.997716415543 0.0
6028.620511646668 0.0
6033.244772140685 0.0
6037.869521078666 0.0
6042.493781641657 0.0
6048.277526259811 0.0
6052.904717356694 0.0
6057.531420078329 0.0
6062.158611243531 0.0
6066.786290852224 0.0
6071.414458904335 0.0
6076.043115399791 0.0
6080.673725566922 0.0
6085.304824177273 0.0
6089.937388049719 0.0
6094.57044036525 0.0
6099.202515895337 0.0
6103.836056687316 0.0
6109.628104826575 0.0
6114.263599331495 0.0
6118.898605460123 0.0
6123.537030488387 0.0
6128.173501911714 0.0
6132.809484958503 0.0
6137.447421676234 0.0
6142.085846836311 0.0
6146.726714076747 0.0
6151.366604530845 0.0
6156.006006608036 0.0
6160.647362355876 0.0
6165.28969495526 0.0
6171.092000238135 0.0
6175.735309729405 0.0
6180.379107662466 0.0
6185.022905627699 0.0
6189.668657263229 0.0
6194.314897340355 0.0
6198.960160630335 0.0
6203.606400771313 0.0
6208.256059811056 0.0
6212.901323196469 0.0
6217.551470709237 0.0
6222.20064143449 0.0
6226.850300600861 0.0
6232.66383983182 0.0
6237.315452707246 0.0
6241.966088794821 0.0
6246.6196553711825 0.0
6251.272733569147 0.0
6255.92581179823 0.0
6260.58084369676 0.0
6265.235875626281 0.0
6269.890907586721 0.0
6274.546916397223 0.0
6279.203902057734 0.0
6283.860887748965 0.0
6288.519338699701 0.0
6294.341669816692 0.0
6298.999632426517 0.0
6303.660525524547 0.0
6308.320441833689 0.0
6312.980846582764 0.0
6317.643205000631 0.0
6322.305075039036 0.0
6326.968410336484 0.0
6331.630768844681 0.0
6336.296057840765 0.0
6340.960370047464 0.0
6345.625170693668 0.0
6350.290948188979 0.0
6356.123536407154 0.0
6360.791267607919 0.0
6365.45704519958 0.0
6370.1252648691125 0.0
6374.794949797131 0.0
6379.463657935188 0.0
6384.133831331616 0.0
6388.803516347623 0.0
6393.475155031587 0.0
6398.146305334999 0.0
6402.818920896573 0.0
6407.491536487166 0.0
6412.164640516414 0.0
6418.007485822711 0.0
6422.681566736287 0.0
6427.356624498037 0.0
6432.032170698192 0.0
6436.709182156133 0.0
6441.385216823205 0.0
6446.062716747955 0.0
6450.74070511088 0.0
6455.419181911927 0.0
6460.098635560767 0.0
6464.777600828143 0.0
6469.457054533457 0.0
6474.137485086398 0.0
6479.990099058484 0.0
6484.672483313535 0.0
6489.354867596544 0.0
6494.038717136715 0.0
6498.721101475458 0.0
6503.403974251725 0.0
6508.089289104519 0.0
6512.774603984983 0.0
6517.459918893049 0.0
6522.146699057975 0.0
6526.83396766017 0.0
6531.521724699575 0.0
6536.209481766361 0.0
6542.06991075292 0.0
6546.759133110435 0.0
6551.4498207245115 0.0
6556.139531546139 0.0
6560.830707624224 0.0
6565.52188372933 0.0
6570.213548271195 0.0
6574.905701249767 0.0
6579.598831074798 0.0
6584.291472516812 0.0
6588.984602395367 0.0
6593.680662759485 0.0
6598.376234740429 0.0
6604.244967139239 0.0
6608.942004409358 0.0
6613.639530115761 0.0
6618.336079028902 0.0
6623.033604788035 0.0
6627.732107393117 0.0
6632.429144794913 0.0
6637.129601091748 0.0
6641.830057414712 0.0
6646.530513763748 0.0
6651.23194695849 0.0
6655.931426539789 0.0
6660.633836606094 0.0
6666.512826045044 0.0
6671.216701399025 0.0
6675.920088368881 0.0
6680.622498544677 0.0
6685.326862385554 0.0
6690.034156711224 0.0
6694.739985832814 0.0
6699.443861340365 0.0
6704.152132562217 0.0
6708.859915399566 0.0
6713.566233032576 0.0
6718.274504330374 0.0
6722.984240883049 0.0
6728.871045301854 0.0
6733.579805091276 0.0
6738.2905185453155 0.0
6743.002697254048 0.0
6747.711457118408 0.0
6752.423635876968 0.0
6757.13679148018 0.0
6761.849947108183 0.0
6766.564567990663 0.0
6771.274793208596 0.0
6775.990879370145 0.0
6780.70550032653 0.0
6785.420121307447 0.0
6791.316694335007 0.0
6796.030826961001 0.0
6800.749843710663 0.0
6805.465441615124 0.0
6810.183481593523 0.0
6814.902010006086 0.0
6819.620538442823 0.0
6824.340532133512 0.0
6829.059060618445 0.0
6833.780031177137 0.0
6838.500024939912 0.0
6843.221972366424 0.0
6847.942942996912 0.0
6853.845865753377 0.0
6858.568301667291 0.0
6863.291226014891 0.0
6868.015127206101 0.0
6872.739028420941 0.0
6877.4643948892735 0.0
6882.188784561199 0.0
6886.916593126442 0.0
6891.6409828452925 0.0
6896.365860997498 0.0
6901.094646452908 0.0
6905.820013061726 0.0
6910.549286973688 0.0
6916.459047858813 0.0
6921.188810232929 0.0
6925.918572630156 0.0
6930.647358230438 0.0
6935.37663226372 0.0
6940.107859959969 0.0
6944.838599269131 0.0
6949.569827011167 0.0
6954.303008416069 0.0
6959.034724613719 0.0
6963.767417654124 0.0
6968.502064357287 0.0
6973.235245853042 0.0
6979.152821677051 0.0
6983.886980043621 0.0
6988.622603662765 0.0
6993.35822730436 0.0
6998.094339378396 0.0
7002.829963064758 0.0
7007.569005643687 0.0
7012.305606194709 0.0
7017.0426951779955 0.0
7021.780761003544 0.0
7026.520292081374 0.0
7031.260311591352 0.0
7035.998865893236 0.0
7041.922303006552 0.0
7046.663299408149 0.0
7051.405272651779 0.0
7056.146757507225 0.0
7060.888730794557 0.0
7065.629727283541 0.0
7070.3726774345205 0.0
7075.115627607199 0.0
7079.859554621668 0.0
7084.603481657753 0.0
7089.347897125481 0.0
7094.092801024811 0.0
7098.837704945626 0.0
7104.768956979304 0.0
7109.5153261785445 0.0
7114.262183809219 0.0
7119.0090414612 0.0
7123.756387544533 0.0
7128.503733649085 0.0
7133.252056595005 0.0
7137.999891151963 0.0
7142.749679370413 0.0
7147.49897919982 0.0
7152.248279050239 0.0
7156.999532562053 0.0
7161.748832454368 0.0
7167.687899399679 0.0
7172.4391529793775 0.0
7177.190406579867 0.0
7181.943613841586 0.0
7186.696821124026 0.0
7191.449051606903 0.0
7196.203724161031 0.0
7200.955954685132 0.0
7205.710627280418 0.0
7210.465299896222 0.0
7215.219972532503 0.0
7219.974645189217 0.0
7224.73127150687 0.0
7230.677176535099 0.0
7235.432826078224 0.0
7240.1894524618965 0.0
7244.947544096232 0.0
7249.705147340613 0.0
7254.464215835594 0.0
7259.222307530386 0.0
7263.980399245247 0.0
7268.740444620758 0.0
7273.500490016273 0.0
7278.259558611422 0.0
7283.019115636642 0.0
7287.7801379122275 0.0
7293.73239260494 0.0
7298.494391745453 0.0
7303.25541408538 0.0
7308.017413265362 0.0
7312.780389285369 0.0
7317.543853735193 0.0
7322.307318204624 0.0
7327.069317463075 0.0
7331.835224022505 0.0
7336.598688550509 0.0
7341.363618328519 0.0
7346.128059715753 0.0
7350.894454763121 0.0
7356.851593881695 0.0
7361.618477382729 0.0
7366.384384082627 0.0
7371.151756032336 0.0
7375.91912800123 0.0
7380.6864999892705 0.0
7385.45533722703 0.0
7390.222709253246 0.0
7394.992523349538 0.0
7399.762825875046 0.0
7404.531174778673 0.0
7409.300012111432 0.0
7414.071291514163 0.0
7420.034780281321 0.0
7424.804106085549 0.0
7429.575873959654 0.0
7434.347153442276 0.0
7439.118921353826 0.0
7443.890689284041 0.0
7448.665387694268 0.0
7453.436667251474 0.0
7458.21087728864 0.0
7462.984110523865 0.0
7467.756366957097 0.0
7472.532042280455 0.0
7477.305275571033 0.0
7483.2746255689935 0.0
7488.049324131611 0.0
7492.824999533023 0.0
7497.602140183463 0.0
7502.376838800886 0.0
7507.153979487771 0.0
7511.930631782569 0.0
7516.7067956852425 0.0
7521.485890067565 0.0
7526.262542416658 0.0
7531.04066001456 0.0
7535.81975445099 0.0
7540.596895264322 0.0
7546.571618075491 0.0
7551.349735749637 0.0
7556.131272313537 0.0
7560.909878433621 0.0
7565.691903443415 0.0
7570.470021188745 0.0
7575.252534644298 0.0
7580.032606066136 0.0
7584.815119557039 0.0
7589.595679424423 0.0
7594.379169771111 0.0
7599.160218083911 0.0
7603.943220055386 0.0
7609.92087362116 0.0
7614.705829273114 0.0
7619.487366070411 0.0
7624.273298577763 0.0
7629.055323820073 0.0
7633.840279541494 0.0
7638.625235280202 0.0
7643.409702625856 0.0
7648.196123629953 0.0
7652.980591010006 0.0
7657.766523638139 0.0
7662.552456283391 0.0
7667.339365766361 0.0
7673.322880541485 0.0
7678.109790062791 0.0
7682.895722780447 0.0
7687.682632335688 0.0
7692.471983959465 0.0
7697.258893548519 0.0
7702.049222026711 0.0
7706.836620059773 0.0
7711.625483340615 0.0
7716.415323458885 0.0
7721.202721542225 0.0
7725.995003745611 0.0
7730.78289027265 0.0
7736.77031260911 0.0
7741.562106456252 0.0
7746.351458268261 0.0
7751.142763738178 0.0
7755.9350460453 0.0
7760.7258631378645 0.0
7765.517168657222 0.0
7770.309451013699 0.0
7775.100756565859 0.0
7779.893527365434 0.0
7784.68727500205 0.0
7789.47906901354 0.0
7794.271351451648 0.0
7800.26463498427 0.0
7805.058871100316 0.0
7809.852130411802 0.0
7814.645878149792 0.0
7819.440114314257 0.0
7824.234350494798 0.0
7829.029563512129 0.0
7833.825264955857 0.0
7838.619989594831 0.0
7843.415202660136 0.0
7848.211880972506 0.0
7853.007582480026 0.0
7857.803772413799 0.0
7863.799498263675 0.0
7868.596176643439 0.0
7873.3923666285955 0.0
7878.189533450274 0.0
7882.987677108451 0.0
7887.785820782323 0.0
7892.582987651078 0.0
7897.380642945856 0.0
7902.178786666635 0.0
7906.977418813389 0.0
7911.776539386091 0.0
7916.573706332712 0.0
7922.574316526176 0.0
7927.372460328408 0.0
7932.17304619809 0.0
7936.971678441549 0.0
7941.773241162825 0.0
7946.571873436992 0.0
7951.372459368113 0.0
7956.174510545763 0.0
7960.973142865779 0.0
7965.775194073925 0.0
7970.576268476449 0.0
7975.376854483728 0.0
7980.178905737413 0.0
7986.180981415364 0.0
7990.9835211134605 0.0
7995.784107184917 0.0
8000.586646913106 0.0
8005.389675066729 0.0
8010.193191645763 0.0
8014.995731418888 0.0
8019.798759617368 0.0
8024.601787830739 0.0
8029.405792879856 0.0
8034.208332712499 0.0
8039.0123377912705 0.0
8043.81634288483 0.0
8049.821837682978 0.0
8054.6258428097135 0.0
8059.429847951145 0.0
8064.234829928145 0.0
8069.039323509343 0.0
8073.844793926062 0.0
8078.649287536474 0.0
8083.454757982357 0.0
8088.260716853237 0.0
8093.065698917721 0.0
8097.871657817605 0.0
8102.678105142415 0.0
8107.48357566074 0.0
8113.491024341984 0.0
8118.298936945008 0.0
8123.10489592053 0.0
8127.91036649991 0.0
8132.7177907354535 0.0
8137.5247265748085 0.0
8142.332150838879 0.0
8147.140551938122 0.0
8151.947487820144 0.0
8156.755400537288 0.0
8161.561848037146 0.0
8166.369272372075 0.0
8171.177673542055 0.0
8177.190494974107 0.0
8181.997919354755 0.0
8186.80534374941 0.0
8191.613744979017 0.0
8196.422146222587 0.0
8201.231035890583 0.0
8206.039925572491 0.0
8210.84979208927 0.0
8215.659658619916 0.0
8220.4695251644 0.0
8225.278414901712 0.0
8230.087304652809 0.0
8234.898148059658 0.0
8240.910481311297 0.0
8245.719371107027 0.0
8250.530214558448 0.0
8255.34105802353 0.0
8260.149947860229 0.0
8264.96079135256 0.0
8269.770658037462 0.0
8274.581501556939 0.0
8279.39332191098 0.0
8284.20318863649 0.0
8289.014032196506 0.0
8293.825852591024 0.0
8298.63669617795 0.0
8304.650006475213 0.0
8309.46182691333 0.0
8314.27364736481 0.0
8319.085467829635 0.0
8323.896311486726 0.0
8328.708131978154 0.0
8333.520929303906 0.0
8338.333726642908 0.0
8343.144570353019 0.0
8347.957367718442 0.0
8352.76918827598 0.0
8357.58198566773 0.0
8362.394783072614 0.0
8368.41004723134 0.0
8373.222844665677 0.0
8378.034665291989 0.0
8382.848439573485 0.0
8387.66123704691 0.0
8392.474034533318 0.0
8397.286832032682 0.0
8402.100606366075 0.0
8406.913403891289 0.0
8411.726201429397 0.0
8416.539975801465 0.0
8421.352773365283 0.0
8426.167524584127 0.0
8432.183765778196 0.0
8436.997540204708 0.0
8441.81131464397 0.0
8446.625089095956 0.0
8451.43886356065 0.0
8456.252638038026 0.0
8461.06641252806 0.0
8465.880187030729 0.0
8470.69396154601 0.0
8475.508712895018 0.0
8480.323464256595 0.0
8485.136261988455 0.0
8489.951013375108 0.0
8495.969208420725 0.0
8500.783959835486 0.0
8505.598711262708 0.0
8510.41150906006 0.0
8515.226260512121 0.0
8520.040035155418 0.0
8524.856740274548 0.0
8529.669538121398 0.0
8534.485266444048 0.0
8539.300017957838 0.0
8544.113792662747 0.0
8548.928544201075 0.0
8553.743295751643 0.0
8559.76051418056 0.0
8564.575265758578 0.0
8569.389040527583 0.0
8574.204768951095 0.0
8579.018543744367 0.0
8583.83427219211 0.0
8588.650000651942 0.0
8593.464752302647 0.0
8598.278527144195 0.0
8603.093278818953 0.0
8607.90803050571 0.0
8612.724735846843 0.0
8617.539487557537 0.0
8623.557683007375 0.0
8628.3734115661 0.0
8633.1881633155 0.0
8638.002915076768 0.0
8642.817666849882 0.0
8647.63339545604 0.0
8652.448147252782 0.0
8657.26289906131 0.0
8662.078627702827 0.0
8666.892402713633 0.0
8671.707154557385 0.0
8676.522883234074 0.0
8681.339588743687 0.0
8687.355830746224 0.0
8692.16960581833 0.0
8696.986311365776 0.0
8701.80008646109 0.0
8706.615815210469 0.0
8711.429590328908 0.0
8716.245319101381 0.0
8721.059094242864 0.0
8725.874823038353 0.0
8730.689575024062 0.0
8735.504327021223 0.0
8740.319079029825 0.0
8745.132854228568 0.0
8751.15202688556 0.0
8755.965802109915 0.0
8760.781530988166 0.0
8765.596283056477 0.0
8770.410058314821 0.0
8775.224810405736 0.0
8780.03858568664 0.0
8784.852360978794 0.0
8789.668089924755 0.0
8794.480888418066 0.0
8799.294663743856 0.0
8804.110392723409 0.0
8808.924168071531 0.0
8814.941387272336 0.0
8819.755162645488 0.0
8824.569914851032 0.0
8829.383690246344 0.0
8834.197465652715 0.0
8839.012217891428 0.0
8843.825016498538 0.0
8848.638791937956 0.0
8853.452567388353 0.0
8858.265366028387 0.0
8863.079141500682 0.0
8867.892916983903 0.0
8872.706692478025 0.0
8878.723911860983 0.0
8883.537687379574 0.0
8888.349509266342 0.0
8893.163284806595 0.0
8897.976083536321 0.0
8902.78888227683 0.0
8907.601681028105 0.0
8912.415456611474 0.0
8917.227278562881 0.0
8922.039100525002 0.0
8926.85287614051 0.0
8931.664698123994 0.0
8936.477496939488 0.0
8942.492762857793 0.0
8947.305561697196 0.0
8952.117383725841 0.0
8956.92920576506 0.0
8961.741027814842 0.0
8966.550896232424 0.0
8971.364671946012 0.0
8976.17551720599 0.0
8980.986362476455 0.0
8985.799161400142 0.0
8990.60902987015 0.0
8995.420851993349 0.0
9000.231697305579 0.0
9006.245986576532 0.0
9011.05585509075 0.0
9015.86670043671 0.0
9020.676568971621 0.0
9025.488391159637 0.0
9030.29923653657 0.0
9035.108128280996 0.0
9039.918973678487 0.0
9044.729819086231 0.0
