calculator/instruments/lris/plaintext_files/red_D680_1200-9000.txt
# %ECSV 1.0
# ---
# datatype:
# - {name: WAV, unit: Angstrom, datatype: float64}
# - {name: EFF, datatype: float64}
# meta: !!omap
# - {DICHROIC: D680}
# - {GRATING: 1200/9000}
# schema: astropy-2.0
WAV EFF
[from data line 426]
8060.3773213306795 0.2865211215623729
8061.988190727453 0.28772767076197775
8063.600037002403 0.2878405455214568
8065.212371717272 0.2868855815388107
8066.824706433787 0.2862618660954542
8068.435575837148 0.2864439921328365
8070.045956803888 0.2877069179118971
8071.657803087071 0.28656797363056624
8073.270626248438 0.2855452996447684
8074.881007220104 0.2856011320118765
8076.89630351877 0.2857028115411552
8078.506684494125 0.285704040816409
8080.118042347656 0.28655847082412683
8081.728423326284 0.28738225912927257
8083.34075805963 0.2856508620500912
8084.95211591807 0.2850322811288892
8086.562496901601 0.28614559957507973
8088.172877886765 0.2881560165193242
8089.784235750102 0.28702997435103056
8091.396570491619 0.2855784262802223
8093.0074399199475 0.2852030227129452
8095.021270926783 0.28615173572830455
8096.6311634822205 0.2860690879220828
8098.24252135411 0.28704268083020357
8099.85339078935 0.28638316784290635
8101.465237102768 0.2853975142365009
8103.0751296646995 0.2854489879752184
8104.68551066653 0.28746816120410723
8106.296380108258 0.28699138176584155
8107.907249551604 0.28608054764991525
8109.51860743485 0.2848899902853015
8111.532926900756 0.2847805365607204
8113.14233103452 0.2851121876231546
8114.753200484743 0.28558596330675107
8116.362116183451 0.287080897840021
8117.974450951743 0.2854119008702576
8119.584343530239 0.28534239983588516
8121.194724548626 0.28631809011779996
8122.804617130341 0.28662787628376546
8124.415975028512 0.28559427081021266
8126.026356051725 0.28488312644920305
8127.635760199978 0.28619310638708967
8129.648614373686 0.28530598371660193
8131.258506963831 0.2858522675507879
8132.8679111172905 0.2871311503886481
8134.479757463785 0.28537883087706
8136.089161620448 0.2857232700406177
8137.699542655282 0.28468547369268915
8139.308946815141 0.28564276851613246
8140.919816291461 0.2850112317960968
8142.529220454512 0.2855392157851858
8144.138624619157 0.28520725416810816
8145.747540347104 0.28655470443911096
8147.760882981587 0.2853932010876109
8149.370287151407 0.2849746250148211
8150.981156637694 0.28417481176282344
8152.5900723724035 0.2844089030431834
8154.198499670405 0.2864326695029975
8155.808392284873 0.2857161929333107
8157.418284900927 0.2850395349272924
8159.027689080275 0.2844749363859121
8160.637093261205 0.28619792569060504
8162.246009005425 0.2854183936231327
8163.856878504408 0.28398686021502806
8165.867290531437 0.28421595040024233
8167.477671595681 0.28381911890192585
8169.085122031724 0.2852681353474137
8170.693060907638 0.2859188679470353
8172.303930414917 0.28447692901012156
8173.91235773228 0.28479839348560415
8175.519808174616 0.286688720842459
8177.129212371723 0.2854453149564929
8178.739105008702 0.28475609202399743
8180.347043894052 0.2847016779923644
8182.358432817851 0.28463711041911144
8183.966371706729 0.2853210063627597
8185.574799035475 0.28488043163113136
8187.184203242395 0.28475936706816923
8188.7921421359715 0.28461238567948055
8190.399592592806 0.28569684307769944
8192.007531489504 0.28541371874985655
8193.616935702681 0.2844426643756742
8195.2243861642 0.28475882926355717
8196.833301942193 0.28478753244535443
8198.441240845134 0.28563002379296193
8200.450676037693 0.2870378550521157
8202.060568697367 0.2834917782010802
8203.666553852136 0.2847362479055894
8205.273515885074 0.2860025788234686
8206.882431672793 0.2845427891392897
8208.490370585452 0.28452612774382224
8210.097332623041 0.2861309464039984
8211.704294662184 0.28550780154916494
8213.314187332735 0.28404655931769174
8214.920172498349 0.2847724300241189
8216.52713454213 0.2854961268270781
8218.536569756496 0.2855125651881036
8220.14353180375 0.28484123952824725
8221.751470729174 0.2855377819081185
8223.358432779516 0.28416776239483976
8224.965394831393 0.28566142656038646
8226.572356884817 0.2850198146628391
8228.179318939778 0.2850151592393599
8229.784327243015 0.2862363374453622
8231.391289301046 0.28692047877110843
8232.999228237246 0.28492919498580543
8234.605213421717 0.2856944320217078
8236.61464865773 0.28432730924326
8238.220633845649 0.28569373635499107
8239.826619035099 0.28431825823705276
8241.432604226075 0.28570189268218815
8243.03858941858 0.2864073959879936
8244.644574612616 0.2857459324651475
8246.252513561452 0.28450720526614487
8247.857521881899 0.2867612432047546
8249.462530203868 0.28681905698070803
8251.069492280641 0.2860986462199423
8252.67352372901 0.2867219214006907
8254.681982109862 0.2859023370989287
8256.28796731494 0.285939052176351
8257.893952521536 0.28524820882615365
8259.498960853003 0.28584229883331286
8261.103969185986 0.28658358965037023
8262.709954397134 0.2853118520171628
8264.314962733148 0.28623253426683876
8265.918994194022 0.28832465349895325
8267.525956286365 0.28548019607690817
8269.12998775026 0.2862427175807103
8271.136492397234 0.28632839699234736
8272.741500741182 0.2863697203055745
8274.345532209978 0.28707825952814603
8275.950540556938 0.2869764882881334
8277.555548905406 0.28621814598206297
8279.159580378719 0.28693214379638843
8280.764588730195 0.28644083872504006
8282.369597083172 0.28660930479161995
8283.97167480767 0.2880770963387989
8285.576683163652 0.2872820126800885
8287.180714644468 0.2871413180203335
8289.185265559265 0.28762378185524046
8290.789297043453 0.2869492343305386
8292.3943054058 0.2864257330148481
8293.998336892982 0.2867264554708156
8295.600414628316 0.28832928967674454
8297.205422995148 0.28629485405068167
8298.807500733466 0.2876137041638272
8300.411532226615 0.2868785195464067
8302.016540597924 0.28690952054547103
8303.617641464032 0.2884262480861565
8305.221672961648 0.28779969772813363
8307.22622389742 0.2872406314559701
8308.829278521704 0.2860040497653063
8310.431356270794 0.2882633883757011
8312.034410898046 0.2875315924011686
8313.636488650101 0.287375492468286
8315.239543280315 0.28729029664150574
8316.842597912007 0.2887145086777906
8318.4446756685 0.2881183066276544
8320.045776549785 0.2890556720398187
8321.648831185912 0.288534639768721
8323.25090894683 0.2893739615842458
8325.252529273368 0.28926203621361274
8326.855583914286 0.2885361332851382
8328.456684803305 0.2885656013308063
8330.057785693794 0.28941213398365756
8331.66084033913 0.2895259777135535
8333.261941232557 0.28960490648063403
8334.86304212745 0.2902786813824918
8336.4651199005 0.2882062285541688
8338.066220798328 0.2897267054831788
8339.667321697616 0.2899308397381775
8341.669918919655 0.28863028139539226
8343.27004294554 0.28934840891856745
8344.870166972885 0.2907676680710885
8346.47322163178 0.28869881889105925
8348.072368785346 0.28943492761933515
8349.673469693766 0.28931315228526366
8351.273593726943 0.2886193311919195
8352.872740884875 0.29012464329732823
8354.474818674365 0.2889254744896592
8356.073965835203 0.29037439127943393
8357.674089874194 0.2903220499210159
8359.674733363327 0.28970386525192815
8361.273880528879 0.2897349541468978
8362.874004572584 0.28982964708190795
8364.473151741031 0.29079728313648273
8366.072298910925 0.2917055055459533
8367.67242295897 0.2904238798452166
8369.272547008466 0.29046083631102737
8370.871694182695 0.2904870167298972
8372.470841358363 0.2905281789917534
8374.069011658763 0.29135473288030567
8375.668158837316 0.2914182312931469
8377.66587171664 0.2915103926205335
8379.265018898426 0.29166358731698483
8380.86318920494 0.2917335404614395
8382.462336389604 0.29173412792214326
8384.060506698987 0.2916302575203849
8385.658677009804 0.2917703584688074
8387.25684732205 0.2919499352141535
8388.85501763573 0.2920836900739556
8390.452211074124 0.29337919143127383
8392.050381390665 0.29176048138108973
8393.649528585356 0.29101422718388525
8395.645287731382 0.2917507269224259
8397.24248117584 0.2925271228404745
8398.840651498449 0.2911905568107763
8400.437844945756 0.29132012015643843
8402.03406151776 0.29289907832408335
8403.632231844638 0.2916576750624193
8405.228448419482 0.2932082918460701
8406.82466499575 0.2933405160409703
8408.420881573431 0.29354575270229183
8410.01807502926 0.2934987087165214
8412.013834193493 0.2926762734909669
8413.610050775778 0.29336765967198836
8415.206267359477 0.2935376375996306
8416.801507067858 0.2937202226293748
8418.397723654383 0.29390951897552325
8419.992963365581 0.29479598347611485
8421.591133708405 0.2927375764882495
8423.185396545688 0.29416213042431943
8424.780636261114 0.29409168693883997
8426.375875977948 0.2940418047904463
8427.971115696191 0.2940837989423302
8429.964921126779 0.29488478036606985
8431.560160848181 0.294154900653577
8433.155400570982 0.2933534652157076
8434.749663418444 0.29488172168937304
8436.34490314405 0.2928343684028467
8437.93916599431 0.2936858393087824
8439.533428845969 0.29372134618432727
8441.127691699025 0.29375357264924334
8442.720977676727 0.29380103418325737
8444.315240532573 0.29384691304595867
8445.910480266566 0.2931422817022706
8447.901355086577 0.2944942551480097
8449.495617946952 0.2953419953740054
8451.087927055212 0.29473384507803396
8452.681213041613 0.29557762585146435
8454.274499029409 0.29498281842017393
8455.867785018585 0.2957750814703272
8457.460094132397 0.29502160659830773
8459.053380124351 0.2956939537442382
8460.64568924093 0.2964223363176449
8462.238975235652 0.29508233387463545
8463.831284354997 0.2951559203098891
8465.82118231774 0.2958749346266775
8467.413491440191 0.29650554155923653
8469.005800564022 0.29597722038605156
8470.598109689234 0.2961302053591629
8472.189441939056 0.2969447780401906
8473.78175106702 0.29610856240144184
8475.372106442826 0.29676025460599265
8476.963438696772 0.2960198923301517
8478.555747828861 0.29518418714963396
8480.146103208785 0.2951320268695973
8482.135024312382 0.29600268222221127
8483.725379695388 0.2968863916388458
8485.316711956531 0.2961913533082154
8486.905113588728 0.2975597249528024
8488.49742272938 0.2962210935716971
8490.08777811785 0.2955638831716938
8491.67715663091 0.29627741918428246
8493.267512022112 0.2955855906886822
8494.857867414672 0.29636767921636403
8496.44724593182 0.29717469392265444
8498.036624450326 0.2963085037194161
8500.023591819563 0.29624529958650353
8501.61297034113 0.2956580499274023
8503.202348864046 0.2957234923497206
8504.789773634759 0.29789081072932494
8506.379152160389 0.2970341122828345
8507.969507564158 0.29564551422405816
8509.55693233893 0.29642393671420025
8511.14435711505 0.29715107505391264
8512.73373564609 0.29635116420108665
8514.32116042491 0.29705594093196813
8515.909562081864 0.29719440293736193
8517.894575716558 0.2979473660480896
8519.482000499755 0.29642734498767076
8521.069425284297 0.29706308750446514
8522.656850070181 0.2971396856620413
8524.245251734204 0.2957337634732488
8525.83072276919 0.2979102914246494
8527.417170682305 0.29730256017412043
8529.005572350354 0.29594654723213204
8530.592020266155 0.2973868712016811
8532.177491306491 0.29718571617483
8533.763939224964 0.29769688408171474
8535.74797600173 0.29536379901894233
8537.33344704641 0.29765488823302916
8538.91891809242 0.2969446739065468
8540.506342893366 0.29610495634746414
8542.091813942043 0.2959744385377031
8543.675331238444 0.29739027200682727
8545.260802289778 0.29752896852425736
8546.847250219245 0.29688864622047784
8548.430767519629 0.2976841309007783
8550.016238574946 0.29695019105448794
8551.997344738355 0.29696712339034526
8553.580862043042 0.2976745373523841
8555.166333102665 0.29758900286119394
8556.749850409995 0.2974079609958765
8558.333367718646 0.2972228337033695
8559.916885028613 0.297073305871495
8561.502356093524 0.2957833809031795
8563.08489652932 0.2974785625864332
8564.668413843243 0.29762715133213713
8566.251931158482 0.2975171775117649
8567.834471598224 0.2980511210730144
8569.812647149743 0.2979852949592273
8571.396164469252 0.2972648087953394
8572.979681790079 0.2971845549156728
8574.560268481757 0.2983473175516369
8576.143785805203 0.2961396932550012
8577.726326253136 0.2976807413719518
8579.306912948738 0.297706071570224
8580.889453399286 0.2962506649968712
8582.47101697432 0.2977002506072261
8584.051603673834 0.29678545046772065
8585.633167251477 0.2981877987620189
8587.60938906774 0.29748169190471685
8589.191929525137 0.29685977231085625
8590.772516230183 0.29602346741113056
8592.353102936528 0.2972751893907803
8593.932712767342 0.2976746820482716
8595.51329947628 0.2961034269248549
8597.092909309687 0.2968838642013919
8598.674472898048 0.2971146424107281
8600.253105857213 0.2971495642997467
8601.8327156945 0.29629715757768266
8603.41134865625 0.29905534680982054
8605.386593613912 0.2968164735536763
8606.966203455397 0.2961674151536543
8608.543859544498 0.29831306219127857
8610.12346938856 0.2959820587846314
8611.701125480235 0.2973023116997789
8613.27975845003 0.2972373353673705
8614.85839142111 0.29710994496667625
8616.436047516638 0.29619164120210223
8618.014680490287 0.29681337009499975
8619.593313465217 0.294613108573429
8621.564650932 0.2969301445548446
8623.140353279285 0.29758924609792337
8624.720940012065 0.29458166981884204
8626.295665485059 0.297429175307478
8627.873321589863 0.2957984397664807
8629.449023942248 0.2963955303815545
8631.028633803295 0.2940986268054177
8632.602382404537 0.2968952754057916
8634.178084760742 0.2967891195837051
8635.753787118216 0.2967235632145242
8637.330466353813 0.2958939042524643
8639.30082696167 0.2958054641914215
8640.875552446418 0.2950325288753994
8642.451254809288 0.295629209021598
8644.026957173424 0.29408594704502045
8645.602659538823 0.29407068805477765
8647.175431274925 0.2962117149683291
8648.751133642852 0.2946501048946046
8650.323905381476 0.2959422315061554
8651.897653998212 0.29584886807458677
8653.473356369926 0.2943252688199752
8655.047104989184 0.29504019794768493
8657.012581230521 0.2956625561059872
8658.587306729465 0.29482072426731093
8660.161055352808 0.2939892220446605
8661.73480397741 0.29397828684525046
8663.305621972671 0.29619274332090456
8664.879370599778 0.29551232880532635
8666.451165474406 0.29539354870998014
8668.022960350285 0.2959527963062556
8669.595732104279 0.2950947186664407
8671.16948073639 0.2927199689375604
8672.740298739147 0.29395873160290253
8674.703821244342 0.29482233541395286
8676.275616126772 0.29483845030283945
8677.846434133573 0.2940641304919057
8679.418229018489 0.2938974539393109
8680.990023904651 0.293806340692755
8682.559865038305 0.2944801635522535
8684.130683050076 0.2943199050151505
8685.700524186213 0.2941836045138617
8687.270365323588 0.2940717780997443
8688.839229585323 0.29555563631557463
8690.80275210642 0.29335993370698277
8692.371616370938 0.2948044576441191
8693.942434390441 0.2939853965017375
8695.509344903667 0.2952739377647775
8697.079186048757 0.29428140811153874
8698.647073441323 0.29414174033709034
8700.214960835117 0.29478714834753006
8701.783825107019 0.29403139169996234
8703.351712503269 0.29383842012079475
8704.921553654514 0.29225290754876704
8706.488464176335 0.2930365011454769
8708.449056084102 0.2929522446520291
8710.01498973179 0.2942326074724105
8711.581900257584 0.29393951205671576
8713.148810784605 0.29384006098045395
8714.716698189732 0.2923521446632775
8716.281654965414 0.293893155651088
8717.847588619205 0.2946655095826679
8719.4144991511 0.2939134275101501
8720.980432807322 0.2937544327451565
8722.546366464763 0.29282232338510844
8724.112300123417 0.2918883683393754
8726.068984540774 0.29322827894281916
8727.633941325268 0.2933500866623231
8729.19889811097 0.2934621508936165
8730.763854897887 0.29335587571294625
8732.327834809117 0.293902316573162
8733.894745352245 0.2915126286957596
8735.457748388993 0.2930547933529707
8737.020751426944 0.29373576257903083
8738.5837544661 0.29430886177718685
8740.148711260266 0.29268939800703786
8741.711714301833 0.2926243724653774
8743.66449122858 0.29340026856236623
8745.226517395946 0.2940477385123255
8746.789520441416 0.2932624469185646
8748.352523488089 0.2932498207676963
8749.915526535959 0.291839597636241
8751.477552708122 0.29259719313273597
8753.039578881482 0.2925852818184005
8754.599651302226 0.2938324129629168
8756.161677477976 0.29288371877872615
8757.723703654921 0.2927800743664216
