calculator/instruments/lris/plaintext_files/red_D680_400-8500.txt
# %ECSV 1.0
# ---
# datatype:
# - {name: WAV, unit: Angstrom, datatype: float64}
# - {name: EFF, datatype: float64}
# meta: !!omap
# - {DICHROIC: D680}
# - {GRATING: 400/8500}
# schema: astropy-2.0
WAV EFF
5528.693633752038 0.0
5533.242674944685 0.0
5537.789762545931 0.0
5542.340269054452 0.0
5546.890287198292 0.0
5551.443235840291 0.0
5555.994719299402 0.0
5561.685661014379 0.0
5566.237632981275 0.0
5570.791070218925 0.0
5575.346949545296 0.0
5579.902828915209 0.0
5584.460661964668 0.0
5589.0180066484345 0.0
5593.576816602537 0.0
5598.135138190718 0.0
5602.694436639998 0.0
5607.253246723126 0.0
5611.814010485261 0.0
5616.374285881028 0.0
5622.080368992142 0.0
5626.643574938023 0.0
5631.20726933535 0.0
5635.7719405931 0.0
5640.337100302103 0.0
5644.903236871349 0.0
5649.469861891655 0.0
5654.035998544722 0.0
5658.605065694156 0.0
5663.173644476162 0.0
5667.742711708841 0.0
5672.312755801214 0.0
5676.883288344071 0.0
5682.600605558239 0.0
5687.172603421216 0.0
5691.74606655264 0.0
5696.31904131588 0.0
5700.892992938251 0.0
5705.470363465414 0.0
5710.047245624124 0.0
5714.624616232572 0.0
5719.200033244855 0.0
5723.778380752478 0.0
5728.359658755412 0.0
5732.9380063435265 0.0
5737.5183076084295 0.0
5743.245393677941 0.0
5747.826183441899 0.0
5752.408438473206 0.0
5756.994600817784 0.0
5761.577344337603 0.0
5766.161064715322 1.7811354118637073e-09
5770.749669224547 -2.477200344611996e-08
5775.334366499439 5.404118670098921e-06
5779.920529041197 2.8061157105992178e-05
5784.509622077426 0.0018397259500814956
5789.095784697373 0.001939720522883714
5793.686343039328 0.0019218283270662272
5798.275924601713 0.0019164736013505949
5804.01473314387 0.0019039772926284463
5808.602849565655 0.0019120733767784973
5813.197315346196 0.0018949863625305058
5817.78933911901 0.00190840640086903
5822.384293385757 0.0018891143009023875
5826.976317235281 0.0018899760986117885
5831.572248397116 0.0018968085707626967
5836.166225960035 0.001903442670334951
5840.764110835163 0.0019074323645046388
5845.358088474068 0.0019358165707818327
5849.95743865289 0.001923594369440909
5854.552881595252 0.0019406590620835952
5859.155162305317 0.001936490706072634
5864.904716483125 0.0019544588978200783
5869.502601594101 0.0019604883288838943
5874.104394016875 0.0019747345292489196
5878.70618647699 0.00198179608806144
5883.307490565048 0.0019941320191180336
5887.911725146134 0.0020149711686893836
5892.514494536365 0.0020099946228149747
5897.118729191537 0.002010775137403014
5901.72442911159 0.0020293813392374357
5906.329152249818 0.0020595086763573376
5910.935829062104 0.0020744256364317653
5915.543971139062 0.002081748642506857
5920.150159615244 0.0021064549654053267
5925.911924638842 0.00212621718471551
5930.52006683437 0.002150303996467197
5935.12967429424 0.002171235482725402
5939.7417238371145 0.0021756874955260793
5944.352308188066 0.0021838419674423226
5948.962892575061 0.002229641891764865
5953.574942226117 0.0022353489522921282
5958.190410778665 0.00225353905458559
5962.803925729553 0.0022795073123777427
5967.417929125547 0.002304742223212832
5972.031444147794 0.002329865336512084
5976.646912843137 0.0023474870914567255
5981.265312030308 0.0023780187737720082
5987.035869017115 0.0024067473269432623
5991.653291465074 0.002435780838287953
5996.272179176466 0.0025039928896067
6000.892532151229 0.0025010564114070874
6005.513373570489 0.0025112834948861204
6010.133238205925 0.002536611261819334
6014.7540796951 0.00256996655686755
6019.375898037944 0.002601363173790476
6023.997716415543 0.0026363417917318263
6028.620511646668 0.002677325559219381
6033.244772140685 0.0026992262505485445
6037.869521078666 0.002722601007292882
6042.493781641657 0.002748795012676405
6048.277526259811 0.002788886254632007
6052.904717356694 0.002829921518419251
6057.531420078329 0.0028625973355008976
6062.158611243531 0.00289160383237553
6066.786290852224 0.002920182643431251
6071.414458904335 0.002964230790142991
6076.043115399791 0.0030053902050136794
6080.673725566922 0.0030301988737203873
6085.304824177273 0.003093139940379962
6089.937388049719 0.0030963627378291546
6094.57044036525 0.0031520526232326576
6099.202515895337 0.0031966277279266487
6103.836056687316 0.0032104622629420465
6109.628104826575 0.0032860979903873424
6114.263599331495 0.0033249787174768138
6118.898605460123 0.003359811233317988
6123.537030488387 0.00339130132750026
6128.173501911714 0.0034191564098461666
6132.809484958503 0.003451314876606535
6137.447421676234 0.0035286787625964174
6142.085846836311 0.003582709543454451
6146.726714076747 0.0035974698469555277
6151.366604530845 0.003658382631690735
6156.006006608036 0.003744079901534315
6160.647362355876 0.00456324204591061
6165.28969495526 0.006044278742737252
6171.092000238135 0.004170984750606881
6175.735309729405 0.003952958250843537
6180.379107662466 0.004037754669563537
6185.022905627699 0.004069709102110138
6189.668657263229 0.004117555272526673
6194.314897340355 0.0041851310199057575
6198.960160630335 0.004278542558953815
6203.606400771313 0.004330388677129387
6208.256059811056 0.004412740791682826
6212.901323196469 0.004499101468874767
6217.551470709237 0.0045917484354534065
6222.20064143449 0.004668398106551015
6226.850300600861 0.00478090167954116
6232.66383983182 0.0048739067115011496
6237.315452707246 0.004971052519268602
6241.966088794821 0.005094393736121599
6246.6196553711825 0.005214579463313369
6251.272733569147 0.005341858775566709
6255.92581179823 0.005504547181090923
6260.58084369676 0.005625824911152845
6265.235875626281 0.005740073751240134
6269.890907586721 0.005874690309090111
6274.546916397223 0.0060338334133478175
6279.203902057734 0.0061933309969384055
6283.860887748965 0.006391442674859596
6288.519338699701 0.006553598936115778
6294.341669816692 0.0067826763908511445
6298.999632426517 0.007029958030356099
6303.660525524547 0.007208705919821221
6308.320441833689 0.007457667436644831
6312.980846582764 0.007692721881627374
6317.643205000631 0.00795537560960101
6322.305075039036 0.008196848752149455
6326.968410336484 0.00849804803834575
6331.630768844681 0.008792976037731225
6336.296057840765 0.00907713850363221
6340.960370047464 0.009406116601363276
6345.625170693668 0.009791857099373817
6350.290948188979 0.010131523189208529
6356.123536407154 0.010584277719329046
6360.791267607919 0.010960238917605265
6365.45704519958 0.01137294089996836
6370.1252648691125 0.01180402771250608
6374.794949797131 0.012277347416190824
6379.463657935188 0.012700197392665574
6384.133831331616 0.013131710533007511
6388.803516347623 0.013607968586807408
6393.475155031587 0.014109026097332087
6398.146305334999 0.014581825175056969
6402.818920896573 0.015112815472982854
6407.491536487166 0.015641369185687554
6412.164640516414 0.016182994876728203
6418.007485822711 0.01685523877359939
6422.681566736287 0.01744854126698629
6427.356624498037 0.017995634072933475
6432.032170698192 0.01854828034623317
6436.709182156133 0.01915117003105406
6441.385216823205 0.019740590353882606
6446.062716747955 0.020264665838939645
6450.74070511088 0.0208718873892782
6455.419181911927 0.02152747424486576
6460.098635560767 0.022106660811077965
6464.777600828143 0.02268674209906381
6469.457054533457 0.02342364272247818
6474.137485086398 0.023947706186201338
6479.990099058484 0.024635369661564377
6484.672483313535 0.025220010828168594
6489.354867596544 0.025860440914573977
6494.038717136715 0.02641354457836316
6498.721101475458 0.02705088547861319
6503.403974251725 0.027665324797909886
6508.089289104519 0.028289513538311536
6512.774603984983 0.02886997617978916
6517.459918893049 0.029408369285573
6522.146699057975 0.030076782766130346
6526.83396766017 0.030691230932866506
6531.521724699575 0.03128430049487654
6536.209481766361 0.03184377826388458
6542.06991075292 0.032740773678298585
6546.759133110435 0.03330141554581926
6551.4498207245115 0.03398506692569815
6556.139531546139 0.034698919237517355
6560.830707624224 0.035362085102184054
6565.52188372933 0.036123981658955986
6570.213548271195 0.03683699610926494
6574.905701249767 0.037567091102555156
6579.598831074798 0.03846179899163043
6584.291472516812 0.03926439164462437
6588.984602395367 0.04012677919033886
6593.680662759485 0.04102646748316714
6598.376234740429 0.04200904477260615
6604.244967139239 0.043183461627601734
6608.942004409358 0.04421613437732763
6613.639530115761 0.04528100026584141
6618.336079028902 0.04645568884223543
6623.033604788035 0.047616349716109625
6627.732107393117 0.04868202457170267
6632.429144794913 0.05019061498480377
6637.129601091748 0.05146759471936024
6641.830057414712 0.05294432425004761
6646.530513763748 0.054411475181186164
6651.23194695849 0.055836658227152745
6655.931426539789 0.057647692833180324
6660.633836606094 0.059375431574120736
6666.512826045044 0.06170862256992668
6671.216701399025 0.06353475170632686
6675.920088368881 0.06551285112522821
6680.622498544677 0.06774459174980381
6685.326862385554 0.07001750543904861
6690.034156711224 0.07238657964972187
6694.739985832814 0.07476733011063215
6699.443861340365 0.07759009519136532
6704.152132562217 0.0801884685668582
6708.859915399566 0.0831177807356763
6713.566233032576 0.0860311767997092
6718.274504330374 0.08930627243015475
6722.984240883049 0.0925433860497302
6728.871045301854 0.09699287713766691
6733.579805091276 0.10070589946324913
6738.2905185453155 0.10462233219938086
6743.002697254048 0.10839010410531155
6747.711457118408 0.11281215355924643
6752.423635876968 0.11738123748959074
6757.13679148018 0.12153642005585041
6761.849947108183 0.1262733040834057
6766.564567990663 0.13124343978537492
6771.274793208596 0.13670187836380826
6775.990879370145 0.14195652566446063
6780.70550032653 0.14719017279472513
6785.420121307447 0.1529883032468671
6791.316694335007 0.15994773817420918
6796.030826961001 0.1656783958676015
6800.749843710663 0.17209080868911594
6805.465441615124 0.17834649005575295
6810.183481593523 0.1848544914934825
6814.902010006086 0.19105310748271426
6819.620538442823 0.1973868439309354
6824.340532133512 0.20377178801644016
6829.059060618445 0.2106189160063485
6833.780031177137 0.21683406133178884
6838.500024939912 0.2236598465202078
6843.221972366424 0.22986926573449726
6847.942942996912 0.236317403092122
6853.845865753377 0.24401005698329425
6858.568301667291 0.25013255374144644
6863.291226014891 0.2563455075681385
6868.015127206101 0.2623507213578554
6872.739028420941 0.2675998202202817
6877.4643948892735 0.2731137577003043
6882.188784561199 0.2779367739331023
6886.916593126442 0.28263749179984987
6891.6409828452925 0.287571025230453
6896.365860997498 0.29216023521208007
6901.094646452908 0.29597061434651056
6905.820013061726 0.30008895561401805
6910.549286973688 0.30301984747484156
6916.459047858813 0.30729519056284504
6921.188810232929 0.30968633554072356
6925.918572630156 0.31316454242650055
6930.647358230438 0.3148538215392007
6935.37663226372 0.31756412604566
6940.107859959969 0.31957117723450534
6944.838599269131 0.3208964020064731
6949.569827011167 0.3224664544541876
6954.303008416069 0.32408173193157624
6959.034724613719 0.32501797509382296
6963.767417654124 0.325855289520815
6968.502064357287 0.326626025422876
6973.235245853042 0.32730705705366736
6979.152821677051 0.32832617415098075
6983.886980043621 0.3287348012164135
6988.622603662765 0.32935435748428377
6993.35822730436 0.3294064239499345
6998.094339378396 0.3292476678438679
7002.829963064758 0.3298222207651417
7007.569005643687 0.3295798084845612
7012.305606194709 0.33002532231343223
7017.0426951779955 0.32985675710859474
7021.780761003544 0.3300789232578931
7026.520292081374 0.3296963510840837
7031.260311591352 0.32983217907692386
7035.998865893236 0.32966596985783525
7041.922303006552 0.32972988010355714
7046.663299408149 0.32990745635951485
7051.405272651779 0.3293771961589747
7056.146757507225 0.3295442014191462
7060.888730794557 0.3296040314427631
7065.629727283541 0.3298965900759995
7070.3726774345205 0.32934192237819304
7075.115627607199 0.3295160490350861
7079.859554621668 0.32957013575765465
7084.603481657753 0.3292704749251234
7089.347897125481 0.3296644063479871
7094.092801024811 0.32992810127703115
7098.837704945626 0.3299191769107902
7104.768956979304 0.3302789426428726
7109.5153261785445 0.32980691047629573
7114.262183809219 0.3296306276263422
7119.0090414612 0.33004599972270315
7123.756387544533 0.3305153017220688
7128.503733649085 0.3304620372607846
7133.252056595005 0.3306402383790974
7137.999891151963 0.33083371456278576
7142.749679370413 0.3307321608966214
7147.49897919982 0.3307515887747213
7152.248279050239 0.3307805448055161
7156.999532562053 0.33076569782422904
7161.748832454368 0.33094973338087874
7167.687899399679 0.33085796731911643
7172.4391529793775 0.33113221241791574
7177.190406579867 0.3313651918202852
7181.943613841586 0.3313035884060953
7186.696821124026 0.3310890062366057
7191.449051606903 0.33148355859539286
7196.203724161031 0.33106080182917885
7200.955954685132 0.33129394572677096
7205.710627280418 0.3310663062514641
7210.465299896222 0.33104814355755996
7215.219972532503 0.3310372828779123
7219.974645189217 0.33141097544754267
7224.73127150687 0.3310180770798932
7230.677176535099 0.3308258305668446
7235.432826078224 0.3308883105105187
7240.1894524618965 0.3312391630764247
7244.947544096232 0.33069207014095126
7249.705147340613 0.3310787273053197
7254.464215835594 0.3307601533834075
7259.222307530386 0.3302521903715979
7263.980399245247 0.3306647121040188
7268.740444620758 0.3301254143550499
7273.500490016273 0.3302455285599832
7278.259558611422 0.3303590392798902
7283.019115636642 0.33042112690505876
7287.7801379122275 0.3302670230400959
7293.73239260494 0.3301655306198616
7298.494391745453 0.3300832874990673
7303.25541408538 0.33024746015111867
7308.017413265362 0.33015801666319045
7312.780389285369 0.3297727884564446
7317.543853735193 0.32957494754518407
7322.307318204624 0.32998088903283185
7327.069317463075 0.3300404270557369
7331.835224022505 0.32973527719443
7336.598688550509 0.33008335203700584
7341.363618328519 0.3300421757870413
7346.128059715753 0.3304211485939164
7350.894454763121 0.33015380509874676
7356.851593881695 0.33001775948471146
7361.618477382729 0.3299727293383696
7366.384384082627 0.33044042760410675
7371.151756032336 0.33054448104971207
7375.91912800123 0.3303531542799143
7380.6864999892705 0.3303813339825527
7385.45533722703 0.330821812340066
7390.222709253246 0.3312133913190726
7394.992523349538 0.33065399523837147
7399.762825875046 0.3311433552642854
7404.531174778673 0.3312451282267713
7409.300012111432 0.3315013165456515
7414.071291514163 0.33118517669163533
7420.034780281321 0.3316964952147779
7424.804106085549 0.3322443705508169
7429.575873959654 0.33169869695841275
7434.347153442276 0.3326584477600894
7439.118921353826 0.3324876306351571
7443.890689284041 0.3329160650638886
7448.665387694268 0.33253129171815965
7453.436667251474 0.33320267462187303
7458.21087728864 0.3329898157471104
7462.984110523865 0.333460217282457
7467.756366957097 0.3339730857693806
7472.532042280455 0.33386774126465
7477.305275571033 0.33431874127843614
7483.2746255689935 0.33422289963801705
7488.049324131611 0.33515954616135746
7492.824999533023 0.33461270052012415
7497.602140183463 0.3345376138565147
7502.376838800886 0.335330560918841
7507.153979487771 0.3351149259852028
7511.930631782569 0.335670183088449
7516.7067956852425 0.33597128175018587
7521.485890067565 0.33492800807667084
7526.262542416658 0.33558990421437096
7531.04066001456 0.33587938774324677
7535.81975445099 0.3356174768838054
7540.596895264322 0.33606850103306984
7546.571618075491 0.3360631313546688
7551.349735749637 0.3362828336719503
7556.131272313537 0.33623129200096247
7560.909878433621 0.3358576789991233
7565.691903443415 0.3359134967748454
7570.470021188745 0.3360646127495324
7575.252534644298 0.3357816396099415
7580.032606066136 0.3360155986161594
7584.815119557039 0.33572523891878947
7589.595679424423 0.335809148688061
7594.379169771111 0.3354263981758432
7599.160218083911 0.3354711258539122
7603.943220055386 0.3352602647763044
7609.92087362116 0.33573887157799753
7614.705829273114 0.33500563182664006
7619.487366070411 0.3351170257591311
7624.273298577763 0.3347300827519847
7629.055323820073 0.33502471490189584
