calculator/instruments/lris/plaintext_files/red_D560_600-7500.txt
# %ECSV 1.0
# ---
# datatype:
# - {name: WAV, unit: Angstrom, datatype: float64}
# - {name: EFF, datatype: float64}
# meta: !!omap
# - {DICHROIC: D560}
# - {GRATING: 600/7500}
# schema: astropy-2.0
WAV EFF
5628.295617116026 0.10912266154183863
5630.7427537355015 0.11245883944437418
5633.191844168842 0.11580189103641911
5635.639469263055 0.11901353315306686
5638.086605918963 0.1223362466020193
5640.536673289578 0.12514132157843877
5642.984786870565 0.12825937698146764
5645.432412013191 0.13141238603673286
5647.882967870522 0.13407233524923656
5650.332058388591 0.13681249836542647
5652.780660468249 0.13964480463881124
5655.231216361714 0.14235497792567642
5658.905340647857 0.14626320247572652
5661.357361922685 0.1482757185378005
5663.807429407675 0.15086412900919355
5666.257008454156 0.15327066388324362
5668.708052863949 0.1558024724657323
5671.158608835205 0.15796412553736036
5673.612095521162 0.15968245924704438
5676.063139966693 0.16184173830143983
5678.513207523154 0.16400711342562277
5680.9666942447775 0.16605560297889588
5683.416761824935 0.16824624980436848
5685.870248570253 0.16998292401096607
5688.32275842644 0.17166130412709568
5690.776733645878 0.1730086775600794
5693.228755075178 0.17505941644417927
5695.684195669655 0.1761547071590756
5698.136217122483 0.1782497072367595
5700.590192389012 0.1794475882459196
5703.043679216779 0.1810943293577477
5705.4986314077505 0.18233450472940005
5707.95260670943 0.18389055590439987
5710.407558923796 0.1850351804542801
5714.086568113699 0.1875919086904932
5716.543474159237 0.188701548767396
5718.997449513367 0.1899168370031238
5721.45435558218 0.1909394949042796
5723.909307860553 0.19199707453048814
5726.365237051545 0.19316822345873963
5728.82263160567 0.19383847644612137
5731.2775839187625 0.19524184619620644
5733.73400159496 0.19614733332982437
5736.1899308321645 0.19732718357777215
5738.64830233352 0.19800219552133605
5741.106185395864 0.19856432185247047
5743.561137766509 0.19988141357800718
5746.01950930235 0.2003748854817023
5748.475438596975 0.20163309327391854
5750.935763957884 0.2020540989602144
5753.3941355280795 0.20234656690308914
5755.851041758063 0.20341512344661852
5758.310878702716 0.20389032291138529
5760.769738757671 0.20433696077249724
5763.227133472351 0.20516256680486303
5765.686970451142 0.20571672230190396
5769.3767259406095 0.2063394268480691
5771.836562947752 0.20666598243219397
5774.294934614523 0.20746168480143581
5776.755748545395 0.20790681198163619
5779.217050938121 0.2077507192848295
5781.674445737585 0.20880982797546643
5784.137213504543 0.2091052932438993
5786.598027480473 0.20904639217626284
5789.057864566481 0.20971379710555232
5791.519167015419 0.21011370979659424
5793.981934827292 0.21041177129602592
5796.444214199781 0.21002101081374494
5798.903562879948 0.2109496834468188
5801.366819175929 0.21085952746377823
5803.829587032479 0.21133664521756354
5806.2923549001625 0.21095883323757217
5808.754145877779 0.21157168073151827
5811.216913767677 0.21166787054133826
5813.680658569855 0.21191574669254779
5816.143914932515 0.21172916915174347
5818.608636658036 0.2116979577054775
5821.069939240395 0.21249466491805566
5824.768487217758 0.21189640768473086
5827.230766728863 0.21240814717660117
5829.6950000533925 0.2125716754937858
5832.159721839518 0.21255786231243956
5834.625420537846 0.2125319148092491
5837.090142345905 0.2121580747685181
5839.556329516766 0.21211254142800473
5842.022516698564 0.2121396496694073
5844.485284736924 0.21274978725994778
5846.95049503929 0.21292830918397887
5849.417659155054 0.2126768963619551
5851.884334831075 0.21267218238251434
5854.351010517964 0.21249002513267368
5856.817686215707 0.2122175764422453
5859.283873473649 0.21210558741443802
5861.752502995604 0.21207190672553344
5864.2196671764605 0.21203254795937068
5866.686342917472 0.2119866456470018
5869.152530218615 0.21227140859807705
5871.619694431811 0.21229996753984975
5874.087347106409 0.21223714158681437
5876.554999791746 0.21217148662811686
5880.259897994442 0.21156191535399244
5882.729016058554 0.21148433769411434
5885.1986225840255 0.2112378724801741
5887.668229120188 0.21107228275279144
5890.137347216363 0.2111523790199412
5892.606953773862 0.21089506773440203
5895.076560342007 0.21080461936406997
5897.546166920784 0.21079285353578636
5900.016750411521 0.2105312781547847
5902.485868560848 0.21059987422389342
5904.95596362211 0.2104169911962045
5907.427035595308 0.21031550302552415
5909.896642227033 0.2102980343297657
5912.366737319989 0.21011161275969592
5914.837809324843 0.20984144021108042
5917.3098582416005 0.20965539252379845
5919.781907168875 0.20955044627122513
5922.253467655969 0.20944366576471501
5924.725516604243 0.20933875276147693
5927.197077112299 0.2099794826133862
5929.667660729425 0.20995809096673457
5932.139221258381 0.20968604984217237
5934.613224051272 0.209416210662485
5938.324472485526 0.20884827466627004
5940.796521501659 0.20932455350720344
5943.268082077471 0.20922215435956937
5945.742084917198 0.2090408849084572
5948.21657621801 0.20885974650468428
5950.693021332039 0.208350018428405
5953.164093498558 0.20833760810707055
5955.640538633279 0.20783272497828256
5958.114541524737 0.20806966872207044
5960.586590623609 0.2085566955582772
5963.063524239992 0.20797261538376918
5965.540946317398 0.20772197663458
5968.013483897814 0.20772127673724533
5970.490905995762 0.2071485453013245
5972.965397399576 0.2073972546095464
5975.438423461411 0.2078113185672593
5977.916334040803 0.20757437113110105
5980.392290827462 0.20725475886608716
5982.871178328756 0.20661601756577067
5985.345181332829 0.2074479839644482
5987.822115051516 0.20689393881876758
5990.301491034092 0.2068331240727859
5994.015182068768 0.20707344700384878
5996.492115822951 0.2069388075724952
5998.971980291762 0.20623561397110285
6001.44598336163 0.20717923787374778
6003.9258478506445 0.20683110624007403
6006.403270095954 0.20656777982461128
6008.8826461543695 0.20646980812717197
6011.359091518266 0.20678272359088024
6013.840909850603 0.20669281846123283
6016.320285939155 0.2057128125397002
6018.796242882347 0.20643929674929964
6021.2765958924565 0.2066023889920499
6023.755972011021 0.2061996672086774
6026.23485968879 0.20669443461413858
6028.715701179627 0.20605428825548444
6031.193611975758 0.20663569711396848
6033.67494193728 0.20657186465525934
6036.155783457963 0.2061853816216868
6038.634182734644 0.20661366096295514
6041.116001176724 0.20664049974285154
6043.59733117792 0.2067516912076697
6046.081103442955 0.20581002309436178
6049.803098478107 0.205623114923927
6052.277590202724 0.20753480078157904
6054.764293207063 0.20676108201638782
6057.245623262482 0.206726851223428
6059.727930229315 0.20628905010159668
6062.213167910778 0.20593906913435145
6064.688148135152 0.20705084943525795
6067.174851188621 0.20702751912374748
6069.65764664542 0.2070922376932921
6072.138976759548 0.20740085086585783
6074.625679842354 0.20600847601155514
6077.107498426775 0.20688886979741658
6079.592736176628 0.2064768604801176
6082.070158723111 0.20736814402652676
6084.557350295653 0.20736732602531174
6087.039657369691 0.20753211563242424
6089.525872059986 0.20778198147636026
6092.009644505835 0.2077088589129175
6094.492928510505 0.2083738304738953
6096.979143229789 0.20748517926572901
6099.462427253726 0.2082380570631083
6101.949618893942 0.20686787385486521
6105.67307960976 0.20824512817989912
6108.163690429854 0.2078584943240429
6110.645997595283 0.20804893781840705
6113.137096885416 0.20758875424665268
6115.621846324174 0.20745707582357528
6118.109526477542 0.20765270014849374
6120.592810582829 0.20825949841739108
6123.080490755259 0.20780773758244908
6125.5642633304005 0.208745620507636
6128.052920423551 0.20821502318353594
6130.537669919365 0.2097369869567345
6133.025350129781 0.20945106190164994
6135.513030349667 0.20949921291325083
6137.997779873846 0.2097120376561212
6140.4922984247005 0.20877883567813788
6142.976559516884 0.20924065460589023
6145.465705127127 0.20904890050028885
6147.950454688973 0.21067014944920168
6150.439600318023 0.21014819832446982
6152.933142014313 0.20954850284573942
6155.419356956911 0.20960830523212862
6157.908014163233 0.20966910634967725
6160.395206026276 0.21113645166458397
6164.12990144537 0.21077697822728508
6166.619535586138 0.21117534425051002
6169.110146637989 0.21024896330408943
6171.600269248265 0.210481674407882
6174.08843806429 0.21179171358378565
6176.581002947584 0.21078480765559637
6179.071125585713 0.21085497624215213
6181.558805978636 0.21233779881019385
6184.051859340629 0.2113272921152425
6186.542958908293 0.2112342164128779
6189.0321046815925 0.2126374685502051
6191.524669620397 0.21171184930063588
6194.015280764809 0.21178586335774768
6196.50979952564 0.21227443650294142
6198.997968433904 0.21210055549018714
6201.4890680567605 0.21300743268502179
6203.985540648774 0.212166819481215
6206.470778879021 0.21399745831175795
6208.96725148935 0.21298256539946683
6211.459328050607 0.21289126600449293
6213.955312228313 0.2132163995768366
6216.442992749542 0.21354170728776722
6220.183549890405 0.21386453110160636
6222.680511001822 0.21335361398289313
6225.169168456625 0.2148553312295049
6227.664175782492 0.21375342884778423
6230.1557639609255 0.2147499636611291
6232.6527251086045 0.21415024831064422
6235.14773246161 0.21489560762995064
6237.637855314308 0.21454756488294435
6240.135304940009 0.21478717240078282
6242.628358516294 0.2151099786322589
6245.125808160003 0.21475983303911908
6247.619350205185 0.21584050425619314
6250.110938455552 0.21531768842002091
6252.610341929947 0.21530069044338807
6255.101930198191 0.21604492055320657
6257.599868337653 0.21577174343555888
6260.099271838903 0.21575273123605704
6262.588417879125 0.21674949089301665
6265.08489069249 0.2161323420364902
6267.583805769517 0.2162783800327512
6270.0793016987545 0.21667734046069018
6272.576262989728 0.21622832962692282
6276.323658746645 0.21669509537741996
6278.816712452068 0.21751740559458113
6281.311719970151 0.2170617000598567
6283.810146653801 0.21719762933848732
6286.30906179724 0.21725061228275153
6288.805534694649 0.21764157713272123
6291.302007600843 0.21786094175059387
6293.8023881235895 0.21739687532737678
6296.301303302203 0.21752617842944638
6298.800706940561 0.2178248083540463
6301.297179881816 0.2181227435024846
6303.79218747886 0.21833276247659128
6306.289637339516 0.21820066750327025
6308.79001791478 0.21815204624415185
6311.288444694827 0.21869994432819145
6313.7893137385045 0.21839109458765263
6316.2887174379175 0.2186781779281996
6318.788609597004 0.21870612198087477
6321.288013313774 0.21881954597462785
6323.786440137216 0.21918693856752866
6326.286332322281 0.21903873517439862
6328.785736064991 0.21914452559563738
6332.535574371723 0.21921658950948847
6335.036443488979 0.21931857809338037
6337.5368241638425 0.21950344013146034
6340.0376932983 0.21951485663917092
6342.538562441345 0.2196969404530499
6345.039431592966 0.21978935700154778
6347.540300753149 0.21979393297846564
6350.041169921883 0.21996938437629096
6352.542527550174 0.2198840778731667
6355.043396735981 0.22005373991114258
6357.545731283358 0.22005144628922527
6360.047088937218 0.22021636042334747
6362.549911952636 0.2202072470194098
6365.052734976553 0.22028323090718155
6367.554092655894 0.2204404679077185
6370.056427245752 0.2203402375922976
6372.558273393048 0.22049455244938687
6375.0606079998215 0.22064606635493444
6377.563919517094 0.22045077673617897
6380.065277238685 0.22068644369120052
6382.568100321786 0.22040101813405216
6385.071411864334 0.2205426515585835
6388.827111870468 0.22088084129818422
6391.332377238164 0.22067360669070632
6393.837154163213 0.22072130975128665
6396.339977292478 0.2209396454935971
6398.844265783226 0.22089611078870472
6401.3485542823255 0.22085253867556434
6403.851865887677 0.22097578515494112
6406.355665952404 0.22118455445180996
6408.8589775744 0.22104564076885538
6411.363754557853 0.2211631133834908
6413.869508451713 0.2210203534275789
6416.376239255981 0.22104556438659606
6418.881993166437 0.220984314254397
6421.386770183055 0.22117834175064813
6423.891058756876 0.22102470938107385
6426.394858887886 0.22130029946954574
6428.900612831379 0.22140213856671062
6431.408320587362 0.2208115348022302
6433.914562998388 0.22107908859973605
6436.421293868703 0.2212604225321056
6438.92704784509 0.22109103865062082
6441.431336476466 0.2213548711390192
6443.937578920301 0.22135542586224868
6447.700117533364 0.22100661624673285
6450.207825350864 0.22117413505736586
6452.714556274367 0.22082130842927056
6455.22031030386 0.22081296714213702
6457.726552792561 0.2208880313132767
6460.235725995875 0.22095930405217537
6462.74392230515 0.22102858254337893
6465.250164818201 0.22109681671915862
6467.7578726925985 0.22081762998799864
6470.265580575089 0.22062208573158662
6472.777196074376 0.2204277652505952
6475.283927070844 0.2207437484648041
6477.791146526458 0.22054233942196097
6480.298854441212 0.2205114672877014
6482.810958423868 0.219964235295025
6485.318666354703 0.22044204064447634
6487.825885842459 0.22032010824427634
6490.335059142622 0.22011125087821132
6492.846674706304 0.21998473257388515
6495.353405766964 0.22054182262548985
6497.862579091122 0.22032491760093606
6500.372240874362 0.22010443743049438
6504.137710466386 0.2202695548077707
6506.646883818428 0.22003370866772876
6509.156057178414 0.21979711475134261
6511.669138155242 0.2198155893106449
6514.178311531097 0.21974799937786962
6516.687484914864 0.21959165374829456
6519.200565915481 0.2193487792479532
6521.709250863935 0.2197874145104046
6524.218424271395 0.21971294885958265
6526.732482197954 0.21895289202081078
6529.241655621166 0.21964129795889314
6531.75327130786 0.21930471294701517
6534.266352355796 0.21862658333021026
6536.776014253687 0.2193976934195123
6539.287141512799 0.21905465654272246
6541.800222584264 0.21871503836855902
6544.311838310158 0.2187973276598126
6546.821500239324 0.21887956040147244
6549.337512041054 0.21828025114620084
6551.848150888083 0.21844379152374874
6554.358301291747 0.21843656541047218
6556.873824665728 0.21808821943878945
6560.639294522999 0.2182852318007396
6563.155306367547 0.21784996748727994
6565.666922159543 0.21783692691053208
6568.180003312711 0.21748549902661157
6570.693572924756 0.2178089117542322
6573.2051887399175 0.21779385905673632
6575.721689074305 0.21701605977451646
6578.233793356025 0.217336726441668
6580.746874547743 0.21698022999625488
6583.260932649451 0.21729799056196455
6585.773036954204 0.21710921714975598
6588.290514229371 0.21649910504100423
6590.80261854944 0.2168131459891426
6593.316676681796 0.21637088949713362
6595.832200175287 0.21651544764804279
6598.345281420582 0.21623983822276013
6600.8608049293325 0.21629873888828913
6603.3738861898555 0.21627491569535884
6605.890875067336 0.21591236200865233
6608.403956343053 0.2162244129091088
6610.921433686904 0.21535814170023587
6613.4354918801255 0.21574987971722376
6617.209754116787 0.21541541818524426
6619.721858524195 0.21572279006520864
6622.239824353293 0.21510860822441144
6624.754371031674 0.2153304205318997
6627.271848424676 0.21471915306509806
6629.785906666922 0.21518984505492872
6632.303872526159 0.21440937710156954
6634.818907685786 0.21479726615309938
6637.335408206472 0.21443491266676265
6639.8519087346485 0.214489107079062
6642.368409270305 0.21404352573421467
6644.884909813434 0.21426311666478198
6647.401898815218 0.21390248644087334
6649.918399373265 0.21403912611007958
6652.4363652923485 0.2135109276644058
6654.951400511683 0.2139815183627053
6657.4708317992345 0.21320516654172111
6659.985867033408 0.2136722039594388
6662.504809884605 0.21306526549691834
6665.020333584784 0.21353380995168902
6667.540253353199 0.2128440183399482
6670.056753970566 0.21306580830606717
6672.576673753765 0.21270791342156542
6676.3528900583215 0.21246017452043575
6678.868902250249 0.21293097553286028
6681.389798961656 0.21216284538086172
6683.906299619479 0.212383757010779
6686.42719634558 0.21186676965565873
6688.9441854692695 0.2117597158561707
6691.4636168563675 0.2117354876719163
6693.981582897116 0.21154946829922242
6696.499060493935 0.21218390308809884
6699.0209341590535 0.21142292647474506
6701.537434867993 0.21173118300867352
6704.0593085476885 0.21121837566269272
