calculator/instruments/lris/plaintext_files/red_MIRROR_831-8200.txt
# %ECSV 1.0
# ---
# datatype:
# - {name: WAV, unit: Angstrom, datatype: float64}
# - {name: EFF, datatype: float64}
# meta: !!omap
# - {DICHROIC: MIRROR}
# - {GRATING: 831/8200}
# schema: astropy-2.0
WAV EFF
6785.264499439487 0.0
6787.548821819353 0.0
6789.8346094534445 0.0
6792.119420260952 0.0
6794.40423107419 0.0
6796.690507141646 0.0
6799.547253297644 0.0
6801.833529377968 0.0
6804.120293880176 0.0
6806.406569971919 0.0
6808.692846069362 0.0
6810.981075837189 0.0
6813.266863529839 0.0
6815.555093309046 0.0
6817.8413694292285 0.0
6820.13008763597 0.0
6822.419782680743 0.0
6825.278482581419 0.0
6827.567200806575 0.0
6829.857384285933 0.0
6832.145614106208 0.0
6834.43530918068 0.0
6836.724027428419 0.0
6839.014699346537 0.0
6841.304882854099 0.0
6843.5950663672875 0.0
6845.885249886093 0.0
6848.749322437024 0.0
6851.039505968452 0.0
6853.332131586456 0.0
6855.622315129082 0.0
6857.912987093492 0.0
6860.206101144481 0.0
6862.498726784857 0.0
6864.789887182212 0.0
6867.083978082347 0.0
6869.377092155651 0.0
6871.6682525697 0.0
6874.5357441125625 0.0
6876.829835036345 0.0
6879.123925965675 0.0
6881.4170400681305 0.0
6883.712107840966 0.0
6886.006687203125 0.0
6888.300289738387 0.0
6890.595845944023 0.0
6892.8923789876135 0.0
6895.188423620507 0.0
6897.482026177823 0.0
6900.352936711952 0.0
6902.648492946514 0.0
6904.946979683898 0.0
6907.241070680775 0.0
6909.538580596691 0.0
6911.837067350542 0.0
6914.134577277422 0.0
6916.430621961086 0.0
6918.729597147584 0.0
6921.027107090857 0.0
6923.326082288277 0.0
6926.199434980545 0.0
6928.4959681090595 0.0
6930.796408572884 0.0
6933.095872209676 0.0
6935.395335851899 0.0
6937.694799499552 0.0
6939.993286320143 0.0
6942.294703643588 0.0
6944.595144139969 0.0
6946.896073058001 0.0
6949.772844733443 0.0
6952.072308414889 0.0
6954.3727489342145 0.0
6956.67611995641 0.0
6958.977537318999 0.0
6961.280908351964 0.0
6963.581837309056 0.0
6965.88325468776 0.0
6968.186137320586 0.0
6970.48999679128 0.0
6972.792879434822 0.0
6975.672581683349 0.0
6977.976441171435 0.0
6980.2807890811255 0.0
6982.583671747368 0.0
6984.885577586414 0.0
6987.191879177137 0.0
6989.497692356929 0.0
6991.80252870951 0.0
6994.107853483671 0.0
6996.414643511938 0.0
6998.718991464175 0.0
7001.6021127013955 0.0
7003.906460665536 0.0
7006.212762300045 0.0
7008.519063939839 0.0
7010.825854001182 0.0
7013.133620900351 0.0
7015.440899388516 0.0
7017.749154714502 0.0
7020.055944796916 0.0
7022.364688549701 0.0
7024.673432307741 0.0
7027.558995700462 0.0
7029.866762637736 0.0
7032.176971661669 0.0
7034.4857154419815 0.0
7036.794947643806 0.0
7039.103691434567 0.0
7041.412435230542 0.0
7043.722155864308 0.0
7046.03138808699 0.0
7048.342573980043 0.0
7051.233021602558 0.0
7053.54274225843 0.0
7055.853928168377 0.0
7058.164625667213 0.0
7060.475323171226 0.0
7062.787485929312 0.0
7065.099160276272 0.0
7067.410346212096 0.0
7069.72348581829 0.0
7072.036137013343 0.0
7074.349276629854 0.0
7077.242166406658 0.0
7079.555794451063 0.0
7081.868934084305 0.0
7084.182562138986 0.0
7086.497167031421 0.0
7088.811283512673 0.0
7091.125888415362 0.0
7093.440004906855 0.0
7095.755586652405 0.0
7098.070191570435 0.0
7100.385773326202 0.0
7103.27915159137 0.0
7105.594733358605 0.0
7107.910315130932 0.0
7110.225896908345 0.0
7112.540990274513 0.0
7114.858037311046 0.0
7117.174107520007 0.0
7119.492131399336 0.0
7121.80966686741 0.0
7124.128179173198 0.0
7126.446203067717 0.0
7129.343000318475 0.0
7131.660535808027 0.0
7133.9790481352775 0.0
7136.295606802236 0.0
7138.614607555889 0.0
7140.934585147244 0.0
7143.252609078282 0.0
7145.573563512359 0.0
7147.894029535122 0.0
7150.21351873022 0.0
7153.112269710703 0.0
7155.431758917055 0.0
7157.751248128403 0.0
7160.073667842801 0.0
7162.394622313163 0.0
7164.715576788508 0.0
7167.037508101525 0.0
7169.358462586828 0.0
7171.677951828051 0.0
7173.999394739632 0.0
7176.321814488881 0.0
7179.227403368265 0.0
7181.548357879608 0.0
7183.870289228604 0.0
7186.192220582541 0.0
7188.515617190485 0.0
7190.839502219725 0.0
7193.163875670258 0.0
7195.488249125721 0.0
7197.809692087944 0.0
7200.13406555325 0.0
7202.458927439835 0.0
7205.364027972246 0.0
7207.688401453512 0.0
7210.01326335604 0.0
7212.3386136798335 0.0
7214.663475592153 0.0
7216.990779591208 0.0
7219.315153096928 0.0
7221.639526607527 0.0
7223.967319037601 0.0
7226.2931578070575 0.0
7228.620461830507 0.0
7231.5275160970605 0.0
7233.854820131446 0.0
7236.182612587066 0.0
7238.5089397984 0.0
7240.835267014575 0.0
7243.163547901111 0.0
7245.493294041635 0.0
7247.821086521465 0.0
7250.1464369242 0.0
7252.476183079215 0.0
7255.38763315519 0.0
7257.713960406345 0.0
7260.045171826181 0.0
7262.374429585276 0.0
7264.7031989327825 0.0
7267.031479868694 0.0
7269.361714474965 0.0
7271.693414335206 0.0
7274.022183701874 0.0
7276.35192990611 0.0
7278.682164531518 0.0
7281.595568340482 0.0
7283.926779809421 0.0
7286.258479699521 0.0
7288.588714345183 0.0
7290.9209026612025 0.0
7293.253090981978 0.0
7295.584302474693 0.0
7297.915025555746 0.0
7300.24721389075 0.0
7302.581844312524 0.0
7304.91159057496 0.0
7307.829878614748 0.0
7310.1601133042095 0.0
7312.494743746079 0.0
7314.828397359842 0.0
7317.160097312664 0.0
7319.494727768669 0.0
7321.829358229378 0.0
7324.162035029126 0.0
7326.496665499228 0.0
7328.831295974021 0.0
7331.164461204245 0.0
7334.084702975852 0.0
7336.417379800176 0.0
7338.752987127694 0.0
7341.09005970915 0.0
7343.422248131038 0.0
7345.759320721825 0.0
7348.096393317268 0.0
7350.430535418811 0.0
7352.767119607133 0.0
7355.103703800098 0.0
7358.024434047833 0.0
7360.359553001942 0.0
7362.696625626403 0.0
7365.035163504791 0.0
7367.370770889203 0.0
7369.708331943966 0.0
7372.045893003345 0.0
7374.382965650899 0.0
7376.7215035523695 0.0
7379.058087792691 0.0
7381.396625703363 0.0
7384.319309681722 0.0
7386.658336019172 0.0
7388.996385528321 0.0
7391.3344350420475 0.0
7393.6744382261295 0.0
7396.013952998343 0.0
7398.353467775124 0.0
7400.691028890684 0.0
7403.032008925937 0.0
7405.371523716403 0.0
7407.71006167852 0.0
7410.635187803365 0.0
7412.976656274417 0.0
7415.316171084205 0.0
7417.656662731432 0.0
7419.998131216103 0.0
7422.338622872391 0.0
7424.680579782574 0.0
7427.021071447908 0.0
7429.362539950673 0.0
7431.703031625031 0.0
7434.046453802662 0.0
7436.972556824036 0.0
7439.314025345951 0.0
7441.656470705289 0.0
7443.999892902051 0.0
7446.34233827037 0.0
7448.684783643175 0.0
7451.027229020459 0.0
7453.370162818689 0.0
7455.711631371981 0.0
7458.056030428559 0.0
7460.984575589679 0.0
7463.327509406885 0.0
7465.671420061491 0.0
7468.014842304075 0.0
7470.359241384058 0.0
7472.703640468484 0.0
7475.047551140877 0.0
7477.392438650658 0.0
7479.735860915437 0.0
7482.080748434083 0.0
7484.425147540672 0.0
7487.356134846605 0.0
7489.701510796097 0.0
7492.045909917035 0.0
7494.3922627083175 0.0
7496.73812708752 0.0
7499.083503054639 0.0
7501.428879026152 0.0
7503.775720251524 0.0
7506.120607815328 0.0
7508.466960632985 0.0
7510.8133134550235 0.0
7513.746254488727 0.0
7516.092118904112 0.0
7518.440425406337 0.0
7520.785801413962 0.0
7523.134596341412 0.0
7525.48094919074 0.0
7527.827790460917 0.0
7530.1741433189445 0.0
7532.52244984731 0.0
7534.869779547019 0.0
7537.218086084068 0.0
7540.152492428471 0.0
7542.500798975267 0.0
7544.849593942894 0.0
7547.197412081833 0.0
7549.545718641594 0.0
7551.895002038684 0.0
7554.24282019056 0.0
7556.592103596268 0.0
7558.94041017326 0.0
7561.29018200408 0.0
7564.224588403702 0.0
7566.575337077206 0.0
7568.924132088946 0.0
7571.274392354509 0.0
7573.623675791323 0.0
7575.972959232409 0.0
7578.323707927317 0.0
7580.6729913769395 0.0
7583.023251663862 0.0
7585.374488788082 0.0
7587.723772250481 0.0
7590.662086042278 0.0
7593.012834763798 0.0
7595.363583489562 0.0
7597.714332219567 0.0
7600.064592537284 0.0
7602.415341275754 0.0
7604.7670668515075 0.0
7607.119280848014 0.0
7609.470518015686 0.0
7611.822243604107 0.0
7614.1729923636785 0.0
7617.112771464521 0.0
7619.4644970666195 0.0
7621.817199505987 0.0
7624.167459866882 0.0
7626.520650731175 0.0
7628.873353183128 0.0
7631.225078806192 0.0
7633.577781266515 0.0
7635.930483731014 0.0
7638.2841630327675 0.0
7640.636377089077 0.0
7643.577621498401 0.0
7645.929347147537 0.0
7648.283026466999 0.0
7650.636217374074 0.0
7652.989896701845 0.0
7655.343087617221 0.0
7657.69627853674 0.0
7660.049957876948 0.0
7662.404614054388 0.0
7664.757804986318 0.0
7667.7005146984075 0.0
7670.054194056172 0.0
7672.408361834607 0.0
7674.76252961716 0.0
7677.11718582038 0.0
7679.471842027712 0.0
7681.825032989486 0.0
7684.18066603814 0.0
7686.534833841223 0.0
7688.8885132318455 0.0
7691.243657876231 0.0
7694.187832895743 0.0
7696.542489132762 0.0
7698.897633790424 0.0
7701.25277845216 0.0
7703.608899951096 0.0
7705.964044620973 0.0
7708.3187008783525 0.0
7710.674822389488 0.0
7713.030455488117 0.0
7715.386088590799 0.0
7717.741721697531 0.0
7720.686385190779 0.0
7723.042506723183 0.0
7725.398139843052 0.0
7727.754261383529 0.0
7730.110871344608 0.0
7732.466992893147 0.0
7734.82262602913 0.0
7737.17972441886 0.0
7739.536334396034 0.0
7741.89294437722 0.0
7744.249065945839 0.0
7747.195683161978 0.0
7749.552293156184 0.0
7751.907926321225 0.0
7754.265513156582 0.0
7756.62309999593 0.0
7758.979221589521 0.0
7761.33778527001 0.0
7763.694395288144 0.0
7766.051982143424 0.0
7768.407126919747 0.0
7771.355209436712 0.0
7773.712796304889 0.0
7776.0718484267945 0.0
7778.428946886305 0.0
7780.784580099997 0.0
7783.1441206503605 0.0
7785.501707538308 0.0
7787.859294430198 0.0
7790.217369742621 0.0
7792.574956642386 0.0
7794.9335203792725 0.0
7797.8806261185655 0.0
7800.239678280883 0.0
7802.597265197335 0.0
7804.956317367496 0.0
7807.315369541571 0.0
7809.67197963656 0.0
7812.031031818452 0.0
7814.389595587649 0.0
7816.748647777346 0.0
7819.106723137735 0.0
7821.46528691862 0.0
7824.413369546038 0.0
7826.773887002091 0.0
7829.133427628815 0.0
7831.490037759771 0.0
7833.8500668108545 0.0
7836.209119032593 0.0
7838.568171258195 0.0
7840.926246654442 0.0
7843.2857873043795 0.0
7845.6463047914 0.0
7848.003891782597 0.0
7850.9534397142215 0.0
7853.312980380525 0.0
7855.672032634054 0.0
7858.032061724654 0.0
7860.391113985855 0.0
7862.750166250884 0.0
7865.109218519739 0.0
7867.470712875517 0.0
7869.830253568636 0.0
7872.18832901571 0.0
7875.138365413015 0.0
7877.498394535147 0.0
7879.858423661086 0.0
7882.218452790824 0.0
7884.577505091111 0.0
7886.937534228443 0.0
7889.298051786195 0.0
7891.658080931107 0.0
7894.017621663177 0.0
7896.377650815654 0.0
7898.738656805171 0.0
7901.687228005901 0.0
7904.048234003906 0.0
7906.409240005677 0.0
7908.767803928047 0.0
7911.128321520709 0.0
7913.489327533763 0.0
7915.850821967205 0.0
7918.209385904582 0.0
7920.56941509561 0.0
7922.929932707017 0.0
7925.29191557208 0.0
7928.241463658826 0.0
7930.601981282373 0.0
7932.9615220763635 0.0
7935.321551290717 0.0
7937.683534175361 0.0
7940.04454023044 0.0
7942.402615789367 0.0
7944.763621851868 0.0
7947.1251163347215 0.0
7949.486610821284 0.0
7951.846151644955 0.0
7954.796676617198 0.0
7957.157682699125 0.0
7959.516735118143 0.0
7961.878229624091 0.0
7964.241189383682 0.0
7966.599264980432 0.0
7968.959294247464 0.0
7971.321765601432 0.0
7973.682771709113 0.0
7976.043289403801 0.0
7978.994302839801 0.0
7981.353355292752 0.0
7983.714361415982 0.0
7986.0758559595215 0.0
7988.437838923371 0.0
7990.797868224226 0.0
7993.1574091120565 0.0
7995.518903670167 0.0
7997.880398231914 0.0
8000.2404275473045 0.0
8002.599968449652 0.0
8005.551958770169 0.0
8007.911988097328 0.0
8010.2739710947635 0.0
8012.635465679147 0.0
8014.994518183806 0.0
8017.354059108731 0.0
8019.716042120603 0.0
8022.078513552746 0.0
8024.438542905135 0.0
8026.798083844444 0.0
8029.159090037353 0.0
8032.108638325176 0.0
8034.470132942822 0.0
8036.8326043973975 0.0
8039.193122188849 0.0
8041.552663150518 0.0
8043.914646199139 0.0
8046.276140834649 0.0
8048.63519339033 0.0
8050.99619961628 0.0
8053.356717429107 0.0
8055.717723662164 0.0
8058.668248833453 0.0
8061.030231907855 0.0
8063.389284485701 0.0
8065.750290733816 0.0
8068.110320152097 0.0
8070.471814823963 0.0
8072.831355832613 0.0
8075.190896844784 0.0
8077.551414693849 0.0
8079.913886213182 0.0
8082.273915652591 0.0
8085.224440873476 0.0
8087.584470320776 0.0
8089.944499771578 0.0
8092.30452922588 0.0
8094.667000767142 0.0
8097.024588144966 0.0
8099.385594443133 0.0
8101.745623911398 0.0
8104.107607049928 0.0
8106.467148108463 0.0
8109.417673374085 0.0
8111.777214440434 0.0
8114.13675551025 0.0
8116.496785000231 0.0
8118.859256577175 0.0
8121.216843990577 0.0
8123.575896657534 0.0
8125.9369029947475 0.0
8128.297420918713 0.0
8130.6569620127175 0.0
8133.015526276759 0.0
8135.965563174283 0.0
8138.324615862759 0.0
8140.685622221491 0.0
8143.045163333534 0.0
8145.404704449003 0.0
8147.763268734477 0.0
8150.124275106917 0.0
8152.483327815932 0.0
8154.842380528362 0.0
8157.201433244201 0.0
8159.562439630295 0.0
8162.50954607564 0.0
8164.870552469392 0.0
8167.228628366254 0.0
8169.588657933371 0.0
8171.947710670446 0.0
8174.3077402443405 0.0
8176.665327738034 0.0
8179.023892068541 0.0
8181.385386902733 0.0
8183.742974406553 0.0
8186.101050330459 0.0
8189.050110490237 0.0
8191.408674838432 0.0
8193.767239189989 0.0
8196.126291961624 0.0
8198.484367903167 0.0
8200.841467014608 0.0
8203.201496629745 0.0
8205.56054941478 0.0
8207.91764853625 0.0
8210.275724494506 0.0
8213.223807863747 0.0
8215.58286066296 0.0
8217.939959798587 0.0
8220.299012604451 0.0
8222.655134913255 0.0
8225.01516455923 0.0
8227.372263708126 0.0
8229.7303396938 0.0
8232.08841568278 0.0
8234.44649167507 0.0
8236.80359083719 0.0
8239.749720586111 0.0
8242.106819755645 0.0
8244.46587259542 0.0
8246.821994938058 0.0
8249.180070950935 0.0
8251.53619330014 0.0
8253.89426931958 0.0
8256.250391675336 0.0
8258.607490867844 0.0
8260.967520564078 0.0
8263.322666096155 0.0
8266.267819057693 0.0
8268.62491826408 0.0
8270.98104064023 0.0
8273.337163019638 0.0
8275.694262235782 0.0
8278.050384621683 0.0
8280.407483844325 0.0
8282.762629403212 0.0
8285.118751798835 0.0
8287.47585103119 0.0
8289.830996599776 0.0
8292.776149606927 0.0
8295.132272016273 0.0
8297.487417595341 0.0
8299.843540011127 0.0
8302.199662430132 0.0
8304.554808018842 0.0
8306.909953610755 0.0
8309.265099205879 0.0
8311.621221637715 0.0
8313.975390405723 0.0
8316.919566620505 0.0
8319.274712229215 0.0
8321.628881007598 0.0
8323.984026622684 0.0
8326.339172240956 0.0
8328.693341028888 0.0
8331.047509819993 0.0
8333.401678614273 0.0
8335.75682424525 0.0
8338.111969879397 0.0
8340.464185016126 0.0
8343.407384442067 0.0
8345.76155325296 0.0
8348.11572206701 0.0
8350.468914050678 0.0
8352.824059704568 0.0
8355.17725169453 0.0
8357.529466854094 0.0
8359.883635683876 0.0
8362.236827683257 0.0
8364.590019685771 0.0
8366.943211691414 0.0
8369.884457494481 0.0
8372.236672673613 0.0
8374.589864689411 0.0
8376.94110304123 0.0
8379.296248730363 0.0
8381.648463921958 0.0
8384.000679116662 0.0
8386.350940647362 0.0
8388.704132681825 0.0
8391.056347885837 0.0
8393.408563092944 0.0
8396.34883210618 0.0
8398.698116819562 0.0
8401.051308870274 0.0
8403.40352409051 0.0
8405.752808813137 0.0
8408.105024039533 0.0
8410.456262435438 0.0
8412.806524000847 0.0
8415.158739236465 0.0
8417.50900080801 0.0
8420.448293027102 0.0
8422.797577771958 0.0
8425.148816187018 0.0
8427.498100937979 0.0
8429.848362525569 0.0
8432.197647282625 0.0
8434.548885709883 0.0
8436.898170473021 0.0
8439.249408906364 0.0
8441.598693675578 0.0
8443.947001614239 0.0
8446.884340208991 0.0
8449.23362498805 0.0
8451.582909770128 0.0
8453.932194555227 0.0
8456.280502509753 0.0
8458.629787300884 0.0
8460.978095261435 0.0
8463.326403224988 0.0
8465.675688025149 0.0
8468.023019161114 0.0
8470.371327133675 0.0
8473.306712103593 0.0
8475.65306641569 0.0
8478.002351231582 0.0
8480.34968238326 0.0
8482.69603670431 0.0
8485.044344695556 0.0
8487.391675856172 0.0
8489.739983853378 0.0
8492.08536135272 0.0
8494.432692522254 0.0
8496.778070027529 0.0
8499.712478205727 0.0
8502.058832551282 0.0
8504.405186899787 0.0
8506.751541251251 0.0
8509.096918772044 0.0
8511.44327312941 0.0
8513.787673822473 0.0
8516.134028185725 0.0
8518.480382551918 0.0
8520.82673692105 0.0
8523.756260968896 0.0
8526.100661677368 0.0
8528.446039222397 0.0
