calculator/instruments/lris/plaintext_files/red_D680_831-8200.txt
# %ECSV 1.0
# ---
# datatype:
# - {name: WAV, unit: Angstrom, datatype: float64}
# - {name: EFF, datatype: float64}
# meta: !!omap
# - {DICHROIC: D680}
# - {GRATING: 831/8200}
# schema: astropy-2.0
WAV EFF
6785.264499439487 0.12332694144952124
6787.548821819353 0.12537335921684048
6789.8346094534445 0.12694776515219044
6792.119420260952 0.128845961282881
6794.40423107419 0.13085726807361628
6796.690507141646 0.13245559199986928
6799.547253297644 0.13526817862537435
6801.833529377968 0.1370868543357837
6804.120293880176 0.13903392737082698
6806.406569971919 0.14092311260018914
6808.692846069362 0.1430321794403711
6810.981075837189 0.14461631830959032
6813.266863529839 0.14720856700579804
6815.555093309046 0.14891511135804994
6817.8413694292285 0.15102601445251213
6820.13008763597 0.1530998840952538
6822.419782680743 0.15472046881389676
6825.278482581419 0.15781216217464797
6827.567200806575 0.15988294063651393
6829.857384285933 0.16131529919780077
6832.145614106208 0.16379150939683726
6834.43530918068 0.16596328309978745
6836.724027428419 0.1679130361965865
6839.014699346537 0.17004843103792108
6841.304882854099 0.1724716715303977
6843.5950663672875 0.17413456994072538
6845.885249886093 0.17630967279638124
6848.749322437024 0.17856836044396165
6851.039505968452 0.18067674141890114
6853.332131586456 0.18252004290047874
6855.622315129082 0.18508473024238753
6857.912987093492 0.18691904521223945
6860.206101144481 0.18892650808317452
6862.498726784857 0.19102018979597832
6864.789887182212 0.19328736150140277
6867.083978082347 0.19465931324563573
6869.377092155651 0.19665183655143118
6871.6682525697 0.19856416846254385
6874.5357441125625 0.2009081888533817
6876.829835036345 0.20252321663173473
6879.123925965675 0.2038730603050491
6881.4170400681305 0.20640217439425157
6883.712107840966 0.20778591356310608
6886.006687203125 0.2098708439006551
6888.300289738387 0.21168279656496436
6890.595845944023 0.21306761880946318
6892.8923789876135 0.2145512875228994
6895.188423620507 0.2151782422984873
6897.482026177823 0.21822756389193806
6900.352936711952 0.21942877127031518
6902.648492946514 0.22150926688064082
6904.946979683898 0.22180570517371442
6907.241070680775 0.223881429546755
6909.538580596691 0.22518847827875949
6911.837067350542 0.2261140023246445
6914.134577277422 0.22706837964182444
6916.430621961086 0.22902491725183718
6918.729597147584 0.23007516815048917
6921.027107090857 0.23188824388879029
6923.326082288277 0.23177839738690598
6926.199434980545 0.23328090300059776
6928.4959681090595 0.2357724585905711
6930.796408572884 0.23575231331019958
6933.095872209676 0.2379701034636134
6935.395335851899 0.23838429550615914
6937.694799499552 0.2390603115223804
6939.993286320143 0.24076280166414438
6942.294703643588 0.2408683513681793
6944.595144139969 0.2424605035291837
6946.896073058001 0.2428819631642568
6949.772844733443 0.2436111855692543
6952.072308414889 0.24488035921528367
6954.3727489342145 0.2465981269763421
6956.67611995641 0.24684761920321635
6958.977537318999 0.24786216618324203
6961.280908351964 0.24748227973401696
6963.581837309056 0.2481601555006001
6965.88325468776 0.250092135006199
6968.186137320586 0.25077627629922655
6970.48999679128 0.2511776609085012
6972.792879434822 0.252187252193907
6975.672581683349 0.25337054683247884
6977.976441171435 0.2537185083616517
6980.2807890811255 0.2534123942186434
6982.583671747368 0.2542874537644141
6984.885577586414 0.2565464625469663
6987.191879177137 0.2567643030481489
6989.497692356929 0.25685738549702125
6991.80252870951 0.25804394023335603
6994.107853483671 0.2582898303330001
6996.414643511938 0.2573737374820042
6998.718991464175 0.25818618041146796
7001.6021127013955 0.25913816073552925
7003.906460665536 0.2604840609870601
7006.212762300045 0.26113918983124684
7008.519063939839 0.2623684757873316
7010.825854001182 0.2628573204145316
7013.133620900351 0.26316309453282666
7015.440899388516 0.2637984101981761
7017.749154714502 0.264553958835845
7020.055944796916 0.26556781218065395
7022.364688549701 0.26529291278465433
7024.673432307741 0.26514816770634264
7027.558995700462 0.2661749533893162
7029.866762637736 0.26735019230345536
7032.176971661669 0.2670248130631331
7034.4857154419815 0.26691930011081555
7036.794947643806 0.26756793289154157
7039.103691434567 0.26854976272087827
7041.412435230542 0.26982671704308014
7043.722155864308 0.27044681098365186
7046.03138808699 0.271736853610859
7048.342573980043 0.272475813300764
7051.233021602558 0.271587995085837
7053.54274225843 0.27265969401458134
7055.853928168377 0.27307461735426486
7058.164625667213 0.2747434564082398
7060.475323171226 0.2754852962465317
7062.787485929312 0.27546430422656276
7065.099160276272 0.2766987095807724
7067.410346212096 0.2779372366098236
7069.72348581829 0.27847632344241624
7072.036137013343 0.2790757687265793
7074.349276629854 0.2795913229141345
7077.242166406658 0.2788621939137861
7079.555794451063 0.27921487237457426
7081.868934084305 0.27982569706701216
7084.182562138986 0.2804393757182522
7086.497167031421 0.28079863271372674
7088.811283512673 0.28143336787232015
7091.125888415362 0.2821042519041128
7093.440004906855 0.28285744994314094
7095.755586652405 0.2833692689617374
7098.070191570435 0.28473960538078524
7100.385773326202 0.28467053109841495
7103.27915159137 0.2868633739829219
7105.594733358605 0.2871583668812363
7107.910315130932 0.28804193779648607
7110.225896908345 0.28919690357107564
7112.540990274513 0.290273346650723
7114.858037311046 0.2909390114903378
7117.174107520007 0.29127576729031607
7119.492131399336 0.2912476477495313
7121.80966686741 0.2915210169468693
7124.128179173198 0.29157870895378674
7126.446203067717 0.2914288564143874
7129.343000318475 0.2938208734727689
7131.660535808027 0.29466219854498377
7133.9790481352775 0.29523209646041393
7136.295606802236 0.2967789999043945
7138.614607555889 0.2970365575132248
7140.934585147244 0.2970964350265729
7143.252609078282 0.29757656087301554
7145.573563512359 0.29655230272157534
7147.894029535122 0.2969518582276698
7150.21351873022 0.2985333660223481
7153.112269710703 0.300197561395386
7155.431758917055 0.30103003763927283
7157.751248128403 0.30172035317034146
7160.073667842801 0.300424578280516
7162.394622313163 0.301048165264977
7164.715576788508 0.3016744581753226
7167.037508101525 0.30189231077988854
7169.358462586828 0.3032329877902602
7171.677951828051 0.3050768803553912
7173.999394739632 0.3058843578297584
7176.321814488881 0.3054828511100645
7179.227403368265 0.3052759154576012
7181.548357879608 0.3065119297463027
7183.870289228604 0.3074514542536717
7186.192220582541 0.3084461970462304
7188.515617190485 0.30769286821788255
7190.839502219725 0.3077986188574123
7193.163875670258 0.3078515566005271
7195.488249125721 0.3082160459528156
7197.809692087944 0.3108530391732043
7200.13406555325 0.31028150172141955
7202.458927439835 0.3100870231448776
7205.364027972246 0.31116242565733365
7207.688401453512 0.3120780503901545
7210.01326335604 0.31254102754852353
7212.3386136798335 0.3114157358164647
7214.663475592153 0.312502047508167
7216.990779591208 0.31247707352202014
7219.315153096928 0.31448754499512804
7221.639526607527 0.31499180152899325
7223.967319037601 0.31356589690029973
7226.2931578070575 0.3143749859528303
7228.620461830507 0.3143053158942502
7231.5275160970605 0.3148128903839364
7233.854820131446 0.3152979352255226
7236.182612587066 0.3156329948267412
7238.5089397984 0.3171521843542679
7240.835267014575 0.31757152324334725
7243.163547901111 0.3168481601135165
7245.493294041635 0.31646667122553135
7247.821086521465 0.31735664915128625
7250.1464369242 0.31983550312474235
7252.476183079215 0.31829804458080635
7255.38763315519 0.3187591835336742
7257.713960406345 0.3203618577559982
7260.045171826181 0.3184862987724472
7262.374429585276 0.31882633012053513
7264.7031989327825 0.3206484159190804
7267.031479868694 0.3214916595679011
7269.361714474965 0.320873885682818
7271.693414335206 0.3201417987270515
7274.022183701874 0.3216985910200869
7276.35192990611 0.32174681050583126
7278.682164531518 0.3212096921134683
7281.595568340482 0.323326974459682
7283.926779809421 0.321486071148143
7286.258479699521 0.3225854455088441
7288.588714345183 0.3236820313543373
7290.9209026612025 0.3229384617398521
7293.253090981978 0.3224970427116197
7295.584302474693 0.32312177680554405
7297.915025555746 0.32483612627999303
7300.24721389075 0.3246832209507544
7302.581844312524 0.3239761887692715
7304.91159057496 0.32611141134840865
7307.829878614748 0.3242221887710386
7310.1601133042095 0.32609669145974907
7312.494743746079 0.32474568855623354
7314.828397359842 0.32502433820627685
7317.160097312664 0.32683656305777364
7319.494727768669 0.3254284642602432
7321.829358229378 0.3252686383595637
7324.162035029126 0.326865064403657
7326.496665499228 0.3258077524426959
7328.831295974021 0.326311545203636
7331.164461204245 0.32753273167412117
7334.084702975852 0.32668409437242557
7336.417379800176 0.32912981447302175
7338.752987127694 0.3279888964895847
7341.09005970915 0.32664330394048496
7343.422248131038 0.32998849485551335
7345.759320721825 0.32783722930005027
7348.096393317268 0.32730556365534014
7350.430535418811 0.3294791087154669
7352.767119607133 0.32857287639329463
7355.103703800098 0.32857961411702113
7358.024434047833 0.3289374263323464
7360.359553001942 0.33057811364939577
7362.696625626403 0.32987978411480867
7365.035163504791 0.3290763960637739
7367.370770889203 0.33114192509312734
7369.708331943966 0.3299681559883962
7372.045893003345 0.3306642721238863
7374.382965650899 0.330876499921603
7376.7215035523695 0.33085468734803847
7379.058087792691 0.3324334145854748
7381.396625703363 0.33146822726541697
7384.319309681722 0.3327829801363306
7386.658336019172 0.33235517373413104
7388.996385528321 0.33340443620386967
7391.3344350420475 0.33271539598350375
7393.6744382261295 0.3328630595787
7396.013952998343 0.3322122407058364
7398.353467775124 0.3330196264102758
7400.691028890684 0.3347128983462473
7403.032008925937 0.33331755185048606
7405.371523716403 0.33383354568283896
7407.71006167852 0.33463401258406444
7410.635187803365 0.33510933521672137
7412.976656274417 0.3342476520630819
7415.316171084205 0.33536643195512994
7417.656662731432 0.33533205822539847
7419.998131216103 0.3347049865308253
7422.338622872391 0.3351289809517591
7424.680579782574 0.33496834567157036
7427.021071447908 0.33596518265247144
7429.362539950673 0.33563812893757305
7431.703031625031 0.3376360294768141
7434.046453802662 0.3360407518820015
7436.972556824036 0.3364854588869745
7439.314025345951 0.33713643527933973
7441.656470705289 0.33704180406492096
7443.999892902051 0.3365549019024705
7446.34233827037 0.33728283946080617
7448.684783643175 0.33681654066328925
7451.027229020459 0.3381200868181932
7453.370162818689 0.33786828692605303
7455.711631371981 0.3391813787782702
7458.056030428559 0.3387320085786015
7460.984575589679 0.33856335540556987
7463.327509406885 0.3397482643829559
7465.671420061491 0.3387029069173664
7468.014842304075 0.339410764687399
7470.359241384058 0.3390504496439515
7472.703640468484 0.33960699767036395
7475.047551140877 0.339400670777749
7477.392438650658 0.33988179989775197
7479.735860915437 0.34007568957671547
7482.080748434083 0.34086845133761023
7484.425147540672 0.3404312637527083
7487.356134846605 0.34154578817579695
7489.701510796097 0.34118314812090283
7492.045909917035 0.3423069907960748
7494.3922627083175 0.34109013685689166
7496.73812708752 0.34129419193188665
7499.083503054639 0.34154541877639677
7501.428879026152 0.34205685714110234
7503.775720251524 0.34201408388058896
7506.120607815328 0.34192664003315354
7508.466960632985 0.34286825920758507
7510.8133134550235 0.34246080261685896
7513.746254488727 0.3431049557862743
7516.092118904112 0.34392157783638644
7518.440425406337 0.3425912714558771
7520.785801413962 0.34426754790472414
7523.134596341412 0.34289082977399815
7525.48094919074 0.34343692013628807
7527.827790460917 0.34376080325327363
7530.1741433189445 0.3442803676589686
7532.52244984731 0.34438925872022447
7534.869779547019 0.34441202492921263
7537.218086084068 0.3444186877362519
7540.152492428471 0.34470157388457473
7542.500798975267 0.3447061395968895
7544.849593942894 0.3448413709590619
7547.197412081833 0.34428872777273467
7549.545718641594 0.3449472414281405
7551.895002038684 0.34489089573175485
7554.24282019056 0.3450779319450576
7556.592103596268 0.3445211892901222
7558.94041017326 0.3447071183904817
7561.29018200408 0.34508869722556
7564.224588403702 0.34601877700556055
7566.575337077206 0.34590052185436154
7568.924132088946 0.3459585140289846
7571.274392354509 0.34579395255463324
7573.623675791323 0.3457722139621838
7575.972959232409 0.3458296203512301
7578.323707927317 0.3459576857485666
7580.6729913769395 0.34661949863999014
7583.023251663862 0.34628793434841476
7585.374488788082 0.34527710764204395
7587.723772250481 0.3464231169085362
7590.662086042278 0.34626615486148193
7593.012834763798 0.3462631115557219
7595.363583489562 0.34630698830123785
7597.714332219567 0.3460052654915424
7600.064592537284 0.3466991564695235
7602.415341275754 0.34674457941312886
7604.7670668515075 0.34617467978020405
7607.119280848014 0.3459417184762912
7609.470518015686 0.3461270697617836
7611.822243604107 0.3468688611637829
7614.1729923636785 0.34665181804400325
7617.112771464521 0.3459415002902535
7619.4644970666195 0.34657032580486863
7621.817199505987 0.3459869176749378
7624.167459866882 0.3473457340069751
7626.520650731175 0.34641612668091415
7628.873353183128 0.3466662942115632
7631.225078806192 0.3465201345917667
7633.577781266515 0.34628819898710633
7635.930483731014 0.3464671253682288
7638.2841630327675 0.346018442477849
7640.636377089077 0.3461706402521831
7643.577621498401 0.3455672968184458
7645.929347147537 0.3466846180737349
7648.283026466999 0.34656870162162284
7650.636217374074 0.346425647106102
7652.989896701845 0.3463033156126412
7655.343087617221 0.34574339308402613
7657.69627853674 0.3464090894480064
7660.049957876948 0.3467382815591717
7662.404614054388 0.34538169301044813
7664.757804986318 0.34575499316160885
7667.7005146984075 0.3458824440780947
7670.054194056172 0.3457467966438925
7672.408361834607 0.34514975451235075
7674.76252961716 0.34578616064850465
7677.11718582038 0.345981047289288
7679.471842027712 0.34468335696469915
7681.825032989486 0.3464123605013688
7684.18066603814 0.3453306061223713
7686.534833841223 0.344916459746396
7688.8885132318455 0.3461271489069767
7691.243657876231 0.3461806705664293
7694.187832895743 0.3456263333455242
7696.542489132762 0.3449692174178575
7698.897633790424 0.3450922078997299
7701.25277845216 0.34503543664133457
7703.608899951096 0.3445805668631018
7705.964044620973 0.34485295010417294
7708.3187008783525 0.345484287618795
7710.674822389488 0.34471661721824487
7713.030455488117 0.34460900608508566
7715.386088590799 0.34459074856397315
7717.741721697531 0.3447726657550457
7720.686385190779 0.34468010836613
7723.042506723183 0.34425808169653593
7725.398139843052 0.3451376527335189
7727.754261383529 0.3454677784582909
7730.110871344608 0.34431277004664723
7732.466992893147 0.34425077460420705
7734.82262602913 0.34486243879404493
7737.17972441886 0.3432860376398009
7739.536334396034 0.343732790952407
7741.89294437722 0.34394146698019973
7744.249065945839 0.3442287599217982
7747.195683161978 0.343895984530686
7749.552293156184 0.34367369156481925
7751.907926321225 0.3448504876296282
7754.265513156582 0.3448481215552091
7756.62309999593 0.34371800143761055
7758.979221589521 0.3445450015465476
7761.33778527001 0.3438486415391453
7763.694395288144 0.3437379036121474
7766.051982143424 0.3424879437453188
7768.407126919747 0.34466853192903474
7771.355209436712 0.3436729976587684
7773.712796304889 0.3441848303018016
7776.0718484267945 0.3433500619297721
7778.428946886305 0.3428311590960173
7780.784580099997 0.3441916012749641
7783.1441206503605 0.3435531058443509
7785.501707538308 0.3433059442926743
7787.859294430198 0.3435236025221114
7790.217369742621 0.3431251042655229
7792.574956642386 0.3434075783808745
7794.9335203792725 0.3431656809127872
7797.8806261185655 0.34291453209771583
7800.239678280883 0.34309898506759895
7802.597265197335 0.343197117289761
