calculator/instruments/lris/plaintext_files/red_D560_1200-9000.txt
# %ECSV 1.0
# ---
# datatype:
# - {name: WAV, unit: Angstrom, datatype: float64}
# - {name: EFF, datatype: float64}
# meta: !!omap
# - {DICHROIC: D560}
# - {GRATING: 1200/9000}
# schema: astropy-2.0
WAV EFF
7361.245521302448 0.18905675937751135
7362.827572029117 0.19202664558946178
7364.409622757907 0.1944103184867731
7365.993627240879 0.1959542071082944
7367.575189535893 0.19908397198543792
7369.158705585087 0.19965314826454164
7371.135902678481 0.20430959399139081
7372.719907170455 0.2041087234674774
7374.303423226529 0.20632585844451606
7375.885962408675 0.20923219718647376
7377.470455345016 0.209212914667573
7379.054948283467 0.21064751581950875
7380.636999033924 0.2133081324712317
7382.22198041462 0.21325753318015367
7383.80793867347 0.21391322319583805
7385.389500992222 0.21687683021394816
7386.974482379239 0.21683487962645556
7388.955098568442 0.2190953774323404
7390.5400799601975 0.21914823466978453
7392.126038230107 0.21967335910998817
7393.7105311880405 0.22067407427257565
7395.296001024129 0.22079517126595744
7396.881470862317 0.22194228600297652
7398.467429140632 0.22248481843894483
7400.053875859075 0.22187389237947852
7401.638857265525 0.2236759360331065
7403.224327112101 0.22349905983388677
7405.207385518341 0.2241717993351963
7406.794809121752 0.22278486002467104
7408.381255851192 0.22409476961356478
7409.96672570666 0.2248181459000789
7411.555126192414 0.22328889420132503
7413.140596052055 0.2253061126652745
7414.728019665923 0.2242388294862137
7416.316420157949 0.22396900926502875
7417.902378461881 0.22504351533147784
7419.491267396117 0.2235951535128196
7421.078691018328 0.22404614053468694
7423.064191644114 0.22360012782553745
7424.650638394928 0.2248110097644684
7426.240504214101 0.2224126629730866
7427.828416283193 0.22328150830387514
7429.416328354362 0.2227562732330401
7431.005705741733 0.22193677017774094
7432.593129379014 0.22300538548292734
7434.182018332493 0.22240850732937048
7435.771395726092 0.22179469781137368
7437.360773121764 0.22116218646659966
7438.9506389575545 0.22078345499493374
7440.937116488624 0.21974753581416795
7442.5260054529845 0.2206873099162291
7444.117336609644 0.21863895556354043
7445.705737140088 0.21981324600970317
7447.295602986739 0.2193577439966548
7448.886934149603 0.21781667643034888
7450.475334686237 0.2184130888407746
7452.0681311673825 0.21659120543315644
7453.656531708136 0.21743144962625707
7455.248351317309 0.2163965498701891
7456.8401709285445 0.2153590141698272
7458.828113802786 0.21471778678852563
7460.419444980602 0.21446392411963863
7462.011264598529 0.2134168673802777
7463.601130466294 0.21394105971670116
7465.193438526386 0.21288906854025014
7466.785258150479 0.21236016679605474
7468.377077776624 0.211309428332387
7469.969385842877 0.21104007828439839
7471.560228597009 0.21051201201946043
7473.15400198154 0.20972634841787877
7475.144875510423 0.20881458068174077
7476.735229833146 0.20931820331112871
7478.328026348213 0.2085405960362391
7479.920822865327 0.20853650289646658
7481.5155731367295 0.2062454144874077
7483.106904343745 0.2072601142616464
7484.701166181175 0.2057424339849929
7486.293474268394 0.20600506840736685
7487.886759233778 0.20526316054263594
7489.480532639266 0.20503116288883136
7491.074306046791 0.204053339364646
7493.066156480512 0.20371830572400104
7494.660418330688 0.20326025880209833
7496.254191744829 0.2030590222792728
7497.84845359907 0.20212074945377612
7499.442715455344 0.20168842517873262
7501.03746575172 0.20101939041088834
7502.631727612054 0.20109923609128505
7504.225989474416 0.2002042798232039
7505.821228214949 0.19981112876054455
7507.41695539558 0.1989437491971088
7509.01072882595 0.1997925266621458
7511.005021478565 0.19909769735326877
7512.600748665778 0.1982638542652986
7514.195498978867 0.1979300968362965
7515.791714608202 0.19784873760027177
7517.386953363402 0.19753821312156475
7518.983168996778 0.19675667703957625
7520.579384632169 0.19647029811023725
7522.174623393425 0.19643606068390174
7523.770350594771 0.19617425059396792
7525.367543112369 0.19616508085583395
7526.963270317745 0.19568777820035627
7528.959028312971 0.1954117848953468
7530.555732399033 0.19496541482595714
7532.152436487103 0.19500933867846498
7533.749140577184 0.19482895623060106
7535.346333107356 0.1946615593277387
7536.944014077616 0.1942697914651611
7538.541206611801 0.19389071306464145
7540.1379107099065 0.19376322536204443
7541.735103248098 0.1938860166534019
7543.332784226381 0.19354847010692913
7545.330007561567 0.19391478586273073
7546.92768854435 0.19360777452357186
7548.525369529133 0.19378744328712955
7550.123050515913 0.19421874103741987
7551.721708380865 0.19347570578756582
7553.320366247819 0.1932228260238693
7554.918535678675 0.1934556366530482
7556.516705111524 0.19299328924501735
7558.11536298446 0.19301547788131032
7559.713043983201 0.19399886513030587
7561.31219029821 0.19380909529620094
7563.311367413817 0.19365292902630643
7564.9105137333 0.19349576138389754
7566.509171616678 0.19382331237496275
7568.108317940138 0.19345348182786207
7569.708441141773 0.1935708730850787
7571.3075874691995 0.19417463748786956
7572.907222236706 0.1938441252040575
7574.505880130001 0.19447177763474366
7576.106003339569 0.19440183249326215
7577.706614989214 0.19410757901089967
7579.306249764642 0.1947728609331914
7581.306403784332 0.1950290697358211
7582.906038564206 0.19500855367454023
7584.505673346053 0.19571642113102244
7586.105796567977 0.1959581245169238
7587.706896668078 0.1957328098653401
7589.307508332047 0.19599777210320912
7590.907631559885 0.1967541386590736
7592.509220104003 0.19679995889025223
7594.109831773882 0.19661766834979194
7595.710443445729 0.19764791727290973
7597.3115435576465 0.19796758794402955
7599.313162919361 0.1981400067421682
7600.915239911917 0.1979999302349569
7602.515851592109 0.19859207827329542
7604.117440150482 0.1984708313581026
7605.720005587036 0.19884421767644167
7607.3211057112185 0.19970970700546567
7608.922205837359 0.20058953117737147
7610.524282841678 0.20074632853579186
7612.1263598479545 0.20115751097046047
7613.7279484180735 0.201329760740516
7615.731521557339 0.2016218709859503
7617.333110131851 0.20205877734221087
7618.935675584545 0.20275292333006237
7620.5382410391885 0.20271273443288879
7622.140806495784 0.20342162099576874
7623.742883516212 0.20439041631666593
7625.345448976702 0.20462019520931593
7626.948502877256 0.2053582796004405
7628.552045217872 0.2048510012906406
7630.15412224608 0.20660543875242524
7631.756687714346 0.2068612997033855
7633.76123775724 0.20725414732976125
7635.3642916679955 0.20727125433421958
7636.968810895055 0.2077997232790949
7638.570887933444 0.2090967066283229
7640.174430288137 0.2093841280452052
7641.778461082888 0.2096765352771054
7643.38200344145 0.21022955457117812
7644.98701111632 0.21001985469945147
7646.589088164379 0.2118668616776998
7648.194095843115 0.2116629529880393
7649.799103523786 0.21197899570946158
7651.803165155771 0.2132197550939787
7653.407195964533 0.21380272481184764
7655.011226775217 0.21465390158747982
7656.616234464087 0.2144623164945755
7658.219776840497 0.21610809128261227
7659.825272971345 0.2153961939104353
7661.429792227859 0.21599930659745437
7663.033823048165 0.2179284963929379
7664.639319184783 0.2174778478477317
7666.244326885191 0.21809346682416983
7667.849334587517 0.21870986513688173
7669.855349999058 0.21948424482460388
7671.460357705696 0.22037343792763306
7673.065365414252 0.22100207945662073
7674.6698846865875 0.22189934514429557
7676.275380837102 0.22307441637886724
7677.881853865802 0.22208280864981048
7679.487350020142 0.22271433692593987
7681.092357738256 0.22416328115775355
7682.698830772691 0.22452839860279009
7684.304326932756 0.22489505881209795
7686.311807683195 0.2259659706994324
7687.91535009499 0.2277128315755561
7689.522311575665 0.22808070567001215
7691.128296181965 0.22789196699352054
7692.733792352024 0.22937150090744418
7694.341242276552 0.2300166363466409
7695.94673845041 0.23038207214874484
7697.5532115024525 0.2307470937577225
7699.16066143268 0.23083172278939568
7700.76713448852 0.2320366441693313
7702.374095984396 0.23183541664193108
7704.381576761545 0.23320228938584414
7705.987561385394 0.23412940587546674
7707.59354601113 0.2353442331752096
7709.201972829494 0.2345563570668739
7710.807957459009 0.236054174747962
7712.414918966709 0.23669303149663096
7714.022857352595 0.23704611421607594
7715.63079574037 0.23768137949435114
7717.235803501128 0.23889568630844912
7718.84276501637 0.2398242945882074
7720.451680286101 0.23929024113940667
7722.4606264042295 0.23978513364913503
7724.0685648018925 0.24041080323620556
7725.674549448825 0.24250441418165655
7727.282487850245 0.24253990591025934
7728.890426253545 0.24257006353109073
7730.497876220565 0.24377934782916544
7732.105814627617 0.2440989213959709
7733.713264598388 0.24471105307332533
7735.322179885498 0.24443210197500695
7736.9286529837 0.24683152289846413
7738.537568274557 0.24713554629094475
7740.547002857203 0.24788918590831055
7742.155918152269 0.24728488276429791
7743.764345011041 0.2475785468476338
7745.37081811904 0.24937497715547974
7746.980221857865 0.2502694287230857
7748.588648722234 0.24994123556417147
7750.196587150304 0.25143876846629465
7751.80550245656 0.2517118998779747
7753.413440888351 0.25228425999167853
7755.023333074655 0.2513289980533349
7757.034232995659 0.2526428521860581
7758.6426598716525 0.2535099583846425
7760.250109873171 0.25468406157480666
7761.858536752872 0.2564869069884799
7763.46940582526 0.2548578279413011
7765.077832708668 0.255711161327093
7766.685771155761 0.2568751244758477
7768.295663357375 0.2567883958716928
7769.905555560839 0.2570062831208817
7771.513005575308 0.2584721926160965
7773.122409344298 0.2586823838930565
7775.133797729507 0.2596442525063215
7776.743689940822 0.26015568867755673
7778.354070592154 0.2590896724573601
7779.963962807155 0.25958973283090864
7781.57141283314 0.26166836223054785
7783.181793489999 0.26216419117915934
7784.791197272351 0.2613789826519925
7786.401089494717 0.2618615745226972
7788.009027966217 0.26361545532379277
7789.620873944956 0.263130854505967
7791.22978929648 0.263598087124772
7793.242643022076 0.2638563527102093
7794.851558377721 0.26463264912280615
7796.4609621733725 0.26572733028782286
7798.070854409032 0.2661757775094062
7799.680746646519 0.2669425024306776
7801.291127324016 0.26672912012301603
7802.901019565157 0.267484493942433
7804.510911808127 0.2685649811764639
7806.122269367463 0.2680075728941092
7807.732650052262 0.26712610946084936
7809.3420538625205 0.2691609044795072
7811.356372928362 0.2683616535867077
7812.965288304531 0.2703939324044521
7814.575668997069 0.27078829541886035
7816.185561253241 0.27084518134315433
7817.797407263967 0.2695918146740723
7819.406322647397 0.2716059336332462
7821.017680223572 0.27197936202941014
7822.629526239751 0.2720138024281335
7824.238930066804 0.27138707540487406
7825.849310772044 0.2730605938646091
7827.863629861156 0.2721754983757131
7829.473033694089 0.27384419997759
7831.083414405206 0.27451462680859556
7832.695260432699 0.27418059025363906
7834.307106462002 0.2725236012718118
7835.916998740344 0.2744980551843201
7837.526891020487 0.2758173140671714
7839.138737055201 0.2757927571424186
7840.751071529912 0.27376988631767074
7842.3609638154585 0.2753962564083398
7843.970856102798 0.27703108991865155
7845.985175217278 0.27604930093218255
7847.595555946856 0.2783571055599437
7849.207401992815 0.27761930607431695
7850.818759602374 0.2768834271935846
7852.430117213726 0.276814920874155
7854.0409863886725 0.27842387179576517
7855.6518555654075 0.27868274753141026
7857.264190058531 0.278257931999934
7858.875547677044 0.27783127543356007
7860.485928420948 0.27908306562536656
7862.0963091666345 0.2806854097450275
7864.112093620908 0.2796094535009527
7865.722474370608 0.2801768142608533
7867.3343204366965 0.28039786147411605
7868.946654942772 0.2795955692942667
7870.558012574219 0.27946609809555367
7872.169370207451 0.28034939440312917
7873.780239404255 0.28157160715451046
7875.392085479242 0.28108669299290917
7877.004908432419 0.2799182564881457
7878.615777634552 0.28112251938416755
7880.226646838456 0.28233067907488074
7882.242431317758 0.2811840570820525
7883.853300525647 0.2823800752572964
7885.465146611724 0.28220335939346336
7887.0784580141935 0.28100306940310543
7888.6903041038095 0.28048207252382634
7890.300196442356 0.28336496624624524
7891.911554097294 0.2838599762308864
7893.525353945049 0.2822841655275957
7895.136711603514 0.2814008588162186
7896.7480692637455 0.28255925394237974
7898.763853765698 0.2810212600087137
7900.374234553462 0.2838772218343798
7901.986080657625 0.2840011174808224
7903.598415201758 0.2848109872433892
7905.211238185865 0.28319867818666145
7906.822595857084 0.28296659826964005
7908.434441968275 0.2844472403187984
7910.0457996430005 0.28524199461860944
7911.658622634125 0.2846454726145506
7913.27095718879 0.2833624030888234
7914.883291745206 0.28413914309393623
7916.898587833631 0.28321735287917243
7918.509457079326 0.2843280961048586
7920.121303203202 0.28613979948953444
7921.733637767047 0.28516785294316993
7923.347437647296 0.28386120977160706
7924.959772214632 0.28324133008977115
7926.570153030822 0.28467824329554997
7928.181510725194 0.2857783251491397
7929.79531061242 0.28479634041273616
7931.408133624943 0.2841606583929705
7933.020468200979 0.2828398778168971
7935.034787437467 0.2849544324199388
7936.64809889386 0.28328137367458445
7938.258968160865 0.28538316169530115
7939.870325867826 0.28611497314715967
7941.48412576765 0.2851066990150595
7943.096460354528 0.2834214603908798
7944.708794943135 0.2841332679542463
7946.319175780559 0.2862312428318872
7947.931998810854 0.28590473676350303
7949.545310281105 0.2845394884780506
7951.157644876623 0.2838705743045318
7953.171964137428 0.28526384819283035
7954.784298736827 0.28527270777449404
7956.397610214408 0.28459205953667877
7958.008479502555 0.2859815701168995
7959.620814107116 0.28563769632399255
7961.234125589862 0.2849461400164201
7962.8469486360955 0.2842562049734832
7964.458306369345 0.28528548892395883
7966.0691756660735 0.2866707859739323
7967.682487155687 0.28596412125045473
7969.697294876735 0.2862980332416583
7971.311094808444 0.2859386445586722
7972.9239178653925 0.28419461431962806
7974.5357640475795 0.2838378073064499
7976.147121793235 0.2858869485372544
7977.759456417074 0.28621476422029196
7979.371791042619 0.28549657296970565
7980.98461410811 0.2851255669872738
7982.596460298827 0.28544620168860824
7984.208794929486 0.2857646624441005
7985.820641123607 0.28608221231606934
7987.836914183374 0.28465798460164804
7989.447295066594 0.2863593040078763
7991.061095019208 0.28528214444193434
7992.673918097036 0.2838684357686923
7994.286741176564 0.2841750887203149
7995.897610504809 0.2855171605914214
7997.508968272992 0.2858242859935906
7999.123256672337 0.2844016527955451
8000.735591320396 0.28298937324750845
8002.3474375319 0.28432166883477455
8003.9578184303555 0.2860129754162379
8005.974091513961 0.2838856429961991
8007.584960854455 0.28626748397267754
8009.198760826124 0.28483592814509123
8010.811095484735 0.2844476980350324
8012.423430145032 0.28337216527907244
8014.034299492259 0.28435753537980996
8015.645657279421 0.28604521015231393
8017.2594572595135 0.28460968518965757
8018.8717919265355 0.2835297785208276
8020.484126595239 0.2831395350216028
8022.094995950861 0.28481116440971144
8024.11029218163 0.28302924400247653
8025.72262685578 0.2843528478245834
8027.333496216843 0.2853415438171085
8028.946807770851 0.2839094531769145
8030.559630888279 0.2821472944840403
8032.170988692609 0.28346296403217724
8033.781858060356 0.28479101440070126
8035.394681182792 0.2840469303467005
8037.007015868642 0.2836521085267667
8038.618862117902 0.28257195525307066
8040.634646808335 0.2825084821500022
8042.245516184825 0.2821144790503675
8043.856874001233 0.2837724338441295
8045.466766504523 0.28580135764289133
8047.081054953815 0.28298148557299346
8048.693878089985 0.2822469857997481
8050.304747474773 0.282536191071199
8051.915616861217 0.2835121494655535
8053.526974687578 0.2838051228611336
8055.139309392119 0.28272179032005484
8056.751155660051 0.28164875324539274
8058.7659634972915 0.2822675368453458
