calculator/instruments/lris/plaintext_files/red_D460_600-10000.txt
# %ECSV 1.0
# ---
# datatype:
# - {name: WAV, unit: Angstrom, datatype: float64}
# - {name: EFF, datatype: float64}
# meta: !!omap
# - {DICHROIC: D460}
# - {GRATING: 600/10000}
# schema: astropy-2.0
WAV EFF
[from data line 428]
7961.221022257341 0.33105898514854243
7964.46455553358 0.3305083330654203
7967.7071119960165 0.33129538326177527
7970.9496684653805 0.3315399770851396
7974.1932017624185 0.33166985830592177
7977.437223476749 0.33153944437691824
7980.679291556479 0.331372167076679
7983.921848053482 0.33177885970440674
7987.97565419739 0.3330012099005486
7991.2211411721555 0.332450836382504
7994.465162922656 0.3326903281323735
7997.709184680019 0.333379966334079
8000.952229623469 0.3340082817831069
8004.196251394531 0.33474154631342523
8007.441738403584 0.3337832606106476
8010.684294957154 0.3343836096777943
8013.929781979862 0.33404760886168605
8017.172826957445 0.3353293203058229
8020.418313993773 0.3346839469824221
8024.4755391065355 0.3349702497058142
8027.720049337365 0.3356150471526082
8030.966024806152 0.33534039695561285
8034.21053505053 0.33624964654953243
8037.455533712061 0.33619854304561164
8040.701020790738 0.3363257641524965
8043.946019465765 0.33654458660310616
8047.191506557923 0.3371078875030902
8050.436016836013 0.33722222510104555
8053.682969172818 0.33666566781950713
8057.740682782466 0.3373671151717794
8060.987146723968 0.3375370239706337
8064.233610672166 0.3374015209237895
8067.480563037455 0.33795780814314613
8070.7270269990195 0.33774297850017765
8073.973490967255 0.3378777994685755
8077.219954942153 0.3384575798826147
8080.466418923701 0.33813069608813967
8083.713859732714 0.3380707468170179
8086.960323727548 0.33828842996428865
8090.206787729012 0.3389198364823888
8094.264989842748 0.339031110642828
8097.512430679919 0.33867895060509956
8100.759383113281 0.3389500695727831
8104.007312374068 0.3393077067492183
8107.255241641446 0.33876396871006204
8110.502682504988 0.33905172448353044
8113.751100195937 0.33947086931312265
8116.998541072615 0.34008766787537653
8120.247447187108 0.3393911458283978
8123.495376487313 0.3397522615577961
8126.74379420448 0.3399108790992801
8130.803461641884 0.3400115735797008
8134.051390963314 0.33969972659475584
8137.298831880832 0.34036577323245265
8140.548714856985 0.3398289338231359
8143.795667377078 0.3402475562536496
8147.044573545371 0.34058069986731115
8150.2925028992895 0.3400287179220745
8153.541409080541 0.3405311935320037
8156.790315268262 0.3406578776940538
8160.040198283306 0.3402597260070865
8163.288616073508 0.34027867761226055
8167.349260422925 0.3405530894114179
8170.597678227609 0.3407970469013082
8173.847561270029 0.3403070830577002
8177.0969559084315 0.3408537462229068
8180.346838963683 0.34012458065991263
8183.595745204462 0.34038229821204047
8186.845139862074 0.34078087982923627
8190.095022936517 0.3404915475113121
8193.344417606897 0.34067658515391286
8196.595277514982 0.33981530170311997
8200.657875588151 0.3404883405630628
8203.907758689658 0.3404665521682389
8207.156664976623 0.34040337626302897
8210.408501732607 0.34009487204758565
8213.658384853139 0.34035192731650465
8216.908267979994 0.34042958788807365
8220.158151113164 0.3406022206809486
8223.409011073545 0.34034981050001817
8226.659871040229 0.340250100031448
8229.909754192306 0.34014299943442816
8233.159637350664 0.3407356880794788
8237.223212333578 0.33995338722629265
8240.474072326962 0.3398631243369174
8243.724932326613 0.33971167354780835
8246.974815511601 0.3404563357246329
8250.22567552375 0.3404293276654351
8253.477512363059 0.34004806210218724
8256.72837238768 0.3398705622708211
8259.97923241853 0.33987071781731965
8263.230092455595 0.33995219757916323
8266.480952498867 0.3397402989262795
8269.732789369269 0.3392578531479798
8273.79636443982 0.33974882202793993
8277.047224503222 0.3400824868214044
8280.29906139373 0.33951078855611605
8283.54992146948 0.33979317157288763
8286.800781551387 0.339702920294097
8290.051641639446 0.339688745651619
8293.303478554595 0.3394763894677361
8296.555315475885 0.3392833045945688
8299.807152403308 0.33934386663464333
8303.058989336858 0.3390722501323793
8306.309849455578 0.3393417902038861
8310.374401433519 0.3396710617508966
8313.625261565972 0.339237414355502
8316.877098525474 0.339008124701582
8320.128935491062 0.3390815003562741
8323.38077246273 0.33895682940324867
8326.63358626143 0.3394460325852271
8329.885423245236 0.3391994698496826
8333.136283414131 0.33965385944008564
8336.388120410043 0.3394355171827868
8339.638980591028 0.3393986921911802
8342.891794419984 0.3396907113684835
8346.9563464832 0.33979297367513256
8350.20818350474 0.3393512170548204
8353.460997353266 0.3397542524615544
8356.713811207797 0.3397523441454883
8359.96564824735 0.33954390058466316
8363.218462113871 0.3390180625129445
8366.47127598638 0.3391156934583331
8369.722136222897 0.3399850874825528
8372.974950107351 0.33923033680194903
8376.226787176774 0.33956131644154
8380.292316137673 0.33952204569922934
8383.545130041475 0.3394524188503152
8386.797943951218 0.33894618231419815
8390.049781045898 0.339485950440197
8393.301618146497 0.3397719501124093
8396.55443207401 0.33918951355738625
8399.808222828437 0.33905222276006836
8403.05908312576 0.3395943803283925
8406.311897070982 0.3400729439236162
8409.56275738008 0.34077647545795425
8412.816548158078 0.33993061468554703
8416.88207720207 0.34051701963311476
8420.133914351254 0.34064748117460897
8423.387705148325 0.34110614073607026
8426.639542309218 0.34094048763147966
8429.89235629697 0.34095917350240407
8433.145170290558 0.3408618083476514
8436.396030647931 0.3413800072651557
8439.649821474191 0.3409259762884059
8442.901658664225 0.34177957481658167
8446.15349586006 0.3417913381202944
8449.40826352478 0.34149161342574563
8453.473792650748 0.34151967253861215
8456.724653044377 0.34234526881847305
8459.976490264811 0.34269876168899777
8463.230281133088 0.34210510347867185
8466.482118365058 0.3426134221003618
8469.734932423824 0.3427887642188501
8472.987746488338 0.3428804403082528
8476.239583737555 0.3434676910331955
8479.493374634596 0.3428610427029128
8482.745211895277 0.34342756591102236
8485.999002803776 0.3431064435261497
8490.0625783685 0.3438776338516034
8493.315392468801 0.3445167517114515
8496.5682065748 0.34453685926998995
8499.821020686499 0.3447730827414222
8503.072857982823 0.34512427085255615
8506.326648926944 0.34499069610381994
8509.57848623462 0.34579053537296417
8512.830323547965 0.3457479239345455
8516.084114509089 0.34538537830174676
8519.334975012674 0.34626313427438493
8523.399527471154 0.3465125998654715
8526.65234162956 0.3464633829074453
8529.905155793596 0.34705072308169366
8533.15699314219 0.347195143866752
8536.409807317465 0.34756109507576793
8539.66164467728 0.34742446026408763
8542.914458863772 0.3474547817700435
8546.166296234784 0.34845227873006496
8549.418133611382 0.34918668137569253
8552.671924635726 0.3481541017179791
8555.922785202401 0.3494065976749563
8559.98831456074 0.34910281886816463
8563.240151961016 0.35024353004498043
8566.491012545754 0.35064853417967884
8569.743826778216 0.3503747318976966
8572.995664195132 0.35134331034820454
8576.247501617578 0.3514297854260813
8579.499339045555 0.3521015544859133
8582.750199657949 0.352467025025307
8586.00301391805 0.35206876904337964
8589.255828183668 0.3524189787882457
8592.50766563368 0.353065319833044
8596.571241427544 0.3534826423815923
8599.822102068802 0.35471026626385643
8603.074916357753 0.3544551791087217
8606.326753831065 0.35506336114443
8609.578591309852 0.3552150069183026
8612.829451972979 0.3558322925491963
8616.080312641556 0.3561374342067203
8619.333126957808 0.35629498408941523
8622.583987637272 0.35735424955437795
8625.835825143282 0.35783832862321807
8629.0866858336 0.35767860101313964
8633.151238525237 0.3575554319494921
8636.40307604886 0.3581684240523767
8639.653936756764 0.35953853872054886
8642.904797470066 0.35992849195883747
8646.155658188758 0.3603831418685265
8649.407495733964 0.3599689469243967
8652.658356463417 0.36008848432251866
8655.908240377108 0.36115032270162656
8659.160077938433 0.36125094025018656
8662.410938683985 0.3621178424867077
8666.474514623447 0.36255276093050365
8669.725375381031 0.3629207307895289
8672.975259322808 0.363488784155499
8676.225143269916 0.3643815139224321
8679.476004043492 0.3643606549684764
8682.726864822389 0.36481728648297773
8685.976748785448 0.3652581892536797
8689.22663275381 0.3660364535612042
8692.477493548626 0.3661973908309178
8695.726400706424 0.36693959480644883
8698.978238332971 0.36681599423708894
8703.039860704826 0.36794896338750394
8706.290721522093 0.3677214590839403
8709.540605523467 0.36737431732346504
8712.7904895301 0.36812428149891396
8716.039396720822 0.3693416926335242
8719.29025755912 0.3694075966677145
8722.539164760325 0.3704817288676415
8725.788071966761 0.3713751199344457
8729.038932820764 0.37109746199997495
8732.288816858818 0.3708506464419302
8735.537724080918 0.37212135673801144
8739.599346526451 0.3718416211220852
8742.850207402611 0.3716644697685684
8746.098137820434 0.3727019860406741
8749.3480218858 0.3729417537239067
8752.59692913517 0.3735144196944703
8755.844859568533 0.3747005609609765
8759.093766828244 0.37528762409990085
8762.343650914308 0.3753753896716686
8765.592558184342 0.375488879550107
8768.841465459527 0.37545446041432706
8772.089395918665 0.3762222736820005
8776.150041615705 0.376864394001453
8779.397972086394 0.3772668037048101
8782.6468793834 0.3772622804604086
8785.894809864327 0.3776684473896256
8789.143717171564 0.37714738005183956
8792.391647662711 0.3778849436933831
8795.638601337752 0.3786521561861486
8798.886531839089 0.3788516733075472
8802.135439166714 0.3782356971786502
8805.381416035807 0.3790957816411357
8809.44010815581 0.37962503374145284
8812.688038678722 0.3797482278671516
8815.935969206694 0.38024330019477864
8819.182922918513 0.3806067506220437
8822.429876635377 0.3809388426312838
8825.678783999714 0.3809613746439155
8828.92476090544 0.3806717904705592
8832.171714637414 0.38197678750513914
8835.419645195634 0.3813326814623758
8838.667575758871 0.3809691127707499
8841.91159904223 0.3819270356536307
8845.970291233054 0.38277575604131087
8849.21626817011 0.38243217799187273
8852.46224511216 0.3828632491097086
8855.70822205919 0.3835206663396723
8858.954199011201 0.3837865621214914
8862.199199146957 0.3839110443635265
8865.44712975138 0.38244962468301597
8868.693106718296 0.38242475927856184
8871.93908369017 0.3829025734824705
8875.184083845756 0.3833742197422545
8878.430060827528 0.3829119331496072
8882.485822624507 0.38289806699408774
8885.730822796137 0.38287986266767887
8888.97582297269 0.3833091530196
8892.22082315416 0.3828130572402513
8895.465823340548 0.38276275536089555
8898.710823531837 0.3822437827804618
8901.954846906776 0.3830975533535972
8905.200823929119 0.38209444555716565
8908.445824135099 0.3820071556811336
8911.68887070345 0.38282656887249755
8914.932894097932 0.38317961859385674
8918.988655963829 0.38210801209011236
8922.231702548004 0.3824333695073004
8925.47474913703 0.3822919426870625
8928.718772552174 0.3816775082422622
8931.962795972167 0.38151451589145785
8935.206819396999 0.381338096589859
8938.4498660054 0.3820700975599576
8941.692912618628 0.3818715110528789
8944.934982415407 0.3816612124841188
8948.179005859547 0.3809805694967312
8952.230860502345 0.3811477227581289
8955.473907136029 0.38044444606404826
8958.716953774512 0.3806440938547367
8961.960000417786 0.3799149843917097
8965.202070244568 0.3796370759911546
8968.444140076133 0.37979942329848954
8971.68620991247 0.37903511292355874
8974.928279753578 0.3787211225119506
8978.169372778164 0.3783940097618156
8981.410465807505 0.378509035737597
8984.654489305462 0.3772448773694518
8988.704390372815 0.37769811079677323
8991.945483417578 0.376864858501327
8995.187553288368 0.37647463933111847
8998.4266927 0.37652427910348946
9001.667785758942 0.3761150720929751
9004.9098556439 0.3747983863045413
9008.149971890974 0.37482542886329967
9011.389111321449 0.3748376043566353
9014.62922757792 0.3743841165272247
9017.869343839087 0.3734732536759204
9021.109460104943 0.3734491730366648
9025.160338059823 0.37283564275778747
9028.399477514899 0.37188587779043447
9031.63861697464 0.3718159567617553
9034.876779617734 0.3717394707707005
9038.115919086793 0.37119967165672274
9041.357012203132 0.3697534611381763
9044.595174860178 0.36919213690096864
9047.833337521863 0.3686121596610862
9051.072477009502 0.3684697430762513
9054.309662859132 0.36787142091202785
9057.547825534702 0.3677016996427625
9061.595773090992 0.36691633252252015
9064.833935776944 0.36583643839216795
9068.07112164618 0.3656257599183124
9071.309284341341 0.36452074903163356
9074.547447041099 0.3634062979184954
9077.783656102789 0.36316013009762105
9081.02084199039 0.36289820745295914
9084.25802788257 0.36175198212854437
9087.49521377932 0.36103084653184947
9090.73239968064 0.35986513159918765
9094.776440010362 0.35936871743749504
9098.012649100603 0.35904457303816856
9101.248858195388 0.35827668127581963
9104.48604411606 0.35663223697767776
9107.720299577246 0.3571344311821527
9110.955531864302 0.3563329099309911
9114.19174097723 0.35466139931182183
9117.426973273334 0.35426808065832516
9120.662205573955 0.35343556331422576
9123.896461057737 0.3530202315945594
9127.130716546022 0.3521658173242412
9131.175733760747 0.35023672070220824
9134.409012437794 0.3502092394528358
9137.64229111933 0.3493246356118113
9140.877523448053 0.34800945862206384
9144.11080213854 0.3475284354342687
9147.3440808335 0.3470358656805249
9150.578336354283 0.34569421547600226
9153.811615058165 0.34476475542973545
9157.044893766504 0.3438286994156458
9160.278172479291 0.34246922181370704
9163.510474375158 0.34192948643556725
9167.550607545889 0.3403171727562281
9170.7838862731 0.33934678818673664
9174.015211361999 0.3387790862713758
9177.248490098062 0.33738746866750546
9180.48079201717 0.3363972343477537
9183.71016347657 0.33621499646549097
9186.942465404489 0.33561406742372135
9190.17379051544 0.33379369760353966
9193.405115630781 0.33277872041916157
9196.637417571892 0.3317580762300614
9199.866789053249 0.3311328694413247
9203.905945464552 0.329045853199027
9207.13629377713 0.32840693049018305
9210.365665272693 0.3277634036941723
9213.595036772615 0.32671768706152665
9216.825385098275 0.3256666737638313
9220.055733428288 0.324222931833977
9223.283151298481 0.323168436496946
9226.512522815789 0.3228907372448481
9229.742871158827 0.32105001071468253
9232.971265863409 0.32037841329326444
9237.006515044868 0.3190472028876832
9240.234909759172 0.3179800347773052
9243.463304477784 0.3169122074190787
9246.69072237931 0.31584375660884484
9249.918140285134 0.31515789687622414
9253.146535016656 0.31370653894017
9256.37395293107 0.3122631886202621
9259.600394028363 0.31157125801460944
9262.826835129938 0.310882192669942
9266.054253057193 0.3101919257220167
9269.281670988721 0.3080034336576647
9273.313989766313 0.30704784910219424
9276.5384772432 0.3063632093110385
9279.765895188577 0.305307124354173
9282.99135949538 0.30425060444541796
9286.216823806422 0.30320169703738914
9289.442288121703 0.30142607117788545
9292.665798798387 0.30111718277088884
9295.891263122132 0.2997154605910736
9299.114773807258 0.2994108847834617
9302.340238139446 0.2980209577097762
9305.565702475848 0.2962819818436183
9309.594114027286 0.2957346906474114
9312.8176247303 0.29508648760883793
9316.04015861608 0.29373187248929844
9319.265622970339 0.29238738297034256
9322.48718004307 0.2914044522700513
9325.709713941409 0.2907847432536206
9328.933224665356 0.2898173821562797
9332.15478175061 0.28886201774912845
9335.37731566146 0.2879123342560327
9338.599849576472 0.28697581697452074
9341.821406674204 0.2860485785357567
9345.846887820051 0.285251403378975
9349.068444927112 0.28400266078463854
9352.290978859755 0.2831122962022765
9355.510582332212 0.2822307988438653
9358.731162630236 0.28136316590977783
9361.950766110942 0.28119131851330126
9365.171346417212 0.28034775448585825
9368.389973084699 0.2798566742287549
9371.610553399192 0.2786998474526522
9374.828203253443 0.278233582157601
9378.854661273544 0.27624190139721605
9382.07328795846 0.27547344658978196
9385.291914647463 0.2750523419901168
