calculator/instruments/lris/plaintext_files/red_CLEAR_600-10000.txt
# %ECSV 1.0
# ---
# datatype:
# - {name: WAV, unit: Angstrom, datatype: float64}
# - {name: EFF, datatype: float64}
# meta: !!omap
# - {DICHROIC: CLEAR}
# - {GRATING: 600/10000}
# schema: astropy-2.0
WAV EFF
6566.707147594288 0.22510515791745922
6569.797804532067 0.22873882922655583
6572.897252857182 0.2297008813624708
6575.9903518671335 0.23443258341087872
6579.089800215658 0.23552123753915044
6582.184364478227 0.23937787220437987
6586.055988691166 0.24311086161763124
6589.157390716662 0.24413021901083565
6592.254397065869 0.2471411078199052
6595.355310704854 0.24926173775968433
6598.45475912612 0.2508976391023856
6601.553230739412 0.25511729088494617
6604.657074871817 0.2558826054926606
6607.75652332778 0.25922687934916266
6610.860367483301 0.2604503473357142
6613.962746421013 0.26180640044181525
6617.063660140884 0.26635214892019915
6620.944075892507 0.2686777223083985
6624.050850555678 0.2689044726157902
6627.155671591173 0.2699250817292083
6630.25805058916 0.27446248508130644
6633.3672673356905 0.2745876187920214
6636.473065225103 0.2755345658884281
6639.578863125926 0.27908345348002395
6642.686614677342 0.2800703799070661
6645.79680828916 0.28076931787420056
6648.903583043742 0.28300569278867704
6652.790836678927 0.2839625032229521
6655.900053508075 0.28685669131540253
6659.008293528935 0.2887994424189738
6662.123371298455 0.2885213865434905
6665.233076571369 0.2894301328997774
6668.344247085009 0.29195662438302505
6671.455417609923 0.294104813198226
6674.570007014821 0.29405293727455656
6677.684596430986 0.2946726487082063
6680.79674380929 0.2958558222492195
6683.91182165775 0.29745011073696215
6687.806890008663 0.29798011197918517
6690.920502652861 0.2999076253235277
6694.037534177032 0.30132288883259783
6697.1526120730605 0.3031257893860831
6700.26915520973 0.3040288527245845
6703.388628816548 0.3038641899748214
6706.509079254182 0.3037135091384371
6709.626599243922 0.3053002366594181
6712.744119244761 0.3057371195745614
6715.864569715729 0.3070460080674838
6718.98355496825 0.30887586871485273
6722.886926442981 0.3084926926392588
6726.007865359764 0.30924767672296216
6729.12880428758 0.3104339124846421
6732.2516968658165 0.3101620754608142
6735.372635815657 0.3119778841032743
6738.496505235608 0.3125065766142548
6741.619886256691 0.3136483744118319
6744.743755698599 0.31464530031195
6747.869090381042 0.31491901220163143
6750.994425074433 0.3157293461662476
6754.12024818862 0.31644212965407187
6758.029969146031 0.3157257644284691
6761.155792284777 0.3164516836415273
6764.283569073876 0.3168582059184206
6767.409880644247 0.31786315274533095
6770.537657455088 0.318428901058217
6773.6659226866495 0.3191361843216626
6776.796141568546 0.3192203524554704
6779.924895231648 0.3203640134986742
6783.056090954948 0.32069411862272523
6786.187775098933 0.32046997691491924
6790.1023802940945 0.31988430553343933
6793.231622412929 0.32139900925172293
6796.365260231471 0.3211796491946712
6799.498409650885 0.32190201506024746
6802.632535900813 0.32185398732299253
6805.765196931797 0.32219998402290295
6808.900300022943 0.3216850029338981
6812.035403124792 0.32180843463827846
6815.170506237326 0.32252814939813723
6818.3041441308405 0.3229818372680396
6821.441200904293 0.3234780767819876
6825.3626439885575 0.3233494296176902
6828.497747146344 0.32450782823110036
6831.636757593966 0.32412775144451733
6834.774791232393 0.32377694744195973
6837.914290111133 0.32330685551173133
6841.053300590549 0.3239370042649866
6844.191822670624 0.3243297894303785
6847.331809990984 0.32472863024265275
6850.472285731798 0.32392472647647674
6853.613738302975 0.3241192520513898
6856.753237245005 0.324517574115971
6860.681518216651 0.32453510197121743
6863.822970821964 0.32539675431783477
6866.96637707744 0.3251237464839921
6870.110760163229 0.3244470842155154
6873.252701209852 0.3246077866618827
6876.398549546322 0.3247688720027651
6879.542444253513 0.3247244128464039
6882.688292610838 0.3242672107502258
6885.833164158706 0.32470646201486075
6888.979012536827 0.324461722377234
6892.125837745197 0.32462159252284606
6896.059979782659 0.32384452315697854
6899.20582819446 0.32472170154858304
6902.354118666292 0.32413210315876156
6905.502409148454 0.3243322171107878
6908.650699640927 0.3244058618656772
6911.800943783483 0.32362927146368353
6914.949234296544 0.32414782198463227
6918.100455279568 0.3238151980566272
6921.251187862913 0.32333456105959285
6924.401920456509 0.3233678499232651
6928.34094672535 0.3230638771360167
6931.493144571832 0.3226908172265864
6934.64534242853 0.3226262939185251
6937.797540295427 0.32327346085495456
6940.95071499243 0.3226876177646081
6944.105354929495 0.32203928043878793
6947.258529646842 0.3225678302047943
6950.413169604229 0.3223803108690895
6953.567321161791 0.3223541057089974
6956.723426369348 0.3218675962104247
6959.8795315870275 0.3213401976489595
6963.824907328321 0.32105867196564114
6966.981989388664 0.32089246585726194
6970.1385830491145 0.32094871546162823
6973.296641949553 0.32000433599100503
6976.454212450072 0.3203495558085923
6979.612759780585 0.32002608290351037
6982.771795531112 0.31976366562799824
6985.931319701638 0.319643597293329
6989.089378652222 0.320295787037143
6992.249879662716 0.31929349951490893
6995.409403863221 0.31925386217170193
6999.362105895286 0.3184201028997387
7002.523095348168 0.31816070834182725
7005.685061630978 0.31838677576160523
7008.848004743706 0.31774566935755766
7012.009971046368 0.3173534098177672
7015.173402588922 0.3171074953123487
7018.337322551372 0.31610484446443354
7021.501242523712 0.316594035959975
7024.665162505923 0.3164516594194416
7027.829570907996 0.3157134758995384
7030.996421369935 0.3150862435856996
7034.951565591165 0.31524439695156453
7038.1179276652265 0.3144622731589652
7041.28477815911 0.3139169050753945
7044.451628662794 0.31399579039016134
7047.617502356242 0.31399064646768543
7050.785818109527 0.3127821800748643
7053.9541338725785 0.31300626217499
7057.122449645386 0.312613038799285
7060.290765427934 0.31221326156401036
7063.4605464502665 0.31162790444782534
7067.422040126821 0.3121891064741756
7070.592309581031 0.3111482734465762
7073.763555864979 0.310797797967165
7076.9328485185115 0.31139624883831
7080.105560051893 0.3097877490978579
7083.277783184915 0.30937329054113233
7086.449517917553 0.3094792860264554
7089.620275839762 0.30981246309834415
7092.794941051848 0.30813868014820395
7095.967652633418 0.30845566791820045
7099.141829454695 0.3082395764705171
7103.109184187249 0.3073710214759113
7106.28287262005 0.30744799738050443
7109.459003112613 0.30679905754606596
7112.631714744437 0.3073826301726152
7115.807845256092 0.3067410671165503
7118.984952597374 0.3060021628864948
7122.162059948178 0.30561354540680713
7125.338190488398 0.30565687612697356
7128.514321038106 0.3060110255859096
7131.6924052375 0.3052607898518337
7134.8700010363145 0.3047395734758778
7138.84419364338 0.3043855527717459
7142.02130105341 0.30481450176077124
7145.200362113096 0.304346853061103
7148.379911592267 0.3034780879197628
7151.55994949091 0.30325044577826776
7154.739987398956 0.30312908207733025
7157.921490546583 0.3026042770414904
7161.102505293529 0.3021663933829487
7164.282054819649 0.3027285195366692
7167.463557995381 0.3024433680573642
7170.645549590529 0.3022566532241477
7174.6256032504625 0.30131270101094343
7177.806618046458 0.3017483652525734
7180.990074902122 0.3017108493306428
7184.17402017716 0.3013052703851443
7187.358942281642 0.3009798880505042
7190.541422345013 0.3013165258680577
7193.725856057962 0.30122240594324384
7196.910778190242 0.30111357935390687
7200.095211921684 0.30116189834454216
7203.280622482518 0.3011863497179924
7207.264583541911 0.29967124240600235
7210.4509709436525 0.29951557128344664
7213.637358354588 0.29947327233897775
7216.825211004979 0.29917258563548027
7220.0130636645445 0.29900941400331893
7223.199939513093 0.2992779782293129
7226.389257421258 0.2987854456301277
7229.576621698189 0.29926043966180854
7232.765939624628 0.2990759397097759
7235.954769150094 0.29916777772990033
7239.144087094765 0.29891146940947555
7243.132443973748 0.29880456885358947
7246.322250348976 0.299132675887009
7249.513033553484 0.29876566527005427
7252.704793587263 0.2983453227728756
7255.895576809885 0.29845737502946484
7259.086360041545 0.29849570541591264
7262.278120102451 0.29874237698419764
7265.470368582483 0.2986624334639372
7268.662617071523 0.29862223617728695
7271.855353979674 0.2985987415707228
7275.048090896811 0.29900893479537055
7279.040843593783 0.29850245575789525
7282.23455735133 0.2988752516026079
7285.4287595279475 0.29928801086210666
7288.623450123626 0.2994326808150661
7291.819605958601 0.29984247952888016
7295.015273392379 0.29955377581482423
7298.212406065442 0.2987469042553391
7301.407096696782 0.29954600126879133
7304.603252567384 0.299352146589712
7307.79940844686 0.29920243082371106
7310.995564335202 0.300108795081851
7314.991736028341 0.30020180214074793
7318.189357166983 0.3006591344162648
7321.388443544862 0.300872309833839
7324.588018341705 0.30029207794138896
7327.78661632709 0.3001756856691107
7330.9847259111375 0.3001666175788167
7334.1833239141115 0.30059811346635484
7337.381433515718 0.30199788748678624
7340.583450407227 0.30135142175300744
7343.784978897364 0.3010881956650855
7347.785057984296 0.30135400497335557
7350.984632853521 0.3017224785759496
7354.185184551759 0.30173875993290644
7357.385247848559 0.30328298890134947
7360.588730025112 0.302739217275242
7363.7922122103655 0.3022668118097545
7366.99422917385 0.30244237428855575
7370.195757735846 0.30273758691822933
7373.398263126814 0.3041861448873508
7376.603698987374 0.3033582489256974
7379.807181215951 0.3032731384621511
7383.811167706188 0.3040665134343491
7387.014649954163 0.30457297371069436
7390.21910903107 0.30539990059874506
7393.425521757232 0.30523504004580854
7396.629980851326 0.3047663279410107
7399.833463133655 0.3059557591934846
7403.04134111606 0.30587923250789373
7406.247753876519 0.3058664493334467
7409.452213004844 0.3063844840342783
7412.659602602727 0.30687085383055057
7415.867969029487 0.30712118665400906
7419.877816562203 0.3067186929857235
7423.083252547062 0.3073261704110782
7426.291130591292 0.30831790258206526
7429.499985464361 0.3082264730717368
7432.708351935725 0.30780798276529336
7435.914764774823 0.3098384741932257
7439.125573314009 0.3094994837812879
7442.334916631093 0.3090014599891292
7445.542306315864 0.31084445593166615
7448.754091700727 0.3107940354170245
7451.964411863447 0.3096730892808225
7455.9757247455445 0.3112020995456424
7459.187998567913 0.31156000837413583
7462.399295578285 0.31120841372625063
7465.609615776637 0.3119782234502231
7468.8218896241215 0.31271223825546385
7472.0336750697625 0.3121790988220203
7475.245948933937 0.3128390699030468
7478.459199626837 0.3130238177810239
7481.669519866866 0.3135328775761762
7484.883747396793 0.31417640264015484
7488.900921308131 0.31453020028891654
7492.112218395506 0.31530869239695797
7495.327422772787 0.31552819174655494
7498.541650337927 0.31473002937368977
7501.7549010909115 0.31610883292880676
7504.971082313387 0.3158289946692574
7508.183356262426 0.31741807578135184
7511.400514321793 0.3171059085876787
7514.613765107685 0.3176329968155067
7517.83043477327 0.3179401731428096
7521.047592857274 0.3168777014648779
7525.06623211505 0.3187369185355521
7528.2843670379025 0.31919620175435054
7531.499083097391 0.31993615781822526
7534.716729626346 0.3202464643643597
7537.932422522564 0.320498927906046
7541.1510458882485 0.32114391088050087
7544.3682040313915 0.3208343060625362
7547.586339003095 0.32172379433877596
7550.805450803361 0.3213570490725814
7554.023585791274 0.32173574929885573
7557.243186017956 0.32174945855485443
7561.266221081982 0.3225794235296782
7564.48630973706 0.3227491153832796
7567.704933169498 0.323571980769985
7570.925510250913 0.32374228469789285
7574.144133699426 0.32438024135970994
7577.365199207144 0.32501496069011854
7580.584799492168 0.32518950186325574
7583.806353426148 0.3252797641798921
7587.025953727171 0.3262164247693136
7590.248972907863 0.32536279225158116
7593.468573224844 0.3264562575921026
7597.496980914214 0.32647630563533003
7600.718534890081 0.327110586183948
7603.941065694386 0.32718582448392125
7607.162619686132 0.32801406103099634
7610.38466209605 0.3281013742820259
7613.607681334383 0.3290064764457952
7616.830212170375 0.3291674499874309
7620.054696655276 0.3291302562807879
7623.2777159173065 0.3296377384008683
7626.502200417981 0.33015182404610166
7630.532561849767 0.33016805745581984
7633.756557957885 0.33076953732807285
7636.98055407385 0.3313826095260488
7640.206015428432 0.3314051373094666
7643.430499970326 0.3322279442406139
7646.654984520038 0.33276558701817455
7649.8819111288785 0.3330677056711543
7653.106884104467 0.33287029970959203
7656.332345498111 0.3327814992006326
7659.5578068995355 0.3341059624838866
7662.784245129269 0.3340894937760728
7666.819002363301 0.33464538081317985
7670.044952200225 0.3354136471568035
7673.273344096248 0.3347307519719152
7676.497828717827 0.3360172437400855
7679.726220629314 0.3359547379263358
7682.954612548522 0.33661956307480384
7686.182516065164 0.3363435030694875
7689.409442768946 0.3370714593321283
7692.638811531805 0.337420840552841
7695.866715071509 0.33794591292748877
7699.09510702916 0.3380374893188366
7703.131329602419 0.33853815131738635
7706.360209987573 0.3388841558871535
7709.590555611225 0.3386950664756043
7712.8194360116495 0.33907738277821897
7716.048804829979 0.34028265920899736
7719.279638886786 0.3400232379376403
7722.509496130621 0.34075260460083345
7725.739841792338 0.3412444489759928
7728.969699051348 0.34162816306580424
7732.200533138515 0.34188549387319306
7735.431367233251 0.34252535633983217
7739.4705203751655 0.3427392026724923
7742.7008660765905 0.34354811179012607
7745.933653837043 0.34341255450999864
7749.164976374127 0.34404436862626203
7752.39727573933 0.3442734542293566
7755.630063522344 0.34446711178860967
7758.861386081955 0.3449466628127134
7762.094662290268 0.34525545990324025
7765.327450095762 0.34542089132365633
7768.5602379087295 0.3461384145220733
7772.6013447880105 0.3472838383280449
7775.835597848681 0.346784916939785
7779.067897275565 0.34796319548355215
7782.30215035112 0.34750320586370115
7785.5368918444165 0.3475751300318173
7788.770168114194 0.3476029355033114
7792.004421212005 0.3484661300192649
7795.238674317216 0.349045578606983
7798.4734158401325 0.3497605930550394
7801.707180549797 0.35011568310940905
7804.942410497784 0.35045937269565786
7808.987424763767 0.35072722596510797
7812.222654728313 0.3510641383751068
7815.457884700206 0.351635491503871
7818.693114679429 0.3521106455563054
7821.929321486628 0.3524817945720956
7825.166016711472 0.3526467225852666
7828.401735122972 0.3533784307250678
7831.637453541771 0.35384182596827746
7834.874148788515 0.35400823298342177
7838.1118208632015 0.35414173367586604
7841.348516124504 0.3544146939481505
7845.39499572426 0.35524279271144515
7848.630714181228 0.3551841066938676
7851.86838628677 0.35615821795820385
7855.106546809886 0.35643112650216796
7858.345195750571 0.35622099682600017
7861.5823794674625 0.35776829218568335
7864.8200516019015 0.3572055771851175
7868.05918897456 0.3574543654094016
7871.296861123391 0.3588332842741735
7874.5359985104305 0.35858302524690855
7877.7741590839605 0.3595283023214048
7881.822592426463 0.35964293696983834
7885.061729836793 0.360268392172319
7888.301355664619 0.35999228140314493
7891.54146990993 0.3599369922582818
7894.780118931333 0.3610702384895538
7898.018767959848 0.36153315904725386
7901.259859047229 0.36184917430854535
7904.499973321018 0.36181135253198055
7907.7391107811945 0.36282952436391375
7910.980690300226 0.36274005121124114
7915.029612144253 0.36345822407944517
7918.269726448137 0.36419349666053136
7921.511794400504 0.3641817769916603
7924.752885539215 0.3648026173988353
7927.993488274608 0.3648886434500974
7931.235067837756 0.36570948531317454
7934.475182176843 0.36553422064873636
7937.716761754033 0.3659970965656607
7940.958829748596 0.36603050000296083
7944.200409339795 0.3664171220843601
7947.4424773483515 0.3667040520415934
7951.4962833947875 0.36646354442744716
7954.736886187943 0.367830755056927
