calculator/instruments/lris/plaintext_files/red_D560_400-8500.txt
# %ECSV 1.0
# ---
# datatype:
# - {name: WAV, unit: Angstrom, datatype: float64}
# - {name: EFF, datatype: float64}
# meta: !!omap
# - {DICHROIC: D560}
# - {GRATING: 400/8500}
# schema: astropy-2.0
WAV EFF
[from data line 427]
7565.691903443415 0.33820343705952693
7570.470021188745 0.3382306399597354
7575.252534644298 0.3379816074529907
7580.032606066136 0.3382818345281644
7584.815119557039 0.3377564881998786
7589.595679424423 0.33778464594334184
7594.379169771111 0.337396133391751
7599.160218083911 0.3374240479867606
7603.943220055386 0.33717332988870424
7609.92087362116 0.3374500823360873
7614.705829273114 0.3369252901141998
7619.487366070411 0.3370917047640628
7624.273298577763 0.3368437648745109
7629.055323820073 0.3370099114984487
7633.840279541494 0.33703841356170855
7638.625235280202 0.33624470691323805
7643.409702625856 0.33682566464190367
7648.196123629953 0.33575785221750837
7652.980591010006 0.3363362376043056
7657.766523638139 0.33609822456494187
7662.552456283391 0.3358558430357139
7667.339365766361 0.33589076642770926
7673.322880541485 0.335216504010217
7678.109790062791 0.33566651580195045
7682.895722780447 0.33570243345797823
7687.682632335688 0.335607072037427
7692.471983959465 0.33509931718052544
7697.258893548519 0.33514362823823873
7702.049222026711 0.33504962435321134
7706.836620059773 0.33482006918893975
7711.625483340615 0.33486843373566605
7716.415323458885 0.3340984241701304
7721.202721542225 0.33469277069061437
7725.995003745611 0.3342002975350299
7730.78289027265 0.3342509670627506
7736.77031260911 0.3340148222494176
7741.562106456252 0.3339376783169276
7746.351458268261 0.33426824237514385
7751.142763738178 0.33364816219792437
7755.9350460453 0.3337084704933851
7760.7258631378645 0.3332325613360434
7765.517168657222 0.3335722163870372
7770.309451013699 0.3336394600311475
7775.100756565859 0.3337109836294148
7779.893527365434 0.3336490309287744
7784.68727500205 0.33318146800688897
7789.47906901354 0.3329876874648881
7794.271351451648 0.3333409965212528
7800.26463498427 0.3331372488595531
7805.058871100316 0.33268006782331105
7809.852130411802 0.33276951968437807
7814.645878149792 0.33285889554009673
7819.440114314257 0.3326806838390139
7824.234350494798 0.3326397316976613
7829.029563512129 0.332873398069485
7833.825264955857 0.33256632429946337
7838.619989594831 0.33240089663016886
7843.415202660136 0.3326413517165476
7848.211880972506 0.33248010954217133
7853.007582480026 0.33232026213443466
7857.803772413799 0.3321632693519492
7863.799498263675 0.33240903063607397
7868.596176643439 0.3323977006859831
7873.3923666285955 0.332246141330943
7878.189533450274 0.33237465906879
7882.987677108451 0.3325017136208427
7887.785820782323 0.33236292882058177
7892.582987651078 0.33222840785715324
7897.380642945856 0.33236376154484343
7902.178786666635 0.3323691199645688
7906.977418813389 0.3323772956527614
7911.776539386091 0.3323897683067743
7916.573706332712 0.332672204714826
7922.574316526176 0.3318815986691279
7927.372460328408 0.3324421147313581
7932.17304619809 0.3320601002179062
7936.971678441549 0.3323578661432026
7941.773241162825 0.33198158989647913
7946.571873436992 0.33255347829986454
7951.372459368113 0.3325912580150673
7956.174510545763 0.33208743767856785
7960.973142865779 0.33253354554642833
7965.775194073925 0.3321725065074642
7970.576268476449 0.3323557203699876
7975.376854483728 0.33267476642692484
7980.178905737413 0.33232342971527723
7986.180981415364 0.3323962247268083
7990.9835211134605 0.3323192106232804
7995.784107184917 0.3329226573951967
8000.586646913106 0.3328563412411906
8005.389675066729 0.33280941606249337
8010.193191645763 0.3327638309171317
8014.995731418888 0.33258952257291613
8019.798759617368 0.332954347710525
8024.601787830739 0.3329186174639474
8029.405792879856 0.3328871680111415
8034.208332712499 0.3329915504499637
8039.0123377912705 0.333504252925176
8043.81634288483 0.33334502436203817
8049.821837682978 0.33335189711786883
8054.6258428097135 0.33360540007000516
8059.429847951145 0.3337255355908142
8064.234829928145 0.3338500237071863
8069.039323509343 0.33438244989798227
8073.844793926062 0.3339682449543525
8078.649287536474 0.33436989610002654
8083.454757982357 0.33436638544359454
8088.260716853237 0.33450379450388396
8093.065698917721 0.33477778278135517
8097.871657817605 0.33478572185130556
8102.678105142415 0.33479352858944333
8107.48357566074 0.3350762587888303
8113.491024341984 0.3354007905331468
8118.298936945008 0.33514326154093527
8123.10489592053 0.33529777065278893
8127.91036649991 0.33586353346861275
8132.7177907354535 0.3358869003301367
8137.5247265748085 0.3361846414160712
8142.332150838879 0.3359391624746348
8147.140551938122 0.33596961777972767
8151.947487820144 0.3365477696265383
8156.755400537288 0.33657950437561235
8161.561848037146 0.33689204820559027
8166.369272372075 0.33747593567454703
8171.177673542055 0.337378457651171
8177.190494974107 0.33664465586076525
8181.997919354755 0.3369612423825051
8186.80534374941 0.3374172885372675
8191.613744979017 0.3377388458516119
8196.422146222587 0.33792401460337224
8201.231035890583 0.33866504824080196
8206.039925572491 0.3388534808832055
8210.84979208927 0.33849446335961664
8215.659658619916 0.33868857393804663
8220.4695251644 0.3386074414469314
8225.278414901712 0.3393538265295766
8230.087304652809 0.3395510198781979
8234.898148059658 0.3389226847809939
8240.910481311297 0.33944539941583496
8245.719371107027 0.34020062698910725
8250.530214558448 0.3401274301643924
8255.34105802353 0.34005408824595745
8260.149947860229 0.3402584772843319
8264.96079135256 0.3404628761613811
8269.770658037462 0.3406702991669789
8274.581501556939 0.34143210970368765
8279.39332191098 0.34108522726773377
8284.20318863649 0.34157155549244583
8289.014032196506 0.3417822109675587
8293.825852591024 0.34227086659182643
8298.63669617795 0.34220207310896333
8304.650006475213 0.34274304695561697
8309.46182691333 0.3426769240685768
8314.27364736481 0.3428891774151071
8319.085467829635 0.342821290833984
8323.896311486726 0.34359124368246363
8328.708131978154 0.343803750799965
8333.520929303906 0.34373688062242025
8338.333726642908 0.3439492539841813
8343.144570353019 0.3447243122524298
8347.957367718442 0.344375501228209
8352.76918827598 0.34486644461559735
8357.58198566773 0.34507603651782476
8362.394783072614 0.3447265402758333
8368.41004723134 0.34527115520057133
8373.222844665677 0.34548363383346997
8378.034665291989 0.3456915751287391
8382.848439573485 0.3458995641381762
8387.66123704691 0.3458249443624826
8392.474034533318 0.346032762067482
8397.286832032682 0.3465205009364084
8402.100606366075 0.3467269854261174
8406.913403891289 0.34721243220577913
8411.726201429397 0.34741606773973094
8416.539975801465 0.3476166577827146
8421.352773365283 0.34781722241569085
8426.167524584127 0.34716907789311574
8432.183765778196 0.3476974072404528
8436.997540204708 0.34789310332579737
8441.81131464397 0.3480888001088532
8446.625089095956 0.3479970281869777
8451.43886356065 0.348186426734717
8456.252638038026 0.348657494179056
8461.06641252806 0.34884702091813535
8465.880187030729 0.34903041130930856
8470.69396154601 0.3492138221714695
8475.508712895018 0.34910883662968084
8480.323464256595 0.34900379319907715
8485.136261988455 0.3494629396725459
8489.951013375108 0.3496338719275937
8495.969208420725 0.34985051522218563
8500.783959835486 0.3497324873306346
8505.598711262708 0.3496143589363095
8510.41150906006 0.3506276602495496
8515.226260512121 0.35078622306551727
8520.040035155418 0.3509447132306579
8524.856740274548 0.3505301085998111
8529.669538121398 0.3512492960030185
8534.485266444048 0.3508279078949231
8539.300017957838 0.351257429277052
8544.113792662747 0.3513985950661267
8548.928544201075 0.351820834150646
8553.743295751643 0.3516700115798326
8559.76051418056 0.35240566588767586
8564.575265758578 0.3525329416370157
8569.389040527583 0.3529420809810194
8574.204768951095 0.35277483739622717
8579.018543744367 0.3528910227160646
8583.83427219211 0.3527173730129442
8588.650000651942 0.3525375078564668
8593.464752302647 0.3526440181842033
8598.278527144195 0.3533147785375906
8603.093278818953 0.3531249415895295
8607.90803050571 0.35350287340591874
8612.724735846843 0.3530180858853236
8617.539487557537 0.35310091525829723
8623.557683007375 0.3534836311298884
8628.3734115661 0.3532699167455958
8633.1881633155 0.3530499431912972
8638.002915076768 0.35340380798722876
8642.817666849882 0.35346133253387735
8647.63339545604 0.35380455127644483
8652.448147252782 0.3535651840854537
8657.26289906131 0.3536099555809068
8662.078627702827 0.3533612454825526
8666.892402713633 0.3539711598176822
8671.707154557385 0.35400319736560854
8676.522883234074 0.35402742153386657
8681.339588743687 0.3531849781728896
8687.355830746224 0.35406315161479074
8692.16960581833 0.354644101435155
8696.986311365776 0.35407030475408025
8701.80008646109 0.3540705600543696
8706.615815210469 0.3537723431552081
8711.429590328908 0.35404592986592726
8716.245319101381 0.3540272660690521
8721.059094242864 0.35400066186800044
8725.874823038353 0.35425704568931843
8730.689575024062 0.3539332318730946
8735.504327021223 0.3536033766744241
8740.319079029825 0.35355312017514634
8745.132854228568 0.35378849108264
8751.15202688556 0.35370983349057755
8755.965802109915 0.3536405068535443
8760.781530988166 0.3532840525992272
8765.596283056477 0.35320221412432456
8770.410058314821 0.35311410471277527
8775.224810405736 0.35302589755310215
8780.03858568664 0.35292521592867804
8784.852360978794 0.3533951214253221
8789.668089924755 0.3527097077096757
8794.480888418066 0.35316510991118644
8799.294663743856 0.3533276466241003
8804.110392723409 0.35262499885920684
8808.924168071531 0.3524881946320555
8814.941387272336 0.3525922299084963
8819.755162645488 0.35273079600688595
8824.569914851032 0.3522856049341597
8829.383690246344 0.3521206203929503
8834.197465652715 0.3519494538059583
8839.012217891428 0.3514879350879342
8843.825016498538 0.351586920082521
8848.638791937956 0.35139561278112935
8853.452567388353 0.3511981346884667
8858.265366028387 0.35127821742449866
8863.079141500682 0.35106675399886667
8867.892916983903 0.35056414653293294
8872.706692478025 0.3503390443283428
8878.723911860983 0.3497641877420575
8883.537687379574 0.3495239917038398
8888.349509266342 0.3495600335254385
8893.163284806595 0.3490222992505019
8897.976083536321 0.3490473700465975
8902.78888227683 0.3487796909001066
8907.601681028105 0.34821983530276024
8912.415456611474 0.3473739296377781
8917.227278562881 0.34765182231269226
8922.039100525002 0.34791914190229495
8926.85287614051 0.3470538136001941
8931.664698123994 0.3467443630682397
8936.477496939488 0.3464290037477461
8942.492762857793 0.34574341898389277
8947.305561697196 0.3454120919379591
8952.117383725841 0.345634547231075
8956.92920576506 0.34500899695478476
8961.741027814842 0.3446553354040482
8966.550896232424 0.3448572668627563
8971.364671946012 0.34393064736781626
8976.17551720599 0.343556655559343
8980.986362476455 0.3437365312890613
8985.799161400142 0.34307016337524904
8990.60902987015 0.3426756824175752
8995.420851993349 0.3425523193249637
9000.231697305579 0.3415901706950819
9006.245986576532 0.3410983817688018
9011.05585509075 0.3412462445038938
9015.86670043671 0.3405584507640222
9020.676568971621 0.34041868948602255
9025.488391159637 0.3394415979180526
9030.29923653657 0.3392857360307065
9035.108128280996 0.33884694231750484
9039.918973678487 0.338679271977567
9044.729819086231 0.33795452268378706
9049.53968768281 0.33721935028133515
9054.349556289608 0.3370314522189221
9059.157471263785 0.33683459909655256
9063.968316712371 0.3360839356114657
9069.979675689225 0.3357487936080242
9074.787590696416 0.33525630916313903
9079.597459356568 0.3350292654387655
9084.40732802683 0.33371008670685065
9089.215243064342 0.3331968962281521
9094.0260885762 0.33214142509207195
9098.833026812412 0.33242660990004563
9103.63898823723 0.3327046312462386
9108.448856957786 0.33189664709055067
9113.256772045488 0.3313508558918822
9118.066640786046 0.3302630230845827
9122.872602250834 0.330244299267462
9127.680517368448 0.3296835819967756
9133.69089969016 0.3287044583621492
9138.49783800867 0.32812879831519876
9143.304776337074 0.3275454721513053
9148.111714675364 0.3266946553148296
9152.918653023515 0.32610220470717466
9157.724614560066 0.32576957843499815
9162.5315529279 0.32516293296760856
9167.338491305545 0.3248168369057
9172.145429692995 0.32393853103343495
9176.951391268767 0.3233165402146275
9181.757352854305 0.3226885618661779
9186.56233762813 0.32205743745623266
9191.367322411681 0.32115795733570796
9197.37477443161 0.32061207131716
9202.179759236999 0.31996226213104123
9206.98474405206 0.31930944574087833
9211.78875205531 0.31890846767623104
9216.594713711154 0.31850097643682174
9221.399698555155 0.3173139093429215
9226.204683408769 0.31612563805393384
9231.007714629017 0.31595853911346045
9235.811722680326 0.31501853930999096
9240.614753919712 0.3148407839824029
9245.418761990131 0.31389153141956955
9250.222770070082 0.31344849813926134
9255.025801338059 0.3124881421649794
9261.02934623101 0.31185686438089905
9265.833354341832 0.31063917221397463
9270.634431997627 0.31042650890458195
9275.43746330586 0.3097048521391736
9280.238540980523 0.3089779434723704
9285.0396186646 0.3087485522229458
9289.843626822583 0.30751152026840645
9294.644704525439 0.30677467773202044
9299.44480541615 0.30628018953266606
9304.246859959225 0.3055327574308157
9309.04793769013 0.30478036537920233
9313.848038608836 0.30402835952467583
9318.649116358361 0.3030225329373428
9324.649730942188 0.3020704633776611
9329.448855069551 0.30155123614504664
9334.248956027683 0.30127225516771056
9339.049056995053 0.3000089029579331
9343.849157971646 0.29874683709868743
9348.648282135917 0.2982120536875057
9353.44642948785 0.2976729024573678
9358.246530492015 0.29688945642855774
9363.044677862277 0.29610143651839166
9367.841848420145 0.29555026537669327
9372.639995808675 0.2947552851971615
9377.439120027859 0.29371850257659654
9382.237267434597 0.2929206043753783
9388.233974884251 0.29168228893154097
9393.030168668318 0.2911146343634504
9397.826362461426 0.29054288062622435
9402.624509906664 0.28949632875839165
9407.420703717818 0.2884496118212197
9412.215920716424 0.28810418837730395
9417.01309136712 0.28705483753294503
9421.808308383677 0.286471784096318
9426.603525409191 0.28565013092826624
9431.398742443645 0.2848245115837804
9436.193959487022 0.28377054682232145
9440.989176539311 0.2829452382598245
9445.782439957367 0.2825772949500843
9451.775240269379 0.2815396415659091
9456.568503707387 0.2807057251110064
9461.362743975813 0.2794149274757804
9466.156984253072 0.2788075225440905
9470.951224539152 0.2775167770404127
9475.741557547733 0.27735870865027723
9480.535797851402 0.2762928724023974
9485.327107699115 0.2756785675069876
9490.118417555579 0.2748349299411121
9494.91168106395 0.2739914485758404
9499.702990937885 0.2729249839442329
9504.494300820532 0.2720776224867554
9509.285610711877 0.2712316128890047
9515.273527061285 0.2701726478057728
9520.062883328967 0.26976446785965563
9524.854193248486 0.26869285805873677
9529.642572711859 0.26805944041848595
9534.432905827043 0.2672067789065415
9539.222262129239 0.26613807422162217
9544.011618440029 0.2650677538939457
9548.799997937796 0.2644298353644883
9553.588377444124 0.2635756792785194
9558.376756959007 0.26250507091594916
9563.164159660815 0.262077886978125
9567.951562371147 0.2612196422064996
9572.73798826837 0.26057458929074573
9578.72199747345 0.2592894377518895
9583.509400211378 0.25821772172842333
9588.29484931453 0.2577790269489969
9593.08127524775 0.2569209503616131
9597.867701189401 0.2558487021948525
9602.652173496232 0.2549890303826337
9607.436645811458 0.2543331641054042
9612.222094956702 0.2532626140148799
9617.005590467066 0.2526066047041658
9621.791039629052 0.25153656097918115
9626.574535156125 0.25087719333329833
9631.358030691534 0.2500129727951818
9636.141526235258 0.24894494324151942
9642.119674649552 0.24786073846147041
9646.902193390313 0.24719768508031162
9651.683735317707 0.24632960633562043
9656.465277253361 0.24566295538027436
9661.24681919726 0.24479369598544054
