calculator/instruments/lris/plaintext_files/red_D500_831-8200.txt
# %ECSV 1.0
# ---
# datatype:
# - {name: WAV, unit: Angstrom, datatype: float64}
# - {name: EFF, datatype: float64}
# meta: !!omap
# - {DICHROIC: D500}
# - {GRATING: 831/8200}
# schema: astropy-2.0
WAV EFF
6785.264499439487 0.247034238632472
6787.548821819353 0.2470561670661875
6789.8346094534445 0.24623829571284134
6792.119420260952 0.24577305920727693
6794.40423107419 0.24552264701736365
6796.690507141646 0.2445376800044413
6799.547253297644 0.2444375380193516
6801.833529377968 0.24367714024858728
6804.120293880176 0.243186398392289
6806.406569971919 0.24270328806109487
6808.692846069362 0.24274350948483608
6810.981075837189 0.24166367043131726
6813.266863529839 0.24230933543047184
6815.555093309046 0.24142073389017715
6817.8413694292285 0.24118280106834405
6820.13008763597 0.24082079555378438
6822.419782680743 0.2398012373982282
6825.278482581419 0.24036742355040164
6827.567200806575 0.24005932537994185
6829.857384285933 0.2388292314637987
6832.145614106208 0.23928319749776833
6834.43530918068 0.2393074794670175
6836.724027428419 0.23901295658026003
6839.014699346537 0.2389626821777311
6841.304882854099 0.2392847422736596
6843.5950663672875 0.23864009464044542
6845.885249886093 0.23881070154793888
6848.749322437024 0.23824441516860417
6851.039505968452 0.23823998150156847
6853.332131586456 0.23806770917768943
6855.622315129082 0.23878830175705898
6857.912987093492 0.23855606514696964
6860.206101144481 0.2387835607091055
6862.498726784857 0.23892859856912432
6864.789887182212 0.23921564954520746
6867.083978082347 0.23879417805959652
6869.377092155651 0.23909655790153372
6871.6682525697 0.23908941989880925
6874.5357441125625 0.23928784465106778
6876.829835036345 0.23932838323168562
6879.123925965675 0.23915045524562256
6881.4170400681305 0.24014020443522147
6883.712107840966 0.2397293081678258
6886.006687203125 0.24041201466758252
6888.300289738387 0.2408872978228472
6890.595845944023 0.2408130177076625
6892.8923789876135 0.24099916477314431
6895.188423620507 0.24038843578827798
6897.482026177823 0.2424268744139841
6900.352936711952 0.24203932242139825
6902.648492946514 0.2430222970247631
6904.946979683898 0.24210330148662082
6907.241070680775 0.24326989685466094
6909.538580596691 0.24372054298336376
6911.837067350542 0.24368163952715938
6914.134577277422 0.24361116499688235
6916.430621961086 0.24471453246655833
6918.729597147584 0.244986910486592
6921.027107090857 0.2459475287287102
6923.326082288277 0.2451374455453552
6926.199434980545 0.24596686890909644
6928.4959681090595 0.24784136510591098
6930.796408572884 0.2471047947200622
6933.095872209676 0.24872884450906443
6935.395335851899 0.24863696450637357
6937.694799499552 0.24890200016341815
6939.993286320143 0.25036774997024086
6942.294703643588 0.24999979620210785
6944.595144139969 0.25106234724670684
6946.896073058001 0.2510807358464991
6949.772844733443 0.2515193367313794
6952.072308414889 0.2526229329007424
6954.3727489342145 0.2542118722606634
6956.67611995641 0.2541273782184883
6958.977537318999 0.2548203606837837
6961.280908351964 0.25424525124322567
6963.581837309056 0.2548934211549785
6965.88325468776 0.2568485076152092
6968.186137320586 0.25743641900168013
6970.48999679128 0.2577273189657587
6972.792879434822 0.2588097675287882
6975.672581683349 0.25987826531130526
6977.976441171435 0.26002218774275143
6980.2807890811255 0.2596626524998568
6982.583671747368 0.2605272841139815
6984.885577586414 0.26284224013009305
6987.191879177137 0.2632450085069158
6989.497692356929 0.26351266584201355
6991.80252870951 0.2647222578760242
6994.107853483671 0.26485705927469455
6996.414643511938 0.2640885075398876
6998.718991464175 0.2649918704937508
7001.6021127013955 0.265940280731834
7003.906460665536 0.2674317283989388
7006.212762300045 0.26824582793863067
7008.519063939839 0.26970472771348314
7010.825854001182 0.27021959237536575
7013.133620900351 0.27053087503140893
7015.440899388516 0.2712917638953602
7017.749154714502 0.27222338397753515
7020.055944796916 0.2733879998206738
7022.364688549701 0.2731061685622897
7024.673432307741 0.2730423583993243
7027.558995700462 0.2743844871501014
7029.866762637736 0.2755937582540412
7032.176971661669 0.2752896090022737
7034.4857154419815 0.27535120799632423
7036.794947643806 0.27615618146467624
7039.103691434567 0.2772517416180684
7041.412435230542 0.2786495214487515
7043.722155864308 0.2793037551803557
7046.03138808699 0.28050740011560316
7048.342573980043 0.28120058214960286
7051.233021602558 0.28046929642283036
7053.54274225843 0.28180123449415645
7055.853928168377 0.28232093062369473
7058.164625667213 0.28387810449137635
7060.475323171226 0.2846139088299229
7062.787485929312 0.2846953886610302
7065.099160276272 0.28593714168374307
7067.410346212096 0.28712160092327854
7069.72348581829 0.2877692987932401
7072.036137013343 0.28848202275612667
7074.349276629854 0.28893143258463816
7077.242166406658 0.28815837033573377
7079.555794451063 0.28870731273611555
7081.868934084305 0.2893112973455006
7084.182562138986 0.289785051203703
7086.497167031421 0.29004740768062903
7088.811283512673 0.2907405420383806
7091.125888415362 0.29143478329130484
7093.440004906855 0.29211510723350226
7095.755586652405 0.2925941683317043
7098.070191570435 0.2941313054010043
7100.385773326202 0.2939856673098952
7103.27915159137 0.2959086738539847
7105.594733358605 0.2962413443447424
7107.910315130932 0.29716912363228154
7110.225896908345 0.2981815060419743
7112.540990274513 0.2991275518845263
7114.858037311046 0.29981622866343405
7117.174107520007 0.30008533850374464
7119.492131399336 0.2998949031169061
7121.80966686741 0.3002098931791714
7124.128179173198 0.3003245854813907
7126.446203067717 0.29992166420803457
7129.343000318475 0.302013283157167
7131.660535808027 0.302578009083246
7133.9790481352775 0.30307274183916155
7136.295606802236 0.3047174607360095
7138.614607555889 0.3049590508924541
7140.934585147244 0.3051836950543502
7143.252609078282 0.3056009117530645
7145.573563512359 0.3044866033406469
7147.894029535122 0.30464536284039434
7150.21351873022 0.30621251051838544
7153.112269710703 0.30789169040176695
7155.431758917055 0.30858009938148123
7157.751248128403 0.3091473426889769
7160.073667842801 0.30792119532195694
7162.394622313163 0.308495180380913
7164.715576788508 0.30863491469961585
7167.037508101525 0.3086106924310023
7169.358462586828 0.3100444940587898
7171.677951828051 0.31205014280199694
7173.999394739632 0.31291107424489645
7176.321814488881 0.31230092376724977
7179.227403368265 0.31180991971313965
7181.548357879608 0.3131598195611775
7183.870289228604 0.3141014028893505
7186.192220582541 0.31506257705645696
7188.515617190485 0.3142693635593349
7190.839502219725 0.3142012556539693
7193.163875670258 0.31405981236637714
7195.488249125721 0.31444154110097333
7197.809692087944 0.31720027842884946
7200.13406555325 0.31661452760669023
7202.458927439835 0.31631124182638815
7205.364027972246 0.3174016119162891
7207.688401453512 0.31829881575009156
7210.01326335604 0.3186370980839768
7212.3386136798335 0.3175242021255566
7214.663475592153 0.31881302181426735
7216.990779591208 0.318670618978531
7219.315153096928 0.3206193027248609
7221.639526607527 0.3211055104294344
7223.967319037601 0.319388203748628
7226.2931578070575 0.3204530716205747
7228.620461830507 0.3207603036312665
7231.5275160970605 0.32119848770952336
7233.854820131446 0.32138688093496287
7236.182612587066 0.32155997133300557
7238.5089397984 0.323186375863622
7240.835267014575 0.32363213616547176
7243.163547901111 0.3228436645070205
7245.493294041635 0.32241924062506244
7247.821086521465 0.3234179150565158
7250.1464369242 0.32599975798149244
7252.476183079215 0.3244699768303888
7255.38763315519 0.3252950792140096
7257.713960406345 0.32695123270352955
7260.045171826181 0.32494459733273684
7262.374429585276 0.32523744543202604
7264.7031989327825 0.32718545149996786
7267.031479868694 0.32814843602476235
7269.361714474965 0.327448710764878
7271.693414335206 0.32666009120641903
7274.022183701874 0.32831248697751914
7276.35192990611 0.32849934008218895
7278.682164531518 0.3281426769690178
7281.595568340482 0.33036244274248944
7283.926779809421 0.32833275110136206
7286.258479699521 0.3294139011610812
7288.588714345183 0.3306454633625535
7290.9209026612025 0.3300797742553514
7293.253090981978 0.32977192518742393
7295.584302474693 0.3303120464544721
7297.915025555746 0.33195905505337003
7300.24721389075 0.3318685235978752
7302.581844312524 0.33133968413078374
7304.91159057496 0.3336774049225551
7307.829878614748 0.33215052331935324
7310.1601133042095 0.3339777647267534
7312.494743746079 0.3325305600789664
7314.828397359842 0.3329187160636329
7317.160097312664 0.3350329601148493
7319.494727768669 0.333693913104948
7321.829358229378 0.33341657204491315
7324.162035029126 0.3351823529278736
7326.496665499228 0.3341159765804955
7328.831295974021 0.33473757196277826
7331.164461204245 0.3360870222969061
7334.084702975852 0.3353603831185552
7336.417379800176 0.33789756395794823
7338.752987127694 0.33675157996361466
7341.09005970915 0.33537817943348874
7343.422248131038 0.33894558867204083
7345.759320721825 0.3367574220962923
7348.096393317268 0.33637192514695885
7350.430535418811 0.338575282198871
7352.767119607133 0.337792037761549
7355.103703800098 0.3379688829557582
7358.024434047833 0.3382087519548657
7360.359553001942 0.3399050329134088
7362.696625626403 0.33930716011414014
7365.035163504791 0.338368255453658
7367.370770889203 0.3404470569740167
7369.708331943966 0.3394224609061154
7372.045893003345 0.34027505035643046
7374.382965650899 0.3405160784598885
7376.7215035523695 0.3405288602524925
7379.058087792691 0.34234206469695505
7381.396625703363 0.3415450996159338
7384.319309681722 0.3426632739410923
7386.658336019172 0.34201143816960566
7388.996385528321 0.3431879332127879
7391.3344350420475 0.3426006179372253
7393.6744382261295 0.34277681875609983
7396.013952998343 0.34215671938229686
7398.353467775124 0.34300591210528536
7400.691028890684 0.3446735895371538
7403.032008925937 0.34317784549118663
7405.371523716403 0.3436636275427363
7407.71006167852 0.34456375588713906
7410.635187803365 0.3452404284399819
7412.976656274417 0.34432218175980805
7415.316171084205 0.3454804831476584
7417.656662731432 0.3453881610476815
7419.998131216103 0.34476536751024417
7422.338622872391 0.3453860673009331
7424.680579782574 0.3450462636211766
7427.021071447908 0.34603136349054714
7429.362539950673 0.3457591857703828
7431.703031625031 0.34771804324692746
7434.046453802662 0.3458508287938935
7436.972556824036 0.34647090884578874
7439.314025345951 0.34710081682794647
7441.656470705289 0.34673788890978846
7443.999892902051 0.34623341289358245
7446.34233827037 0.3473864199102207
7448.684783643175 0.34688743383220166
7451.027229020459 0.3478402519229608
7453.370162818689 0.3473047024075556
7455.711631371981 0.34873313902594216
7458.056030428559 0.3484546290508478
7460.984575589679 0.3480525323998339
7463.327509406885 0.3492208381400627
7465.671420061491 0.348158741746186
7468.014842304075 0.34879263060543786
7470.359241384058 0.3482305956760493
7472.703640468484 0.348791181578187
7475.047551140877 0.3486744815187396
7477.392438650658 0.3491296508330497
7479.735860915437 0.34915042672281127
7482.080748434083 0.34984776194271733
7484.425147540672 0.349142380770815
7487.356134846605 0.3500116067433047
7489.701510796097 0.3496279667443067
7492.045909917035 0.35092027523372954
7494.3922627083175 0.34981571319476945
7496.73812708752 0.349967536415582
7499.083503054639 0.35001701948654546
7501.428879026152 0.3502451958371265
7503.775720251524 0.3500646338086972
7506.120607815328 0.3499645746290774
7508.466960632985 0.3510476717319371
7510.8133134550235 0.35065094849038864
7513.746254488727 0.35093311713203523
7516.092118904112 0.35170332363275403
7518.440425406337 0.3503320996773271
7520.785801413962 0.3519108679108479
7523.134596341412 0.3505405156723068
7525.48094919074 0.35121889502391096
7527.827790460917 0.3513918638499866
7530.1741433189445 0.3517312742237969
7532.52244984731 0.351830542865673
7534.869779547019 0.35182913797509696
7537.218086084068 0.35172480526407296
7540.152492428471 0.35174354808616465
7542.500798975267 0.3516194650709715
7544.849593942894 0.35163378803362705
7547.197412081833 0.35092883177586637
7549.545718641594 0.3516214793474536
7551.895002038684 0.35142330486640355
7554.24282019056 0.35128303187906834
7556.592103596268 0.3506432089008116
7558.94041017326 0.3510965470076652
7561.29018200408 0.35142168874493346
7564.224588403702 0.3518057732062861
7566.575337077206 0.3515518683508393
7568.924132088946 0.35157174086426435
7571.274392354509 0.3513103318379333
7573.623675791323 0.35124132146105
7575.972959232409 0.35108827082978256
7578.323707927317 0.3512916494206022
7580.6729913769395 0.3521801527879733
7583.023251663862 0.35146249884932196
7585.374488788082 0.35024093752780594
7587.723772250481 0.3514473973468682
7590.662086042278 0.35121625810864
7593.012834763798 0.3509943753918804
7595.363583489562 0.3508081728632968
7597.714332219567 0.35050050165551144
7600.064592537284 0.3510409856544506
7602.415341275754 0.35110031425712007
7604.7670668515075 0.3503612308664624
7607.119280848014 0.3498362797595689
7609.470518015686 0.34988431175311063
7611.822243604107 0.35045194486713493
7614.1729923636785 0.35023423244460367
7617.112771464521 0.3497376919976924
7619.4644970666195 0.35013486027514873
7621.817199505987 0.34931116938059065
7624.167459866882 0.35066761525661816
7626.520650731175 0.34946755063475277
7628.873353183128 0.34983705644470564
7631.225078806192 0.34958303177287964
7633.577781266515 0.349231897837503
7635.930483731014 0.34926184449562103
7638.2841630327675 0.3486916868805131
7640.636377089077 0.3487901772246192
7643.577621498401 0.34826338833815657
7645.929347147537 0.34903087330074173
7648.283026466999 0.3486315179702225
7650.636217374074 0.34855191467594365
7652.989896701845 0.3484567548513991
7655.343087617221 0.34784230870597976
7657.69627853674 0.3484730253957681
7660.049957876948 0.3486173096452378
7662.404614054388 0.34717701124525824
7664.757804986318 0.3475433591924121
7667.7005146984075 0.34742048599999503
7670.054194056172 0.3470035248187017
7672.408361834607 0.34609140637007285
7674.76252961716 0.34660774889347823
7677.11718582038 0.34671623122097567
7679.471842027712 0.3453449873467652
7681.825032989486 0.3470844414547426
7684.18066603814 0.34593297044307464
7686.534833841223 0.34545841937807403
7688.8885132318455 0.3466662242615073
7691.243657876231 0.3466135266114273
7694.187832895743 0.345687322323873
7696.542489132762 0.3449665374532036
7698.897633790424 0.3451379390737597
7701.25277845216 0.34486263827129066
7703.608899951096 0.3440680923721524
7705.964044620973 0.3443388748383778
7708.3187008783525 0.34505869120022553
7710.674822389488 0.3441035763439159
7713.030455488117 0.3437580510012252
7715.386088590799 0.3437883066564086
7717.741721697531 0.3438963548150506
7720.686385190779 0.3436236533531001
7723.042506723183 0.3430567236047149
7725.398139843052 0.34363025297648103
7727.754261383529 0.34375341188056086
7730.110871344608 0.34246039933137296
7732.466992893147 0.34232367184027784
7734.82262602913 0.3431129013022623
7737.17972441886 0.34141561617800564
7739.536334396034 0.34158052077652223
7741.89294437722 0.3417623370170457
7744.249065945839 0.3418282395469808
7747.195683161978 0.34122950878158226
7749.552293156184 0.34090519822688786
7751.907926321225 0.34193716792279655
7754.265513156582 0.3415681049241652
7756.62309999593 0.34013236951624104
7758.979221589521 0.34107456867050395
7761.33778527001 0.34057788189218097
7763.694395288144 0.3403359065692695
7766.051982143424 0.33882634266201234
7768.407126919747 0.3410458418839012
7771.355209436712 0.33961235494818537
7773.712796304889 0.33986686713671693
7776.0718484267945 0.33920161387809633
7778.428946886305 0.33872955638108815
7780.784580099997 0.3398736019626021
7783.1441206503605 0.33887395523752645
7785.501707538308 0.3384633719918755
7787.859294430198 0.3385632940791096
7790.217369742621 0.33802600229908275
7792.574956642386 0.3380077163482859
7794.9335203792725 0.33765498946716976
7797.8806261185655 0.33729833392767333
7800.239678280883 0.33713787527875094
