calculator/instruments/lris/plaintext_files/red_MIRROR_600-7500.txt
# %ECSV 1.0
# ---
# datatype:
# - {name: WAV, unit: Angstrom, datatype: float64}
# - {name: EFF, datatype: float64}
# meta: !!omap
# - {DICHROIC: MIRROR}
# - {GRATING: 600/7500}
# schema: astropy-2.0
WAV EFF
5628.295617116026 0.0
5630.7427537355015 0.0
5633.191844168842 0.0
5635.639469263055 0.0
5638.086605918963 0.0
5640.536673289578 0.0
5642.984786870565 0.0
5645.432412013191 0.0
5647.882967870522 0.0
5650.332058388591 0.0
5652.780660468249 0.0
5655.231216361714 0.0
5658.905340647857 0.0
5661.357361922685 0.0
5663.807429407675 0.0
5666.257008454156 0.0
5668.708052863949 0.0
5671.158608835205 0.0
5673.612095521162 0.0
5676.063139966693 0.0
5678.513207523154 0.0
5680.9666942447775 0.0
5683.416761824935 0.0
5685.870248570253 0.0
5688.32275842644 0.0
5690.776733645878 0.0
5693.228755075178 0.0
5695.684195669655 0.0
5698.136217122483 0.0
5700.590192389012 0.0
5703.043679216779 0.0
5705.4986314077505 0.0
5707.95260670943 0.0
5710.407558923796 0.0
5714.086568113699 0.0
5716.543474159237 0.0
5718.997449513367 0.0
5721.45435558218 0.0
5723.909307860553 0.0
5726.365237051545 0.0
5728.82263160567 0.0
5731.2775839187625 0.0
5733.73400159496 0.0
5736.1899308321645 0.0
5738.64830233352 0.0
5741.106185395864 0.0
5743.561137766509 0.0
5746.01950930235 0.0
5748.475438596975 0.0
5750.935763957884 0.0
5753.3941355280795 0.0
5755.851041758063 0.0
5758.310878702716 0.0
5760.769738757671 0.0
5763.227133472351 0.0
5765.686970451142 0.0
5769.3767259406095 0.0
5771.836562947752 0.0
5774.294934614523 0.0
5776.755748545395 0.0
5779.217050938121 0.0
5781.674445737585 0.0
5784.137213504543 0.0
5786.598027480473 0.0
5789.057864566481 0.0
5791.519167015419 0.0
5793.981934827292 0.0
5796.444214199781 0.0
5798.903562879948 0.0
5801.366819175929 0.0
5803.829587032479 0.0
5806.2923549001625 0.0
5808.754145877779 0.0
5811.216913767677 0.0
5813.680658569855 0.0
5816.143914932515 0.0
5818.608636658036 0.0
5821.069939240395 0.0
5824.768487217758 0.0
5827.230766728863 0.0
5829.6950000533925 0.0
5832.159721839518 0.0
5834.625420537846 0.0
5837.090142345905 0.0
5839.556329516766 0.0
5842.022516698564 0.0
5844.485284736924 0.0
5846.95049503929 0.0
5849.417659155054 0.0
5851.884334831075 0.0
5854.351010517964 0.0
5856.817686215707 0.0
5859.283873473649 0.0
5861.752502995604 0.0
5864.2196671764605 0.0
5866.686342917472 0.0
5869.152530218615 0.0
5871.619694431811 0.0
5874.087347106409 0.0
5876.554999791746 0.0
5880.259897994442 0.0
5882.729016058554 0.0
5885.1986225840255 0.0
5887.668229120188 0.0
5890.137347216363 0.0
5892.606953773862 0.0
5895.076560342007 0.0
5897.546166920784 0.0
5900.016750411521 0.0
5902.485868560848 0.0
5904.95596362211 0.0
5907.427035595308 0.0
5909.896642227033 0.0
5912.366737319989 0.0
5914.837809324843 0.0
5917.3098582416005 0.0
5919.781907168875 0.0
5922.253467655969 0.0
5924.725516604243 0.0
5927.197077112299 0.0
5929.667660729425 0.0
5932.139221258381 0.0
5934.613224051272 0.0
5938.324472485526 0.0
5940.796521501659 0.0
5943.268082077471 0.0
5945.742084917198 0.0
5948.21657621801 0.0
5950.693021332039 0.0
5953.164093498558 0.0
5955.640538633279 0.0
5958.114541524737 0.0
5960.586590623609 0.0
5963.063524239992 0.0
5965.540946317398 0.0
5968.013483897814 0.0
5970.490905995762 0.0
5972.965397399576 0.0
5975.438423461411 0.0
5977.916334040803 0.0
5980.392290827462 0.0
5982.871178328756 0.0
5985.345181332829 0.0
5987.822115051516 0.0
5990.301491034092 0.0
5994.015182068768 0.0
5996.492115822951 0.0
5998.971980291762 0.0
6001.44598336163 0.0
6003.9258478506445 0.0
6006.403270095954 0.0
6008.8826461543695 0.0
6011.359091518266 0.0
6013.840909850603 0.0
6016.320285939155 0.0
6018.796242882347 0.0
6021.2765958924565 0.0
6023.755972011021 0.0
6026.23485968879 0.0
6028.715701179627 0.0
6031.193611975758 0.0
6033.67494193728 0.0
6036.155783457963 0.0
6038.634182734644 0.0
6041.116001176724 0.0
6043.59733117792 0.0
6046.081103442955 0.0
6049.803098478107 0.0
6052.277590202724 0.0
6054.764293207063 0.0
6057.245623262482 0.0
6059.727930229315 0.0
6062.213167910778 0.0
6064.688148135152 0.0
6067.174851188621 0.0
6069.65764664542 0.0
6072.138976759548 0.0
6074.625679842354 0.0
6077.107498426775 0.0
6079.592736176628 0.0
6082.070158723111 0.0
6084.557350295653 0.0
6087.039657369691 0.0
6089.525872059986 0.0
6092.009644505835 0.0
6094.492928510505 0.0
6096.979143229789 0.0
6099.462427253726 0.0
6101.949618893942 0.0
6105.67307960976 0.0
6108.163690429854 0.0
6110.645997595283 0.0
6113.137096885416 0.0
6115.621846324174 0.0
6118.109526477542 0.0
6120.592810582829 0.0
6123.080490755259 0.0
6125.5642633304005 0.0
6128.052920423551 0.0
6130.537669919365 0.0
6133.025350129781 0.0
6135.513030349667 0.0
6137.997779873846 0.0
6140.4922984247005 0.0
6142.976559516884 0.0
6145.465705127127 0.0
6147.950454688973 0.0
6150.439600318023 0.0
6152.933142014313 0.0
6155.419356956911 0.0
6157.908014163233 0.0
6160.395206026276 0.0
6164.12990144537 0.0
6166.619535586138 0.0
6169.110146637989 0.0
6171.600269248265 0.0
6174.08843806429 0.0
6176.581002947584 0.0
6179.071125585713 0.0
6181.558805978636 0.0
6184.051859340629 0.0
6186.542958908293 0.0
6189.0321046815925 0.0
6191.524669620397 0.0
6194.015280764809 0.0
6196.50979952564 0.0
6198.997968433904 0.0
6201.4890680567605 0.0
6203.985540648774 0.0
6206.470778879021 0.0
6208.96725148935 0.0
6211.459328050607 0.0
6213.955312228313 0.0
6216.442992749542 0.0
6220.183549890405 0.0
6222.680511001822 0.0
6225.169168456625 0.0
6227.664175782492 0.0
6230.1557639609255 0.0
6232.6527251086045 0.0
6235.14773246161 0.0
6237.637855314308 0.0
6240.135304940009 0.0
6242.628358516294 0.0
6245.125808160003 0.0
6247.619350205185 0.0
6250.110938455552 0.0
6252.610341929947 0.0
6255.101930198191 0.0
6257.599868337653 0.0
6260.099271838903 0.0
6262.588417879125 0.0
6265.08489069249 0.0
6267.583805769517 0.0
6270.0793016987545 0.0
6272.576262989728 0.0
6276.323658746645 0.0
6278.816712452068 0.0
6281.311719970151 0.0
6283.810146653801 0.0
6286.30906179724 0.0
6288.805534694649 0.0
6291.302007600843 0.0
6293.8023881235895 0.0
6296.301303302203 0.0
6298.800706940561 0.0
6301.297179881816 0.0
6303.79218747886 0.0
6306.289637339516 0.0
6308.79001791478 0.0
6311.288444694827 0.0
6313.7893137385045 0.0
6316.2887174379175 0.0
6318.788609597004 0.0
6321.288013313774 0.0
6323.786440137216 0.0
6326.286332322281 0.0
6328.785736064991 0.0
6332.535574371723 0.0
6335.036443488979 0.0
6337.5368241638425 0.0
6340.0376932983 0.0
6342.538562441345 0.0
6345.039431592966 0.0
6347.540300753149 0.0
6350.041169921883 0.0
6352.542527550174 0.0
6355.043396735981 0.0
6357.545731283358 0.0
6360.047088937218 0.0
6362.549911952636 0.0
6365.052734976553 0.0
6367.554092655894 0.0
6370.056427245752 0.0
6372.558273393048 0.0
6375.0606079998215 0.0
6377.563919517094 0.0
6380.065277238685 0.0
6382.568100321786 0.0
6385.071411864334 0.0
6388.827111870468 0.0
6391.332377238164 0.0
6393.837154163213 0.0
6396.339977292478 0.0
6398.844265783226 0.0
6401.3485542823255 0.0
6403.851865887677 0.0
6406.355665952404 0.0
6408.8589775744 0.0
6411.363754557853 0.0
6413.869508451713 0.0
6416.376239255981 0.0
6418.881993166437 0.0
6421.386770183055 0.0
6423.891058756876 0.0
6426.394858887886 0.0
6428.900612831379 0.0
6431.408320587362 0.0
6433.914562998388 0.0
6436.421293868703 0.0
6438.92704784509 0.0
6441.431336476466 0.0
6443.937578920301 0.0
6447.700117533364 0.0
6450.207825350864 0.0
6452.714556274367 0.0
6455.22031030386 0.0
6457.726552792561 0.0
6460.235725995875 0.0
6462.74392230515 0.0
6465.250164818201 0.0
6467.7578726925985 0.0
6470.265580575089 0.0
6472.777196074376 0.0
6475.283927070844 0.0
6477.791146526458 0.0
6480.298854441212 0.0
6482.810958423868 0.0
6485.318666354703 0.0
6487.825885842459 0.0
6490.335059142622 0.0
6492.846674706304 0.0
6495.353405766964 0.0
6497.862579091122 0.0
6500.372240874362 0.0
6504.137710466386 0.0
6506.646883818428 0.0
6509.156057178414 0.0
6511.669138155242 0.0
6514.178311531097 0.0
6516.687484914864 0.0
6519.200565915481 0.0
6521.709250863935 0.0
6524.218424271395 0.0
6526.732482197954 0.0
6529.241655621166 0.0
6531.75327130786 0.0
6534.266352355796 0.0
6536.776014253687 0.0
6539.287141512799 0.0
6541.800222584264 0.0
6544.311838310158 0.0
6546.821500239324 0.0
6549.337512041054 0.0
6551.848150888083 0.0
6554.358301291747 0.0
6556.873824665728 0.0
6560.639294522999 0.0
6563.155306367547 0.0
6565.666922159543 0.0
6568.180003312711 0.0
6570.693572924756 0.0
6573.2051887399175 0.0
6575.721689074305 0.0
6578.233793356025 0.0
6580.746874547743 0.0
6583.260932649451 0.0
6585.773036954204 0.0
6588.290514229371 0.0
6590.80261854944 0.0
6593.316676681796 0.0
6595.832200175287 0.0
6598.345281420582 0.0
6600.8608049293325 0.0
6603.3738861898555 0.0
6605.890875067336 0.0
6608.403956343053 0.0
6610.921433686904 0.0
6613.4354918801255 0.0
6617.209754116787 0.0
6619.721858524195 0.0
6622.239824353293 0.0
6624.754371031674 0.0
6627.271848424676 0.0
6629.785906666922 0.0
6632.303872526159 0.0
6634.818907685786 0.0
6637.335408206472 0.0
6639.8519087346485 0.0
6642.368409270305 0.0
6644.884909813434 0.0
6647.401898815218 0.0
6649.918399373265 0.0
6652.4363652923485 0.0
6654.951400511683 0.0
6657.4708317992345 0.0
6659.985867033408 0.0
6662.504809884605 0.0
6665.020333584784 0.0
6667.540253353199 0.0
6670.056753970566 0.0
6672.576673753765 0.0
6676.3528900583215 0.0
6678.868902250249 0.0
6681.389798961656 0.0
6683.906299619479 0.0
6686.42719634558 0.0
6688.9441854692695 0.0
6691.4636168563675 0.0
6693.981582897116 0.0
6696.499060493935 0.0
6699.0209341590535 0.0
6701.537434867993 0.0
6704.0593085476885 0.0
6706.57776307607 0.0
6709.096217611705 0.0
6711.6156490570465 0.0
6714.134592058398 0.0
6716.656954225614 0.0
6719.175408790192 0.0
6721.694840264452 0.0
6724.215248648396 0.0
6726.734680137066 0.0
6729.257042340369 0.0
6733.0376549513585 0.0
6735.557086465165 0.0
6738.077006437376 0.0
6740.59888022173 0.0
6743.1188002082445 0.0
6745.640185555643 0.0
6748.161082458929 0.0
6750.681979369338 0.0
6753.2038531893695 0.0
6755.724750114003 0.0
6758.244670143224 0.0
6760.768497789591 0.0
6763.2893947355005 0.0
6765.8102916884845 0.0
6768.33363090484 0.0
6770.854527871951 0.0
6773.375424846107 0.0
6775.899740986169 0.0
6778.420149523137 0.0
6780.942511872199 0.0
6783.466339582095 0.0
6785.987725042658 0.0
6789.771757051712 0.0
6792.29509633486 0.0
6794.816970271168 0.0
6797.341286470837 0.0
6799.8631604210905 0.0
6802.385522829581 0.0
6804.91081595271 0.0
6807.433666826383 0.0
6809.955540804425 0.0
6812.4793685945315 0.0
6815.00417329414 0.0
6817.526535744227 0.0
6820.048898201214 0.0
6822.574191372841 0.0
6825.099484551369 0.0
6827.621847029027 0.0
6830.145186416141 0.0
6832.6714565179 0.0
6835.195772821343 0.0
6837.719112229039 0.0
6840.242940094877 0.0
6842.769698675361 0.0
6846.555196271531 0.0
6849.080489515177 0.0
6851.604317411722 0.0
6854.129610668989 0.0
6856.653927030433 0.0
6859.180197203906 0.0
6861.70500203023 0.0
6864.230295314642 0.0
6866.755588605817 0.0
6869.281370355067 0.0
6871.807152111071 0.0
6874.332445422499 0.0
6876.857738740666 0.0
6879.383032065555 0.0
6881.910767653773 0.0
6884.435084089453 0.0
6886.961354337127 0.0
6889.4871361401765 0.0
6892.012917949916 0.0
6894.54016512032 0.0
6897.066435394748 0.0
6899.592217224512 0.0
6903.381622658637 0.0
6905.908869859035 0.0
6908.434651712073 0.0
6910.961410474416 0.0
6913.48914614606 0.0
6916.016393372994 0.0
6918.543152155198 0.0
6921.07039939535 0.0
6923.597158190759 0.0
6926.123916992754 0.0
6928.650675801332 0.0
6931.179876873219 0.0
6933.706635694942 0.0
6936.233882974571 0.0
6938.761618712107 0.0
6941.289354456188 0.0
6943.816113304102 0.0
6946.344825963965 0.0
6948.874027081712 0.0
6951.401274400555 0.0
6953.928033274546 0.0
6956.457234411831 0.0
6958.984970201537 0.0
6962.777306575298 0.0
6965.3060192839375 0.0
6967.834243547682 0.0
6970.362467817889 0.0
6972.890203643185 0.0
6975.418916377663 0.0
6977.949094472695 0.0
6980.476830317312 0.0
6983.006519973843 0.0
6985.535232734049 0.0
6988.0639455006685 0.0
6990.592658273694 0.0
6993.121859504495 0.0
6995.652037644447 0.0
6998.179773533887 0.0
7000.709463235225 0.0
7003.239152942933 0.0
7005.768842657009 0.0
7008.297555474674 0.0
7010.827245201455 0.0
7013.3564464831925 0.0
7015.886136222654 0.0
7019.6818919721845 0.0
7022.212070178847 0.0
7024.740783037644 0.0
7027.271449708317 0.0
7029.801627933895 0.0
7032.331317714369 0.0
7034.861007501122 0.0
7037.391185745548 0.0
7039.9218524476455 0.0
7042.451542253202 0.0
7044.983185870624 0.0
7047.513364140087 0.0
7050.043053964387 0.0
7052.5732322463255 0.0
7055.1038989858935 0.0
7057.634565731686 0.0
7060.165232483691 0.0
7062.696876144726 0.0
7065.2275429091405 0.0
7067.758698131161 0.0
7070.289364907955 0.0
7072.82003169093 0.0
7076.6172530055 0.0
7079.147431352473 0.0
7081.679075059856 0.0
7084.209253419126 0.0
7086.741385590224 0.0
7089.272052413191 0.0
7091.803696145133 0.0
7094.335339883198 0.0
7096.86698362738 0.0
7099.397650474814 0.0
7101.929782682633 0.0
7104.46142644512 0.0
7106.993558665128 0.0
7109.52422553692 0.0
7112.05586931765 0.0
7114.588490007316 0.0
7117.120133800177 0.0
7119.652754501966 0.0
7122.18439830693 0.0
7124.7165305693725 0.0
7127.24866283785 0.0
7129.780795112356 0.0
7133.578993535406 0.0
7136.111125824955 0.0
7138.643258120505 0.0
7141.175390422056 0.0
7143.707522729595 0.0
7146.24014349457 0.0
7148.772275814073 0.0
7151.305873493903 0.0
7153.838005825342 0.0
7156.37013816274 0.0
7158.902270506087 0.0
7161.435379758293 0.0
7163.967512113521 0.0
7166.500621377598 0.0
7169.033730647605 0.0
7171.56635147207 0.0
7174.098483850985 0.0
7176.632081590193 0.0
7179.16519088384 0.0
7181.698300183383 0.0
7184.230921037346 0.0
7186.763541897187 0.0
7189.297139665839 0.0
7193.097292104085 0.0
7195.629912984454 0.0
7198.16351077362 0.0
7200.696620117158 0.0
7203.229241015058 0.0
7205.762350370265 0.0
7208.296436634252 0.0
7210.828569098145 0.0
7213.363143825246 0.0
7215.896253203718 0.0
7218.429851039468 0.0
7220.9629604295305 0.0
7223.496558276863 0.0
7226.030644581462 0.0
7228.563265537379 0.0
7231.097351853524 0.0
7233.629972820967 0.0
7236.164059148629 0.0
7238.697657030553 0.0
7241.230766466727 0.0
7243.765341263115 0.0
7246.298939162249 0.0
7250.100068698924 0.0
7252.634155063852 0.0
7255.166776079995 0.0
7257.700862456334 0.0
7260.23446038687 0.0
7262.768546774595 0.0
7265.302144716502 0.0
7267.836231115589 0.0
7270.370805971852 0.0
7272.905380833782 0.0
7275.4394672498665 0.0
7277.973065220096 0.0
7280.508128550497 0.0
7283.042214983521 0.0
7285.574836067643 0.0
7288.110387866465 0.0
7290.644474316372 0.0
7293.17807232038 0.0
7295.712158781511 0.0
7298.246245248243 0.0
7300.780331720573 0.0
7303.314906650009 0.0
7307.1170132804 0.0
7309.651588223794 0.0
7312.184697818187 0.0
7314.719761224236 0.0
7317.253359281268 0.0
7319.787445795376 0.0
7322.321532315027 0.0
7324.8561072917455 0.0
7327.390193822466 0.0
7329.925257261776 0.0
7332.4608091581385 0.0
7334.994895705425 0.0
7337.529470709752 0.0
7340.063557268045 0.0
7342.599109186441 0.0
7345.133684207263 0.0
7347.666793878952 0.0
7350.200880459193 0.0
7352.735455496447 0.0
7355.269542087624 0.0
7357.8041171358045 0.0
7360.338692189437 0.0
7364.1417759089645 0.0
7366.676350976213 0.0
7369.210437597349 0.0
7371.744035772362 0.0
7374.279099307441 0.0
7376.813674396385 0.0
7379.348249490743 0.0
7381.882824590502 0.0
7384.417399695663 0.0
7386.95246325777 0.0
7389.488015276817 0.0
7392.022590398141 0.0
7394.557165524838 0.0
7397.091252205345 0.0
7399.625827342772 0.0
7402.160890937117 0.0
7404.694489182132 0.0
7407.229064335614 0.0
7409.764127945997 0.0
7412.299191561717 0.0
7414.833278279636 0.0
7417.368341906008 0.0
7421.169960452401 0.0
7423.703558737349 0.0
7426.239110833874 0.0
7428.773686032559 0.0
7431.308261236533 0.0
7433.843813348938 0.0
7436.378877015053 0.0
7438.912963783292 0.0
7441.448027459948 0.0
7443.982114238715 0.0
7446.516201022736 0.0
7449.050776263584 0.0
7451.584863058096 0.0
7454.119438309426 0.0
7456.65352511441 0.0
7459.188588827782 0.0
7461.723164094794 0.0
7464.2577393670235 0.0
7466.793291547636 0.0
7469.327378378697 0.0
7471.861953666542 0.0
7474.396528959581 0.0
7476.931592709398 0.0
7480.732234537476 0.0
7483.26729830024 0.0
7485.800896713394 0.0
7488.335472034896 0.0
