calculator/instruments/lris/plaintext_files/red_MIRROR_600-7500.txt
# %ECSV 1.0
# ---
# datatype:
# - {name: WAV, unit: Angstrom, datatype: float64}
# - {name: EFF, datatype: float64}
# meta: !!omap
# - {DICHROIC: MIRROR}
# - {GRATING: 600/7500}
# schema: astropy-2.0
WAV EFF
[from data line 728]
7493.40413424177 0.0
7495.939198030325 0.0
7498.473773372423 0.0
7501.007860268057 0.0
7503.540970265617 0.0
7506.075057171498 0.0
7508.6096325341005 0.0
7511.144696353418 0.0
7513.678294823031 0.0
7516.2133586525615 0.0
7518.747445583975 0.0
7521.281532520477 0.0
7523.8161079136735 0.0
7526.349706408731 0.0
7528.884281812081 0.0
7531.4188572205 0.0
7533.952455730757 0.0
7537.753097731427 0.0
7540.287184705927 0.0
7542.822248588701 0.0
7545.35535867005 0.0
7547.890422562899 0.0
7550.423044202684 0.0
7552.957619653966 0.0
7555.491706658641 0.0
7558.024328313464 0.0
7560.558903779779 0.0
7563.092990799471 0.0
7565.627077824158 0.0
7568.159699498959 0.0
7570.693786533618 0.0
7573.226408218373 0.0
7575.760983714607 0.0
7578.294582312556 0.0
7580.828669367095 0.0
7583.3617795233295 0.0
7585.895866587774 0.0
7588.428976753904 0.0
7590.962575376606 0.0
7594.762240642454 0.0
7597.296327729117 0.0
7599.829437917431 0.0
7602.363036562294 0.0
7604.896146760432 0.0
7607.429256963473 0.0
7609.963344074695 0.0
7612.4964542875305 0.0
7615.028587601969 0.0
7617.562674727864 0.0
7620.096273406995 0.0
7622.628895187711 0.0
7625.162005424938 0.0
7627.694138763733 0.0
7630.227737462328 0.0
7632.7608477141275 0.0
7635.293957970776 0.0
7637.826579780615 0.0
7640.358713143637 0.0
7642.892311866447 0.0
7645.424933690778 0.0
7647.958043971583 0.0
7651.755755595195 0.0
7654.287888984717 0.0
7656.820510830694 0.0
7659.352644229813 0.0
7661.885754537039 0.0
7664.418376397397 0.0
7666.950021359212 0.0
7669.482643229125 0.0
7672.014776652148 0.0
7674.546910079936 0.0
7677.079043512484 0.0
7679.610688498123 0.0
7682.143310391842 0.0
7684.674955386973 0.0
7687.207088838512 0.0
7689.739222294787 0.0
7692.271355755793 0.0
7694.803489221524 0.0
7697.334645788629 0.0
7699.867756167145 0.0
7702.398912743672 0.0
7704.930557776578 0.0
7707.460737459157 0.0
7711.258449250202 0.0
7713.79058275121 0.0
7716.322227805224 0.0
7718.852407508874 0.0
7721.384541023916 0.0
7723.91520918858 0.0
7726.446854261269 0.0
7728.978010886934 0.0
7731.508679065564 0.0
7734.039347248835 0.0
7736.571480791812 0.0
7739.100683629298 0.0
7741.632817181544 0.0
7744.16299693166 0.0
7746.693176686398 0.0
7749.223356445746 0.0
7751.755001564782 0.0
7754.284692881655 0.0
7756.8163380099 0.0
7759.3460293359685 0.0
7761.876697570017 0.0
7764.406877356953 0.0
7768.2016585942465 0.0
7770.731838392627 0.0
7773.261529743875 0.0
7775.792198003087 0.0
7778.321400911755 0.0
7780.852557631784 0.0
7783.38127209785 0.0
7785.910963471865 0.0
7788.441143302124 0.0
7790.9698577818 0.0
7793.499549169415 0.0
7796.02875210985 0.0
7798.5584435065075 0.0
7801.086669552556 0.0
7803.61684940995 0.0
7806.14654082014 0.0
7808.674766879697 0.0
7811.203969847172 0.0
7813.733172819137 0.0
7816.261398892157 0.0
7818.791090324803 0.0
7821.319316406777 0.0
7825.1111670864 0.0
7827.639881631254 0.0
7830.16957308401 0.0
7832.69779918606 0.0
7835.22553684084 0.0
7837.751809144894 0.0
7840.282477518887 0.0
7842.809238283533 0.0
7845.338441311224 0.0
7847.865690536446 0.0
7850.3934282178125 0.0
7852.921165903591 0.0
7855.447926690324 0.0
7857.976641288375 0.0
7860.503890535641 0.0
7863.031628239036 0.0
7865.557900591626 0.0
7868.085149852066 0.0
7870.612399116884 0.0
7873.13915993435 0.0
7875.666897659651 0.0
7878.194146937591 0.0
7881.983067055732 0.0
7884.510316344569 0.0
7887.036588734283 0.0
7889.56334958008 0.0
7892.08913352674 0.0
7894.615405929472 0.0
7897.142655240023 0.0
7899.667950747934 0.0
7902.195200067138 0.0
7904.7190302284525 0.0
7907.245791104548 0.0
7909.772063533205 0.0
7912.297359062675 0.0
7914.824119951687 0.0
7917.347950134507 0.0
7919.873734128608 0.0
7922.399518126997 0.0
7924.924813677913 0.0
7927.449132329605 0.0
7929.973450985567 0.0
7932.499235001051 0.0
7935.024530569047 0.0
7938.811008573758 0.0
7941.335815700634 0.0
7943.860134380001 0.0
7946.384453063609 0.0
7948.90974865497 0.0
7951.433578895288 0.0
7953.9569206880715 0.0
7956.4807509368375 0.0
7959.005069641584 0.0
7961.528899898781 0.0
7964.051264804899 0.0
7966.575095070509 0.0
7969.099902243853 0.0
7971.622267162564 0.0
7974.145608988996 0.0
7976.669439271385 0.0
7979.19278110619 0.0
7981.714657589863 0.0
7984.237022529476 0.0
7986.760852828569 0.0
7989.282240872972 0.0
7991.805582728621 0.0
7994.328924588427 0.0
7998.111495127047 0.0
8000.633860093675 0.0
8003.154759709111 0.0
8005.677613135789 0.0
8008.1990012112665 0.0
8010.720877742647 0.0
8013.242754278149 0.0
8015.764142365987 0.0
8018.284553554375 0.0
8020.806918553998 0.0
8023.327329750597 0.0
8025.848229403075 0.0
8028.369129059647 0.0
8030.889540268524 0.0
8033.410928385056 0.0
8035.931828053886 0.0
8038.450773919645 0.0
8040.971673596625 0.0
8043.492573277674 0.0
8046.011519155631 0.0
8048.531930393014 0.0
8051.051364730869 0.0
8054.830027793454 0.0
8057.350927496805 0.0
8059.86938494523 0.0
8062.389796204865 0.0
8064.907765209556 0.0
8067.427199573661 0.0
8069.946145489989 0.0
8072.465091410336 0.0
8074.985014238296 0.0
8077.50200635947 0.0
8080.020463840043 0.0
8082.537944421015 0.0
8085.05786726499 0.0
8087.57534785395 0.0
8090.093316898698 0.0
8092.610797495623 0.0
8095.127301192919 0.0
8097.646247153211 0.0
8100.162750858447 0.0
8102.680719923066 0.0
8105.197223636226 0.0
8107.714215805147 0.0
8111.48945984004 0.0
8114.005963567025 0.0
8116.522467297951 0.0
8119.038971032818 0.0
8121.555474771616 0.0
8124.070513158904 0.0
8126.587016905556 0.0
8129.102543752502 0.0
8131.619047506993 0.0
8134.134085909949 0.0
8136.649612768629 0.0
8139.16611653485 0.0
8141.678712690419 0.0
8144.195216464435 0.0
8146.7092779832465 0.0
8149.223827957761 0.0
8151.73886638798 0.0
8154.252927918433 0.0
8156.767966356405 0.0
8159.282516346425 0.0
8161.795600984837 0.0
8164.309174078932 0.0
8168.080022179134 0.0
8170.593106831037 0.0
8173.106679938613 0.0
8175.6192761463735 0.0
8178.132849261632 0.0
8180.646910832557 0.0
8183.157553244495 0.0
8185.67014946758 0.0
8188.184211049987 0.0
8190.695830377046 0.0
