calculator/instruments/lris/plaintext_files/red_D460_1200-9000.txt
# %ECSV 1.0
# ---
# datatype:
# - {name: WAV, unit: Angstrom, datatype: float64}
# - {name: EFF, datatype: float64}
# meta: !!omap
# - {DICHROIC: D460}
# - {GRATING: 1200/9000}
# schema: astropy-2.0
WAV EFF
7361.245521302448 0.188233236480559
7362.827572029117 0.19121444964396628
7364.409622757907 0.19358167625326128
7365.993627240879 0.1951200133509316
7367.575189535893 0.1982977857856905
7369.158705585087 0.1989221478929583
7371.135902678481 0.2036035958881841
7372.719907170455 0.20338482174350278
7374.303423226529 0.20556700218804955
7375.885962408675 0.2084401092688408
7377.470455345016 0.2084134550638888
7379.054948283467 0.20983913012305824
7380.636999033924 0.2124884182392155
7382.22198041462 0.2124406995448151
7383.80793867347 0.2131297764755932
7385.389500992222 0.2161209307298026
7386.974482379239 0.21601893414794082
7388.955098568442 0.21827549431343726
7390.5400799601975 0.2183660413963377
7392.126038230107 0.21893280273661364
7393.7105311880405 0.21989937704570775
7395.296001024129 0.21999047741536604
7396.881470862317 0.22119739871228922
7398.467429140632 0.22177023991011335
7400.053875859075 0.22117115621546934
7401.638857265525 0.2229345499684262
7403.224327112101 0.22273719205053225
7405.207385518341 0.2233930124686355
7406.794809121752 0.2220028641350617
7408.381255851192 0.22324340497760178
7409.96672570666 0.22389312668039693
7411.555126192414 0.22234108410259762
7413.140596052055 0.2244097511855818
7414.728019665923 0.22343841589298538
7416.316420157949 0.22320322495110198
7417.902378461881 0.22428368332044205
7419.491267396117 0.22283539463276242
7421.078691018328 0.2232974824342836
7423.064191644114 0.22291210566645595
7424.650638394928 0.22415031439606728
7426.240504214101 0.22167126752791022
7427.828416283193 0.2224554876939453
7429.416328354362 0.22187569670453525
7431.005705741733 0.221118573298563
7432.593129379014 0.22222625039192356
7434.182018332493 0.22165680909682126
7435.771395726092 0.22098399593686394
7437.360773121764 0.2203433738313268
7438.9506389575545 0.21999662869637482
7440.937116488624 0.21894141939554124
7442.5260054529845 0.21991610989364044
7444.117336609644 0.21791994180202032
7445.705737140088 0.2190737086687964
7447.295602986739 0.2186627201602107
7448.886934149603 0.21718626000040142
7450.475334686237 0.21773002404675487
7452.0681311673825 0.21580498861149872
7453.656531708136 0.2165001891061991
7455.248351317309 0.21555213923431524
7456.8401709285445 0.21455008692815683
7458.828113802786 0.21389497100274904
7460.419444980602 0.21364914876596294
7462.011264598529 0.2126384750284369
7463.601130466294 0.21318346825960652
7465.193438526386 0.21203865166697122
7466.785258150479 0.211571974837739
7468.377077776624 0.21066857161927058
7469.969385842877 0.21040212002657493
7471.560228597009 0.2097858157716307
7473.15400198154 0.20883950480581445
7475.144875510423 0.20790877615867714
7476.735229833146 0.20846337462829875
7478.328026348213 0.2077467638630245
7479.920822865327 0.2077084011048903
7481.5155731367295 0.20537858872948425
7483.106904343745 0.20635470804107373
7484.701166181175 0.20495559889100565
7486.293474268394 0.2053184519481076
7487.886759233778 0.20466076159798938
7489.480532639266 0.20432863480671914
7491.074306046791 0.20330333900745748
7493.066156480512 0.2029452408088382
7494.660418330688 0.2024173810025241
7496.254191744829 0.202154690708547
7497.84845359907 0.20117887549015087
7499.442715455344 0.20078210862591908
7501.03746575172 0.20009937836766153
7502.631727612054 0.20014050698835978
7504.225989474416 0.19925841187572488
7505.821228214949 0.19889721041520142
7507.41695539558 0.19807643950494402
7509.01072882595 0.19891257164731563
7511.005021478565 0.19820412456585915
7512.600748665778 0.19737112773732884
7514.195498978867 0.1970778717995577
7515.791714608202 0.19706420722574444
7517.386953363402 0.19681660118023603
7518.983168996778 0.196018035316947
7520.579384632169 0.1955855134414556
7522.174623393425 0.195359095365953
7523.770350594771 0.1950942695173476
7525.367543112369 0.19514579905055435
7526.963270317745 0.19477455544949349
7528.959028312971 0.19454274391765047
7530.555732399033 0.19413820948560512
7532.152436487103 0.19419518443734557
7533.749140577184 0.19393909591055158
7535.346333107356 0.19373174835658513
7536.944014077616 0.19331547686143524
7538.541206611801 0.19291111649105144
7540.1379107099065 0.1928116086244695
7541.735103248098 0.19298491038338264
7543.332784226381 0.19266547232791018
7545.330007561567 0.1929715488165229
7546.92768854435 0.19262378226073087
7548.525369529133 0.19283516514332405
7550.123050515913 0.1932397080209801
7551.721708380865 0.19245132460456627
7553.320366247819 0.19212537538655416
7554.918535678675 0.1923650541792511
7556.516705111524 0.1919280881629594
7558.11536298446 0.1919093232697088
7559.713043983201 0.19283842851172434
7561.31219029821 0.19261201142472384
7563.311367413817 0.19251688585009366
7564.9105137333 0.1924005893301346
7566.509171616678 0.19274678377514906
7568.108317940138 0.19236358031650033
7569.708441141773 0.19251436440271968
7571.3075874691995 0.1931169459276769
7572.907222236706 0.19268182256021782
7574.505880130001 0.19318378538605577
7576.106003339569 0.19302165320970993
7577.706614989214 0.19275237416378443
7579.306249764642 0.1933713769726547
7581.306403784332 0.19358334571693986
7582.906038564206 0.19359746491200977
7584.505673346053 0.19438520774399706
7586.105796567977 0.1946899127762071
7587.706896668078 0.19448643378475947
7589.307508332047 0.1947083663655025
7590.907631559885 0.19539426333322876
7592.509220104003 0.19534639188200056
7594.109831773882 0.19508967583125048
7595.710443445729 0.19605811746284416
7597.3115435576465 0.1963697456329348
7599.313162919361 0.19653448387101816
7600.915239911917 0.19641110860643976
7602.515851592109 0.19703770414645894
7604.117440150482 0.19694745050053206
7605.720005587036 0.19731566437616943
7607.3211057112185 0.1981265762588217
7608.922205837359 0.19904745534769525
7610.524282841678 0.19921023943288527
7612.1263598479545 0.19953292373108172
7613.7279484180735 0.19958920425568485
7615.731521557339 0.1998686461093674
7617.333110131851 0.20042537079684702
7618.935675584545 0.20110252496323505
7620.5382410391885 0.20101243249783243
7622.140806495784 0.2016286056899734
7623.742883516212 0.20251029076279742
7625.345448976702 0.2027247883505447
7626.948502877256 0.20351832137273762
7628.552045217872 0.20306725929081093
7630.15412224608 0.20477406894562164
7631.756687714346 0.20487682987429598
7633.76123775724 0.20524778911052052
7635.3642916679955 0.20531066914313306
7636.968810895055 0.20590478588931646
7638.570887933444 0.2072182583777149
7640.174430288137 0.20743335925144304
7641.778461082888 0.2075851400556954
7643.38200344145 0.2081101765545064
7644.98701111632 0.20799488734492036
7646.589088164379 0.21002050467852498
7648.194095843115 0.2097896096423986
7649.799103523786 0.2100478573719168
7651.803165155771 0.21119532017272352
7653.407195964533 0.21179793392694748
7655.011226775217 0.21261248937944127
7656.616234464087 0.21237807719064644
7658.219776840497 0.21401199055789055
7659.825272971345 0.21327624557591268
7661.429792227859 0.21382379140033728
7663.033823048165 0.2156907399529692
7664.639319184783 0.21522876356597215
7666.244326885191 0.21583961676281996
7667.849334587517 0.21643849774303547
7669.855349999058 0.2172529650041043
7671.460357705696 0.21815880977054725
7673.065365414252 0.21869838370565176
7674.6698846865875 0.21944188677954257
7676.275380837102 0.22049912957442158
7677.881853865802 0.2196117881613949
7679.487350020142 0.2204137913590711
7681.092357738256 0.22199451831827208
7682.698830772691 0.22221411599941623
7684.304326932756 0.22243975233951896
7686.311807683195 0.22339018851239165
7687.91535009499 0.22513329380358418
7689.522311575665 0.22558154376183182
7691.128296181965 0.22544564173080475
7692.733792352024 0.226880265748819
7694.341242276552 0.2275128275378905
7695.94673845041 0.22785217253676995
7697.5532115024525 0.22814356518487333
7699.16066143268 0.22815349339217128
7700.76713448852 0.22931335691422686
7702.374095984396 0.22920122830261935
7704.381576761545 0.230624832496018
7705.987561385394 0.23156769418959713
7707.59354601113 0.23276838846100004
7709.201972829494 0.23188741147967892
7710.807957459009 0.23325277894919158
7712.414918966709 0.23375704578581102
7714.022857352595 0.2340812312408019
7715.63079574037 0.2347310202304583
7717.235803501128 0.23600978233014858
7718.84276501637 0.23706825114461233
7720.451680286101 0.23664829781354602
7722.4606264042295 0.23717222390188908
7724.0685648018925 0.23774789796212115
7725.674549448825 0.23979620274013907
7727.282487850245 0.23982200566227052
7728.890426253545 0.23977220766206586
7730.497876220565 0.24090946561623522
7732.105814627617 0.24118641574329128
7733.713264598388 0.24171662149240736
7735.322179885498 0.2413824047983614
7736.9286529837 0.24370928267444597
7738.537568274557 0.24400088677400822
7740.547002857203 0.24473793520164608
7742.155918152269 0.24414788782965272
7743.764345011041 0.24449216768314938
7745.37081811904 0.2462950550386461
7746.980221857865 0.24719364607739386
7748.588648722234 0.2468818254610609
7750.196587150304 0.24843923660950976
7751.80550245656 0.24882659700059928
7753.413440888351 0.24950815774097743
7755.023333074655 0.24851801510378582
7757.034232995659 0.24959425473056496
7758.6426598716525 0.2502176920260783
7760.250109873171 0.25137753365757287
7761.858536752872 0.25322761768539387
7763.46940582526 0.25171881394735685
7765.077832708668 0.2524764544921508
7766.685771155761 0.2535410988980952
7768.295663357375 0.2535500826188711
7769.905555560839 0.2538080321116062
7771.513005575308 0.2552528551916376
7773.122409344298 0.2553580213171022
7775.133797729507 0.2564545954080381
7776.743689940822 0.2571176993396227
7778.354070592154 0.25617631083006337
7779.963962807155 0.25667693552618054
7781.57141283314 0.25869264872598396
7783.181793489999 0.25908836964875454
7784.791197272351 0.25826361396943326
7786.401089494717 0.2587344398616621
7788.009027966217 0.2605291065501545
7789.620873944956 0.2601202392507396
7791.22978929648 0.2606409989110642
7793.242643022076 0.26093682011493674
7794.851558377721 0.26176768582291393
7796.4609621733725 0.2628663082329117
7798.070854409032 0.2632822909941173
7799.680746646519 0.2639457780345717
7801.291127324016 0.26364161160587235
7802.901019565157 0.2642965493407189
7804.510911808127 0.2654692582014077
7806.122269367463 0.2650433024138519
7807.732650052262 0.264313812525273
7809.3420538625205 0.2663182163295299
7811.356372928362 0.26552360066467745
7812.965288304531 0.2675606237480479
7814.575668997069 0.2680661211192828
7816.185561253241 0.2681409998932854
7817.797407263967 0.2668635624938054
7819.406322647397 0.2688088806410138
7821.017680223572 0.2691238687068718
7822.629526239751 0.2691157089183425
7824.238930066804 0.2686122748728779
7825.849310772044 0.2703586216328175
7827.863629861156 0.26951631103778895
7829.473033694089 0.2710666109187012
7831.083414405206 0.27167050812193894
7832.695260432699 0.271306366997137
7834.307106462002 0.2696720351358471
7835.916998740344 0.27179650596835553
7837.526891020487 0.27328779246424195
7839.138737055201 0.27332117120689464
7840.751071529912 0.2713139313106668
7842.3609638154585 0.2729033055510628
7843.970856102798 0.274511402676212
7845.985175217278 0.27347504496274666
7847.595555946856 0.2757080499997728
7849.207401992815 0.2749386496320968
7850.818759602374 0.274303432626534
7852.430117213726 0.27432882506151446
7854.0409863886725 0.27599500818658446
7855.6518555654075 0.27632728204606566
7857.264190058531 0.27600247115185755
7858.875547677044 0.27571110921318454
7860.485928420948 0.27691992683735017
7862.0963091666345 0.2784042829711077
7864.112093620908 0.2771189542832622
7865.722474370608 0.27777134868073644
7867.3343204366965 0.27807397215456237
7868.946654942772 0.27735718502539697
7870.558012574219 0.27735004049951245
7872.169370207451 0.2783563573211195
7873.780239404255 0.27970770611794893
7875.392085479242 0.27920512885683474
7877.004908432419 0.2780402131150798
7878.615777634552 0.2792510186125183
7880.226646838456 0.28042835944014716
7882.242431317758 0.2793412061240652
7883.853300525647 0.28059888833693825
7885.465146611724 0.28038844644395416
7887.0784580141935 0.2792294634288296
7888.6903041038095 0.27878221370514294
7890.300196442356 0.281736393058499
7891.911554097294 0.2823040653255846
7893.525353945049 0.28079867095861005
7895.136711603514 0.2799403457884628
7896.7480692637455 0.2810656392184956
7898.763853765698 0.27949140456312493
7900.374234553462 0.2823563014136949
7901.986080657625 0.28260315603602515
7903.598415201758 0.28349426969521
7905.211238185865 0.2818401172687121
7906.822595857084 0.2816081257904719
7908.434441968275 0.2830895305971931
7910.0457996430005 0.2838791399569946
7911.658622634125 0.2832028863854516
7913.27095718879 0.2818978384971901
7914.883291745206 0.2828814732140271
7916.898587833631 0.2822229243286935
7918.509457079326 0.28340269981228294
7920.121303203202 0.2851263898896049
7921.733637767047 0.28410846483703767
7923.347437647296 0.2828256821187713
7924.959772214632 0.2823142643480015
7926.570153030822 0.28380225234691503
7928.181510725194 0.28489623674534786
7929.79531061242 0.2838348542279563
7931.408133624943 0.28332558650010053
7933.020468200979 0.2821753720944301
7935.034787437467 0.2845021807398137
7936.64809889386 0.2827455960237443
7938.258968160865 0.2848730071210676
7939.870325867826 0.2857091743134507
7941.48412576765 0.2847670146163108
7943.096460354528 0.28309647468469945
7944.708794943135 0.28378299345305724
7946.319175780559 0.28591322629911947
7947.931998810854 0.28556890170775306
7949.545310281105 0.28414149703649755
7951.157644876623 0.2835026610632186
7953.171964137428 0.28494659703334124
7954.784298736827 0.28500352081048763
7956.397610214408 0.2843639358710511
7958.008479502555 0.28590242170664637
7959.620814107116 0.2857266133276906
7961.234125589862 0.285105837761365
7962.8469486360955 0.28444191038778227
7964.458306369345 0.285472108057034
7966.0691756660735 0.2868275171830144
7967.682487155687 0.2861321628643404
7969.697294876735 0.28649651763107464
7971.311094808444 0.2861404732974578
7972.9239178653925 0.28455699635161336
7974.5357640475795 0.28431415299818424
7976.147121793235 0.2863594528452935
7977.759456417074 0.28655044595608364
7979.371791042619 0.28572414620472414
7980.98461410811 0.28534968956440365
7982.596460298827 0.28576410067625196
7984.208794929486 0.28618832013087825
7985.820641123607 0.2865888553972692
7987.836914183374 0.28537790123187395
7989.447295066594 0.2871691412042427
7991.061095019208 0.2860764841031816
7992.673918097036 0.2846521947026829
7994.286741176564 0.28500285995105806
7995.897610504809 0.28644345625986367
7997.508968272992 0.28676047453615794
7999.123256672337 0.28540007475702234
8000.735591320396 0.2841196676258736
8002.3474375319 0.2854534669128409
8003.9578184303555 0.2871216397201758
8005.974091513961 0.2849179819561308
8007.584960854455 0.28724620751810914
8009.198760826124 0.28572741348879793
8010.811095484735 0.28528421112487445
8012.423430145032 0.28439862354290624
8014.034299492259 0.2856156910449848
8015.645657279421 0.2875377140113358
8017.2594572595135 0.2861108974508576
8018.8717919265355 0.2848924155869876
8020.484126595239 0.2842813857238392
8022.094995950861 0.2859614880048822
8024.11029218163 0.28422159908779915
8025.72262685578 0.2856338788353174
8027.333496216843 0.28676530654491567
8028.946807770851 0.28537375427292483
8030.559630888279 0.2835884400534038
8032.170988692609 0.2847939730955234
8033.781858060356 0.2862764422689164
8035.394681182792 0.28569221087069846
8037.007015868642 0.28521220539327646
8038.618862117902 0.28408851812109714
8040.634646808335 0.2840164462071977
8042.245516184825 0.28363661449179844
8043.856874001233 0.2853434159604026
8045.466766504523 0.2874528832552785
8047.081054953815 0.2847242168112352
8048.693878089985 0.2839549289699079
8050.304747474773 0.284250941955531
8051.915616861217 0.2853176322335532
8053.526974687578 0.28563037830919435
8055.139309392119 0.28458415855099106
8056.751155660051 0.2836135848565181
8058.7659634972915 0.2840945114085783
