calculator/instruments/lris/plaintext_files/red_D680_831-8200.txt
# %ECSV 1.0
# ---
# datatype:
# - {name: WAV, unit: Angstrom, datatype: float64}
# - {name: EFF, datatype: float64}
# meta: !!omap
# - {DICHROIC: D680}
# - {GRATING: 831/8200}
# schema: astropy-2.0
WAV EFF
[from data line 429]
7807.315369541571 0.34188638551523814
7809.67197963656 0.3433794647533192
7812.031031818452 0.34347242980751636
7814.389595587649 0.34238360123106987
7816.748647777346 0.3428310334706568
7819.106723137735 0.34325816630828865
7821.46528691862 0.342695306489332
7824.413369546038 0.343571773815013
7826.773887002091 0.3420122217233646
7829.133427628815 0.3411448033640483
7831.490037759771 0.3434306761585659
7833.8500668108545 0.3424313684482036
7836.209119032593 0.34175690965177885
7838.568171258195 0.3422887990838983
7840.926246654442 0.3431057064561305
7843.2857873043795 0.34292704758182185
7845.6463047914 0.34124386524682737
7848.003891782597 0.3426326836825113
7850.9534397142215 0.3420542116658987
7853.312980380525 0.34261050652080927
7855.672032634054 0.34326679220977363
7858.032061724654 0.34191010219617296
7860.391113985855 0.3421840409009555
7862.750166250884 0.3425298710138319
7865.109218519739 0.3431596488438174
7867.470712875517 0.34095948121895564
7869.830253568636 0.34170720594726156
7872.18832901571 0.343258854029682
7875.138365413015 0.3428815405448555
7877.498394535147 0.342507585617825
7879.858423661086 0.3428226295143549
7882.218452790824 0.3421018403676196
7884.577505091111 0.3432953165314358
7886.937534228443 0.34287883055488233
7889.298051786195 0.34247074365480223
7891.658080931107 0.3416003370677309
7894.017621663177 0.34296721263597324
7896.377650815654 0.34264133658653223
7898.738656805171 0.34209703656527907
7901.687228005901 0.3431951262060419
7904.048234003906 0.3422277917364142
7906.409240005677 0.3410489115295679
7908.767803928047 0.34284463819613775
7911.128321520709 0.34240768858131526
7913.489327533763 0.3420812084733385
7915.850821967205 0.341101660618344
7918.209385904582 0.3428386727371035
7920.56941509561 0.3427441808459873
7922.929932707017 0.34176181251475624
7925.29191557208 0.34039874194070335
7928.241463658826 0.34114256868606246
7930.601981282373 0.3410235150046628
7932.9615220763635 0.34167521084028435
7935.321551290717 0.3427170583069767
7937.683534175361 0.34176732185799186
7940.04454023044 0.3407308600922359
7942.402615789367 0.34298794014668044
7944.763621851868 0.3425949247458221
7947.1251163347215 0.3415117499334607
7949.486610821284 0.340580965740923
7951.846151644955 0.34142420420362407
7954.796676617198 0.3415366014663266
7957.157682699125 0.3417635298212097
7959.516735118143 0.3428281721418921
7961.878229624091 0.3421046899768243
7964.241189383682 0.3395153971917114
7966.599264980432 0.34172617385730086
7968.959294247464 0.34291829953576036
7971.321765601432 0.3409322212970497
7973.682771709113 0.3401252190055295
7976.043289403801 0.3406958289556006
7978.994302839801 0.3405043178995114
7981.353355292752 0.34168797687345115
7983.714361415982 0.3420855476132005
7986.0758559595215 0.3406056167089394
7988.437838923371 0.3393754931597256
7990.797868224226 0.3404090161617339
7993.1574091120565 0.34191048413772746
7995.518903670167 0.34069176739065016
7997.880398231914 0.3405589319254625
8000.2404275473045 0.3407073754143064
8002.599968449652 0.3417587882797752
8005.551958770169 0.3405400651165812
8007.911988097328 0.34106366715055003
8010.2739710947635 0.33987668451886555
8012.635465679147 0.33927598047357493
8014.994518183806 0.3399366048335037
8017.354059108731 0.3412873952400505
8019.716042120603 0.34033980767049465
8022.078513552746 0.3384942936354403
8024.438542905135 0.33867270430536534
8026.798083844444 0.3407662857413264
8029.159090037353 0.3395753314434314
8032.108638325176 0.3412335696225626
8034.470132942822 0.3395292096036315
8036.8326043973975 0.33897696419761686
8039.193122188849 0.33845296442601275
8041.552663150518 0.33978121353896434
8043.914646199139 0.3389716017301436
8046.276140834649 0.33833587189249476
8048.63519339033 0.3386317483016111
8050.99619961628 0.33870306567686626
8053.356717429107 0.33817474555540444
8055.717723662164 0.33768123836568487
8058.668248833453 0.3383272913331477
8061.030231907855 0.3369067057159364
8063.389284485701 0.3373770655465341
8065.750290733816 0.33829399443188013
8068.110320152097 0.3375517573636294
8070.471814823963 0.33697005653113016
8072.831355832613 0.3365422661859574
8075.190896844784 0.337947970406099
8077.551414693849 0.3376801770389195
8079.913886213182 0.33574536331343113
8082.273915652591 0.3356403189196292
8085.224440873476 0.33619391127799325
8087.584470320776 0.3355547163004843
8089.944499771578 0.33616646206028866
8092.30452922588 0.3365431214801656
8094.667000767142 0.334412900384929
8097.024588144966 0.3355603033403175
8099.385594443133 0.3354241438307037
8101.745623911398 0.33569769585221637
8104.107607049928 0.33450217761687023
8106.467148108463 0.3341782008823664
8109.417673374085 0.33365727449502935
8111.777214440434 0.33341078456646434
8114.13675551025 0.3347618479406399
8116.496785000231 0.33456295028654565
8118.859256577175 0.33228309811187723
8121.216843990577 0.33342456978470175
8123.575896657534 0.3349274323328332
8125.9369029947475 0.3334156870498436
8128.297420918713 0.33286385120405193
8130.6569620127175 0.33246951068603875
8133.015526276759 0.3340871994769888
8135.965563174283 0.33280664450072944
8138.324615862759 0.333752555514554
8140.685622221491 0.3319497895189343
8143.045163333534 0.33234179140746095
8145.404704449003 0.3324730112233802
8147.763268734477 0.33300334727053393
8150.124275106917 0.3313546315272541
8152.483327815932 0.33047101378919774
8154.842380528362 0.33133470498514167
8157.201433244201 0.33174261570899205
8159.562439630295 0.3307196511764893
8162.50954607564 0.33174339751889154
8164.870552469392 0.3301221374813413
8167.228628366254 0.33009559808318745
8169.588657933371 0.33086821102304403
8171.947710670446 0.3297794917045024
8174.3077402443405 0.3295951647643633
8176.665327738034 0.33005473777138306
8179.023892068541 0.3301887504007626
8181.385386902733 0.3285496410274335
8183.742974406553 0.3289091980461488
8186.101050330459 0.3294218118835743
8189.050110490237 0.3278523851416981
8191.408674838432 0.328886449179208
8193.767239189989 0.32829377371843727
8196.126291961624 0.32806534301455204
8198.484367903167 0.3281352006313547
8200.841467014608 0.3290645647313238
8203.201496629745 0.32761632023050896
8205.56054941478 0.32669583220145604
8207.91764853625 0.3280901367021659
8210.275724494506 0.3281936400844791
8213.223807863747 0.3274064521507992
8215.58286066296 0.32675659012667935
8217.939959798587 0.3266146656334912
8220.299012604451 0.3270160751819805
8222.655134913255 0.32684632408041453
8225.01516455923 0.32628760068651785
8227.372263708126 0.32617625562527824
8229.7303396938 0.3263464903303754
8232.08841568278 0.3251233168439806
8234.44649167507 0.32508914042917664
8236.80359083719 0.326017349910357
8239.749720586111 0.3252576963496288
8242.106819755645 0.3261691688588086
8244.46587259542 0.32496349707880123
8246.821994938058 0.3255814935248943
8249.180070950935 0.3255841884391954
8251.53619330014 0.32591630447244074
8253.89426931958 0.324525895895547
8256.250391675336 0.32434062242836853
8258.607490867844 0.3252046611296131
8260.967520564078 0.32287138976259466
8263.322666096155 0.32294625015792455
8266.267819057693 0.3239332817012318
8268.62491826408 0.3243265624155484
8270.98104064023 0.3248152546546663
8273.337163019638 0.3247119042458774
8275.694262235782 0.32338797827617116
8278.050384621683 0.3242196184320132
8280.407483844325 0.32317514290944516
8282.762629403212 0.32381918088143546
8285.118751798835 0.3241907529738056
8287.47585103119 0.3232624418555917
8289.830996599776 0.32290998864862286
8292.776149606927 0.32301599728125063
8295.132272016273 0.3232840277680388
8297.487417595341 0.3237955928677704
8299.843540011127 0.3230126703267713
8302.199662430132 0.3223672416471468
8304.554808018842 0.32292197544036816
8306.909953610755 0.32294226187120323
8309.265099205879 0.3225227147077668
8311.621221637715 0.3230678882713515
8313.975390405723 0.32268923815478406
8316.919566620505 0.32247249622543916
8319.274712229215 0.32259018226402564
8321.628881007598 0.3227884219726741
8323.984026622684 0.32330666216774584
8326.339172240956 0.32253471958895874
8328.693341028888 0.3224699453240624
8331.047509819993 0.3225686534977908
8333.401678614273 0.3231104243006488
8335.75682424525 0.32242213800775
8338.111969879397 0.3219529335357999
8340.464185016126 0.3237722065209757
8343.407384442067 0.3231347600225843
8345.76155325296 0.3230500833062752
8348.11572206701 0.3224791462825053
8350.468914050678 0.32275447650409794
8352.824059704568 0.3222558919209079
8355.17725169453 0.32248546770264197
8357.529466854094 0.3222838926549038
8359.883635683876 0.32284441200236635
8362.236827683257 0.3227940689148676
8364.590019685771 0.32256970441378413
8366.943211691414 0.32278839896485123
8369.884457494481 0.32332922407322084
8372.236672673613 0.32383278183719966
8374.589864689411 0.32341142336669765
8376.94110304123 0.3239338976845936
8379.296248730363 0.32303876983508384
8381.648463921958 0.3225374552602629
8384.000679116662 0.32287012503638307
8386.350940647362 0.3241315953617587
8388.704132681825 0.3237722578428098
8391.056347885837 0.323482338903843
8393.408563092944 0.32328848686030165
8396.34883210618 0.32219742454787975
8398.698116819562 0.32444087525522375
8401.051308870274 0.32352409670052396
8403.40352409051 0.32323926473220144
8405.752808813137 0.3250180448860614
8408.105024039533 0.32419649612831564
8410.456262435438 0.32411951920534265
8412.806524000847 0.32453608446160304
8415.158739236465 0.3246780414364756
8417.50900080801 0.32441433686373755
8420.448293027102 0.3241970729026393
8422.797577771958 0.3253093114535109
8425.148816187018 0.3246531578271337
8427.498100937979 0.3257230332513519
8429.848362525569 0.3252677153543406
8432.197647282625 0.32630758988930203
8434.548885709883 0.3247055349084336
8436.898170473021 0.3259759231382735
8439.249408906364 0.32556615853556153
8441.598693675578 0.3250864972156189
8443.947001614239 0.32625384910296007
8446.884340208991 0.32624628389935184
8449.23362498805 0.3247008226372284
8451.582909770128 0.32599304639552057
8453.932194555227 0.325668725334558
8456.280502509753 0.3263281117893115
8458.629787300884 0.32628604159054286
8460.978095261435 0.3263225225951263
8463.326403224988 0.32650507028931225
8465.675688025149 0.3254771661956341
8468.023019161114 0.32710244619765316
8470.371327133675 0.32688783973360963
8473.306712103593 0.32696651244466984
8475.65306641569 0.3279677739110953
8478.002351231582 0.3268358938646325
8480.34968238326 0.3267864086489424
8482.69603670431 0.3281306858701297
8485.044344695556 0.3272535959973428
8487.391675856172 0.3272157781001043
8489.739983853378 0.32690749147930653
8492.08536135272 0.32803419420296837
8494.432692522254 0.3270732467286099
8496.778070027529 0.32889225889899903
8499.712478205727 0.3281508463448091
8502.058832551282 0.3278724566309626
8504.405186899787 0.3279944702449921
8506.751541251251 0.3278878524920528
8509.096918772044 0.3286333013936799
8511.44327312941 0.3281492297645796
8513.787673822473 0.32917092206901194
8516.134028185725 0.32890465771247773
8518.480382551918 0.32841929610608295
8520.82673692105 0.3278051292340333
8523.756260968896 0.3291179189441737
8526.100661677368 0.32972256798996163
8528.446039222397 0.3294995246845781
8530.791416770353 0.32955484022366743
8533.13679432123 0.32814877275932713
8535.480218207766 0.3291038342854604
8537.824618930843 0.3293150954020326
8540.169019656836 0.3287379656771508
8542.512443552103 0.3291548352395962
8544.855867450275 0.32988847433919394
8547.20026818499 0.33013330994711865
8550.129792273827 0.3297337362751188
8552.473216181426 0.3298361257715672
8554.816640091924 0.330362275711515
8557.159087171667 0.32961236804308763
8559.503487921593 0.3288792197949586
8561.844958173464 0.33081819649070615
8564.188382095514 0.33011118118851007
8566.530829186795 0.3306281114518154
8568.872299447303 0.33049055142907724
8571.215723377993 0.32999892314142465
8573.5581704779 0.32986810466988836
8576.484764106339 0.3303183294673876
8578.827211212703 0.32992925920566063
8581.167704654616 0.330581016336174
8583.511128600361 0.3288599279455339
8585.85162204799 0.33043579692548636
8588.192115498474 0.3300443217784098
8590.533585785468 0.33121610862003037
8592.873102407986 0.3308984007290398
8595.215549534341 0.3294982888081455
8597.555066162548 0.3302544854227837
8599.896536460925 0.33002446186357903
8602.821176462137 0.33036153405606095
8605.161669933232 0.32975944481095143
8607.500209739817 0.33101583718294886
8609.840703216574 0.32927558208736746
8612.179243028808 0.33132926313367006
8614.520713344888 0.3290347586156219
8616.85827632909 0.33101561089426185
8619.197792983465 0.3303817570320426
8621.536332806974 0.33006114337198866
8623.874872633292 0.3316477150872841
8626.798535836982 0.3309603265383055
8629.13707566962 0.33076080649215134
8631.476592338744 0.3289630140775967
8633.812201675935 0.3304527468643183
8636.151718350657 0.32927843620262975
8638.489281360808 0.33026234307576163
8640.825867540061 0.3302310530205625
8643.164407389479 0.3289374206311368
8645.501970407997 0.32947518800998804
8647.838556595609 0.32831721519664653
8650.176119619693 0.3291838073348945
8653.097829195282 0.32738169875812995
8655.433438558226 0.3295655037146693
8657.769047923937 0.32939682258424335
8660.106610959814 0.32813960950104826
8662.441243497367 0.3292277564210659
8664.777829705077 0.3287532349012596
8667.113439081848 0.32908750516090685
8669.449048461382 0.32885129288448633
8671.784657843666 0.32741993173386735
8674.120267228707 0.32847098094187444
8676.452946115383 0.3290658103220278
8679.37270206241 0.32826536662979044
8681.706357788964 0.32866015001807547
8684.042944019384 0.3267779522469987
8686.377576585128 0.3276275312277016
8688.710255486187 0.3275333058809848
8691.045864891112 0.32585985006994556
8693.378543797631 0.3279211071789059
8695.712199540589 0.32705407119776875
8698.045855286273 0.32556672792164565
8700.378534200965 0.3269908114049062
8702.711213118373 0.32624282674466554
8705.62901543639 0.3254033050715338
8707.95974069247 0.3269494631611374
8710.29437328614 0.32439866402881107
8712.626075381359 0.3250591077885657
8714.956800645552 0.3260244591418255
8717.28850274617 0.3254936525080533
8719.622158516942 0.3248259356225758
8721.953860622967 0.32499482079379505
8724.283609064221 0.32456203275544093
8726.61726484309 0.32326014964737587
8729.528229359637 0.3255278167886706
8731.860908310826 0.3230120521126033
8734.192610430966 0.3231593677805261
8736.521382052586 0.323655883987657
8738.852107344352 0.32380403892754966
8741.182832638795 0.3218291943937833
8743.513557935912 0.3217705564413934
8745.842329568222 0.32256363711934616
8748.171101203201 0.3223966707137266
8750.50084967458 0.3223324133014299
8752.829621314884 0.32218011706808497
8755.740585868998 0.321539821764036
8758.071311182766 0.320142635426475
8760.400082831706 0.32010069700313454
8762.726900815798 0.3207690815239884
8765.055672470035 0.32015298821763805
8767.384444126918 0.31950914339045045
8769.712238952694 0.320210299064149
8772.038080113607 0.32069933471627415
8774.36587494466 0.32077946307132055
8776.694646612104 0.3189569724667774
8779.02048778092 0.32018026991428894
8781.929498704705 0.3192947886002196
8784.25533987943 0.3194956998246645
8786.583134724293 0.3180825572698858
8788.908975904264 0.3188473332894399
8791.23481708685 0.3180875744836081
8793.560658272056 0.31767119279226036
8795.887476293632 0.3172082201830848
8798.2123406503 0.31813993735990204
8800.538181843338 0.31752671543716005
8802.861092537687 0.3177481589162052
8805.185956902165 0.31742292070479555
8808.094967862728 0.3157044372929462
8810.418855399292 0.31652867533737333
8812.741766104675 0.3169852618908828
8815.066630480193 0.31590105302595506
8817.389541190758 0.31621182575840906
8819.714405571453 0.3160664602791237
8822.038293120964 0.3157322506900047
8824.360227005503 0.3170010879530199
8826.683137726397 0.31599747735225847
8829.007025283647 0.314612605444734
8831.911152108494 0.3139830926566023
8834.233086003973 0.31511964788013924
