calculator/instruments/lris/plaintext_files/red_D680_600-7500.txt
# %ECSV 1.0
# ---
# datatype:
# - {name: WAV, unit: Angstrom, datatype: float64}
# - {name: EFF, datatype: float64}
# meta: !!omap
# - {DICHROIC: D680}
# - {GRATING: 600/7500}
# schema: astropy-2.0
WAV EFF
[from data line 434]
6733.0376549513585 0.06868857615818415
6735.557086465165 0.06996041227944466
6738.077006437376 0.07137922728004628
6740.59888022173 0.07259909132393787
6743.1188002082445 0.07405088721335143
6745.640185555643 0.0754268191032197
6748.161082458929 0.07679581340627693
6750.681979369338 0.07832880339360992
6753.2038531893695 0.0797770883112427
6755.724750114003 0.08124788518385313
6758.244670143224 0.08298317361924643
6760.768497789591 0.08436280931276571
6763.2893947355005 0.08594714205695751
6765.8102916884845 0.08786484062880505
6768.33363090484 0.08933110193322603
6770.854527871951 0.09113660782826395
6773.375424846107 0.09309502794517376
6775.899740986169 0.09461793862286831
6778.420149523137 0.09649499608212256
6780.942511872199 0.09849261892155053
6783.466339582095 0.10008984297300191
6785.987725042658 0.10205861582522915
6789.771757051712 0.10483719658039613
6792.29509633486 0.10677404145013267
6794.816970271168 0.10878198273295302
6797.341286470837 0.11054562983807444
6799.8631604210905 0.11281474884503172
6802.385522829581 0.1151352231649343
6804.91081595271 0.11678341637362666
6807.433666826383 0.1189048551128711
6809.955540804425 0.1212311213479041
6812.4793685945315 0.12322693356469473
6815.00417329414 0.12505260956508993
6817.526535744227 0.12722558765170683
6820.048898201214 0.12964070015574877
6822.574191372841 0.13163810914005586
6825.099484551369 0.13353128163942304
6827.621847029027 0.13584536255529836
6830.145186416141 0.13810643651531376
6832.6714565179 0.1399788809320016
6835.195772821343 0.14192273906667616
6837.719112229039 0.14417625523037428
6840.242940094877 0.1464715762736722
6842.769698675361 0.14831951447929767
6846.555196271531 0.15150786212155531
6849.080489515177 0.1533820144259804
6851.604317411722 0.15554757491933638
6854.129610668989 0.1575304947385494
6856.653927030433 0.15956244843318224
6859.180197203906 0.1612361018075356
6861.70500203023 0.1632080273699494
6864.230295314642 0.16526504996093616
6866.755588605817 0.16707404123657463
6869.281370355067 0.16865741340922316
6871.807152111071 0.17043038667384725
6874.332445422499 0.17215008942613333
6876.857738740666 0.17404853638638312
6879.383032065555 0.1754389848625567
6881.910767653773 0.1767551234872738
6884.435084089453 0.17879975984873078
6886.961354337127 0.18016676331254144
6889.4871361401765 0.18164242043378595
6892.012917949916 0.1832513979861909
6894.54016512032 0.18437175142368467
6897.066435394748 0.1855313972168524
6899.592217224512 0.18694842590180913
6903.381622658637 0.18883298116597985
6905.908869859035 0.18966239134350352
6908.434651712073 0.19078895239933782
6910.961410474416 0.19196355581131017
6913.48914614606 0.19270345478394646
6916.016393372994 0.19356443173055532
6918.543152155198 0.19442533663559639
6921.07039939535 0.19524326287996344
6923.597158190759 0.19616557808349713
6926.123916992754 0.19709236082271878
6928.650675801332 0.19782368376444343
6931.179876873219 0.19803907135806798
6933.706635694942 0.19896712220211105
6936.233882974571 0.19954108881042842
6938.761618712107 0.1998637144120249
6941.289354456188 0.20035660614077797
6943.816113304102 0.20088455088204873
6946.344825963965 0.20122608498556396
6948.874027081712 0.2014380272073822
6951.401274400555 0.20191106552792035
6953.928033274546 0.20240120019895175
6956.457234411831 0.2025685943973111
6958.984970201537 0.20297783649897266
6962.777306575298 0.20296629169792954
6965.3060192839375 0.20312504591505537
6967.834243547682 0.2035544919355731
6970.362467817889 0.20367630102905357
6972.890203643185 0.20399580596199401
6975.418916377663 0.20400162758821686
6977.949094472695 0.20392291416123787
6980.476830317312 0.20421303555025397
6983.006519973843 0.20403634861599165
6985.535232734049 0.20419623461010164
6988.0639455006685 0.20432737344226487
6990.592658273694 0.2043413163209401
6993.121859504495 0.20421514834312246
6995.652037644447 0.20381586205200028
6998.179773533887 0.20409236415391172
7000.709463235225 0.20414350599087297
7003.239152942933 0.20411688700846845
7005.768842657009 0.20405627734449927
7008.297555474674 0.2039376464473547
7010.827245201455 0.20387783176648425
7013.3564464831925 0.20409314662802605
7015.886136222654 0.20395424533595927
7019.6818919721845 0.20344425672861907
7022.212070178847 0.20338136000862206
7024.740783037644 0.20347929073471566
7027.271449708317 0.2031187625709682
7029.801627933895 0.2031161463855976
7032.331317714369 0.20327451818940914
7034.861007501122 0.2031282755756531
7037.391185745548 0.2029117938999227
7039.9218524476455 0.20271611386387195
7042.451542253202 0.20283498891818766
7044.983185870624 0.2025594355807685
7047.513364140087 0.20261596160916928
7050.043053964387 0.20268105397782993
7052.5732322463255 0.2025909332437111
7055.1038989858935 0.20250439546462853
7057.634565731686 0.20254374527783284
7060.165232483691 0.20247137755142353
7062.696876144726 0.20208864333539894
7065.2275429091405 0.2020483176009676
7067.758698131161 0.20207306305970915
7070.289364907955 0.20191827324081205
7072.82003169093 0.20208261212450074
7076.6172530055 0.20189520824638055
7079.147431352473 0.20205650236670863
7081.679075059856 0.20181460465272075
7084.209253419126 0.20181290625215564
7086.741385590224 0.20156387923664448
7089.272052413191 0.20166506928636116
7091.803696145133 0.20156170532693485
7094.335339883198 0.20154561711901592
7096.86698362738 0.20162834822781478
7099.397650474814 0.2015469819321154
7101.929782682633 0.20169684169499505
7104.46142644512 0.20138194250850447
7106.993558665128 0.20129302966774362
7109.52422553692 0.20128201990203806
7112.05586931765 0.20144528646630303
7114.588490007316 0.2010657545849606
7117.120133800177 0.2012516848089278
7119.652754501966 0.20118881587696108
7122.18439830693 0.2012156401686041
7124.7165305693725 0.20111534877199466
7127.24866283785 0.20106349526374337
7129.780795112356 0.20113239829712512
7133.578993535406 0.20118963686623856
7136.111125824955 0.20086910023808272
7138.643258120505 0.20092711346288739
7141.175390422056 0.20085333332473057
7143.707522729595 0.20094533759865058
7146.24014349457 0.20074571587087034
7148.772275814073 0.2006508535917331
7151.305873493903 0.20049677912270228
7153.838005825342 0.20040338761789198
7156.37013816274 0.2003696619722999
7158.902270506087 0.20048899707811554
7161.435379758293 0.20024708037680428
7163.967512113521 0.20039558598638
7166.500621377598 0.20030705290087164
7169.033730647605 0.2001508764315507
7171.56635147207 0.19994945172584005
7174.098483850985 0.1999598581987263
7176.632081590193 0.19988107302513763
7179.16519088384 0.19997292304689157
7181.698300183383 0.1997760829256208
7184.230921037346 0.1996316841781744
7186.763541897187 0.19968679124126715
7189.297139665839 0.19972363132281915
7193.097292104085 0.19955031855572902
7195.629912984454 0.19944596124806088
7198.16351077362 0.1991586170297975
7200.696620117158 0.19909201378071587
7203.229241015058 0.19904813580579908
7205.762350370265 0.19884322855723455
7208.296436634252 0.19862951026308548
7210.828569098145 0.19870301685158828
7213.363143825246 0.19837711452959836
7215.896253203718 0.19823905988021426
7218.429851039468 0.19835056605741144
7220.9629604295305 0.19840518519465575
7223.496558276863 0.19822904015425707
7226.030644581462 0.19811283523396434
7228.563265537379 0.19800548646743105
7231.097351853524 0.19787742306858294
7233.629972820967 0.1978926780260863
7236.164059148629 0.19757992833394253
7238.697657030553 0.19757743780951745
7241.230766466727 0.19746720583913718
7243.765341263115 0.1972391959915076
7246.298939162249 0.1972136108660339
7250.100068698924 0.19683432412978166
7252.634155063852 0.1966080145719098
7255.166776079995 0.19656132952114194
7257.700862456334 0.19635072428060746
7260.23446038687 0.19649045653847055
7262.768546774595 0.19625276717526888
7265.302144716502 0.1959404103547751
7267.836231115589 0.1958062606279774
7270.370805971852 0.19570846253608293
7272.905380833782 0.19548382038529882
7275.4394672498665 0.1952753555729466
7277.973065220096 0.1951726061829185
7280.508128550497 0.19457526277440648
7283.042214983521 0.19442084036083843
7285.574836067643 0.19450003642361705
7288.110387866465 0.1942457349038769
7290.644474316372 0.19403845367589997
7293.17807232038 0.19407797919305694
7295.712158781511 0.1940341349288899
7298.246245248243 0.19393332691390766
7300.780331720573 0.19386150809478855
7303.314906650009 0.1935473735496988
7307.1170132804 0.19286056457941353
7309.651588223794 0.19244535036083796
7312.184697818187 0.19272945394883945
7314.719761224236 0.19242425263052945
7317.253359281268 0.1922719107435803
7319.787445795376 0.19217012346146087
7322.321532315027 0.19220747712997494
7324.8561072917455 0.19191139545301222
7327.390193822466 0.19171186459327677
7329.925257261776 0.19149511645265138
7332.4608091581385 0.19135481562903708
7334.994895705425 0.19102259038709804
7337.529470709752 0.19084307393285002
7340.063557268045 0.1906646680209895
7342.599109186441 0.19016379045639628
7345.133684207263 0.1900421735789904
7347.666793878952 0.19006806181460972
7350.200880459193 0.18993509720826324
7352.735455496447 0.1897368559533758
7355.269542087624 0.18987930635329026
7357.8041171358045 0.18958304006332485
7360.338692189437 0.18949200949029701
7364.1417759089645 0.1888070936949704
7366.676350976213 0.18886493150180197
7369.210437597349 0.18886346065575893
7371.744035772362 0.18869490171232722
7374.279099307441 0.18842263960861774
7376.813674396385 0.1883282687004934
7379.348249490743 0.18804329724904972
7381.882824590502 0.1878114601104805
7384.417399695663 0.18768043711159219
7386.95246325777 0.1874517440800789
7389.488015276817 0.18709798036060782
7392.022590398141 0.18693866927932817
7394.557165524838 0.1865606248312051
7397.091252205345 0.18651156852902542
7399.625827342772 0.1864339698043925
7402.160890937117 0.18629728587046152
7404.694489182132 0.18618337782168062
7407.229064335614 0.1860994002715468
7409.764127945997 0.18592470380310536
7412.299191561717 0.1856714167385756
7414.833278279636 0.1855287274830709
7417.368341906008 0.18513652574508055
7421.169960452401 0.18487991438867266
7423.703558737349 0.18497769805172634
7426.239110833874 0.18487534841965605
7428.773686032559 0.18439757428429535
7431.308261236533 0.18421729330849249
7433.843813348938 0.1841193832674737
7436.378877015053 0.1837663907601615
7438.912963783292 0.18356490779310994
7441.448027459948 0.18320162899578768
7443.982114238715 0.18323502316905946
7446.516201022736 0.18308295490690865
7449.050776263584 0.18284956290856727
7451.584863058096 0.18299845591997074
7454.119438309426 0.18263219736280756
7456.65352511441 0.18268530931343455
7459.188588827782 0.18240090195424352
7461.723164094794 0.18223828884529755
7464.2577393670235 0.18188782049951088
7466.793291547636 0.18149258109956098
7469.327378378697 0.1815165842139835
7471.861953666542 0.1811900067488526
7474.396528959581 0.18095208172552285
7476.931592709398 0.18066642985031658
7480.732234537476 0.18050624535127202
7483.26729830024 0.18035478469631047
7485.800896713394 0.1803198804184795
7488.335472034896 0.18021243688728486
7490.871024264746 0.17981857903829446
7493.40413424177 0.17960714526861243
7495.939198030325 0.17925709694115272
7498.473773372423 0.1791097772755647
7501.007860268057 0.1787886683104886
7503.540970265617 0.17896355217207474
7506.075057171498 0.17890549938164246
7508.6096325341005 0.17851006633606836
7511.144696353418 0.17824406560877534
7513.678294823031 0.17823379713732762
7516.2133586525615 0.1779301235878945
7518.747445583975 0.17773971115094603
7521.281532520477 0.17734267601452047
7523.8161079136735 0.17710523826534366
7526.349706408731 0.17691209865609953
7528.884281812081 0.17677915546294673
7531.4188572205 0.1765044316751226
7533.952455730757 0.17631080633175208
7537.753097731427 0.1761580213470831
7540.287184705927 0.17593353372744952
7542.822248588701 0.1755899881535414
7545.35535867005 0.17542436528371913
7547.890422562899 0.1750803533292325
7550.423044202684 0.17487642577282153
7552.957619653966 0.174649111847151
7555.491706658641 0.17448660327053933
7558.024328313464 0.1742955526073333
7560.558903779779 0.1739612909177913
7563.092990799471 0.17382259395067381
7565.627077824158 0.17360250070196417
7568.159699498959 0.17355719157692912
7570.693786533618 0.17329487973416235
7573.226408218373 0.1732111181470608
7575.760983714607 0.172766329817003
7578.294582312556 0.17263341924119793
7580.828669367095 0.17227454405110665
7583.3617795233295 0.17206864342125566
7585.895866587774 0.17193215221340433
7588.428976753904 0.17174643165990164
7590.962575376606 0.1714073896893304
7594.762240642454 0.1711039210619641
7597.296327729117 0.1707186023538316
7599.829437917431 0.17058490329888779
7602.363036562294 0.1704301256670268
7604.896146760432 0.1701880296131674
7607.429256963473 0.17004089708979123
7609.963344074695 0.16971048660721547
7612.4964542875305 0.16967351470851177
7615.028587601969 0.16933843126969025
7617.562674727864 0.16895526265071228
7620.096273406995 0.16881595828964038
7622.628895187711 0.16850658719701303
7625.162005424938 0.16827603542949537
7627.694138763733 0.1682137287904547
7630.227737462328 0.16792219512100032
7632.7608477141275 0.16754519865535525
7635.293957970776 0.16734941680666984
7637.826579780615 0.16721539840990846
7640.358713143637 0.1671569327835049
7642.892311866447 0.16662150171744206
7645.424933690778 0.16659192928772587
7647.958043971583 0.1664463033628175
7651.755755595195 0.16623166555462018
7654.287888984717 0.16614641769490177
7656.820510830694 0.1657936846727825
7659.352644229813 0.1657802533238221
7661.885754537039 0.16546641485371374
7664.418376397397 0.1650806870159485
7666.950021359212 0.16499854544522125
7669.482643229125 0.16490509775653647
7672.014776652148 0.16474406164991193
7674.546910079936 0.16446686020844153
7677.079043512484 0.16436910325788942
7679.610688498123 0.16420743552193773
7682.143310391842 0.16396874922440874
7684.674955386973 0.16375468360881096
7687.207088838512 0.1635076370304981
7689.739222294787 0.1633831752891673
7692.271355755793 0.1632575405630659
7694.803489221524 0.16310511401905955
7697.334645788629 0.16296267175998966
7699.867756167145 0.16260379002776815
7702.398912743672 0.16263070229801133
7704.930557776578 0.16241427886249024
7707.460737459157 0.16236945620080673
7711.258449250202 0.16190430255280663
7713.79058275121 0.16160625579869786
7716.322227805224 0.16158503773617452
7718.852407508874 0.16156573746554628
7721.384541023916 0.16138200415064435
7723.91520918858 0.16135515714255372
7726.446854261269 0.16107516317821047
7728.978010886934 0.16103460506954032
7731.508679065564 0.16103881100742293
7734.039347248835 0.160830407843007
7736.571480791812 0.1604542032202805
7739.100683629298 0.16053795935364246
7741.632817181544 0.16021178603151978
7744.16299693166 0.1602432287037215
7746.693176686398 0.160216957380767
7749.223356445746 0.16006140500143415
7751.755001564782 0.15985647242470147
7754.284692881655 0.16003482211432113
7756.8163380099 0.15981965658132832
7759.3460293359685 0.15965696323880124
7761.876697570017 0.1595781897517198
7764.406877356953 0.15926007886796045
7768.2016585942465 0.15919311624932725
7770.731838392627 0.159110258161041
7773.261529743875 0.15915268453441778
7775.792198003087 0.1589652463009904
7778.321400911755 0.15897780696915548
7780.852557631784 0.15875414923615233
7783.38127209785 0.15892586878702117
7785.910963471865 0.1587481073014802
7788.441143302124 0.15858333380239606
7790.9698577818 0.15853435273865726
7793.499549169415 0.15861424720570902
7796.02875210985 0.15857752895639107
7798.5584435065075 0.15839692843333
7801.086669552556 0.1584614987033613
7803.61684940995 0.15810188356872432
7806.14654082014 0.15820793416710044
7808.674766879697 0.15813090244745034
7811.203969847172 0.15809238601225953
7813.733172819137 0.1580423705313328
7816.261398892157 0.15800984472486324
7818.791090324803 0.15776469023167863
7821.319316406777 0.1576476048610252
7825.1111670864 0.1581071177996427
7827.639881631254 0.15782206726123138
