calculator/instruments/lris/plaintext_files/red_D500_600-10000.txt
# %ECSV 1.0
# ---
# datatype:
# - {name: WAV, unit: Angstrom, datatype: float64}
# - {name: EFF, datatype: float64}
# meta: !!omap
# - {DICHROIC: D500}
# - {GRATING: 600/10000}
# schema: astropy-2.0
WAV EFF
6566.707147594288 0.2062577222592851
6569.797804532067 0.20932998057872995
6572.897252857182 0.21000731327016228
6575.9903518671335 0.2140915120415177
6579.089800215658 0.2150706280294669
6582.184364478227 0.21839307909892602
6586.055988691166 0.22143534915632118
6589.157390716662 0.22214667944164812
6592.254397065869 0.22468828883270822
6595.355310704854 0.22650838227065465
6598.45475912612 0.22777510228259013
6601.553230739412 0.2313163616232441
6604.657074871817 0.23178910581515288
6607.75652332778 0.23472275985837102
6610.860367483301 0.2355863865387617
6613.962746421013 0.23655018859920132
6617.063660140884 0.24044823502700055
6620.944075892507 0.24249585471648266
6624.050850555678 0.2424503630251426
6627.155671591173 0.2431802674073123
6630.25805058916 0.24701753721249675
6633.3672673356905 0.2469903325396856
6636.473065225103 0.24777280813966152
6639.578863125926 0.2509122273372154
6642.686614677342 0.25158063233580547
6645.79680828916 0.25203179574657675
6648.903583043742 0.2538510166115087
6652.790836678927 0.2545961756776897
6655.900053508075 0.25720437288241116
6659.008293528935 0.2588935649110684
6662.123371298455 0.25843551306693346
6665.233076571369 0.25892410142848926
6668.344247085009 0.2611930236793288
6671.455417609923 0.26312178415263043
6674.570007014821 0.2628922859437557
6677.684596430986 0.2633615124774795
6680.79674380929 0.2644511273772434
6683.91182165775 0.2660403169686194
6687.806890008663 0.26607162956511804
6690.920502652861 0.26789782725326283
6694.037534177032 0.2690077974021096
6697.1526120730605 0.2705325769046534
6700.26915520973 0.27130049056321465
6703.388628816548 0.2711405958240144
6706.509079254182 0.27085379499186296
6709.626599243922 0.2722500215233254
6712.744119244761 0.27266158515308275
6715.864569715729 0.2739849729751739
6718.98355496825 0.2755998925745385
6722.886926442981 0.2751733301716391
6726.007865359764 0.2757809125487791
6729.12880428758 0.2769216583986346
6732.2516968658165 0.27682733353288774
6735.372635815657 0.2784359150975051
6738.496505235608 0.2787351016468419
6741.619886256691 0.27979789548189904
6744.743755698599 0.2808772336856985
6747.869090381042 0.28111788880609706
6750.994425074433 0.28208637202672865
6754.12024818862 0.2827041471551492
6758.029969146031 0.2821070631724146
6761.155792284777 0.2827225788077707
6764.283569073876 0.2832011808290979
6767.409880644247 0.2843079263464133
6770.537657455088 0.2849332684953406
6773.6659226866495 0.2856485813549022
6776.796141568546 0.28590820568331715
6779.924895231648 0.2868604053809963
6783.056090954948 0.28729337224982904
6786.187775098933 0.287185826550232
6790.1023802940945 0.2870916966674344
6793.231622412929 0.28857144341036195
6796.365260231471 0.2884788023461255
6799.498409650885 0.28917180273272824
6802.632535900813 0.2893263064183127
6805.765196931797 0.28981499759548734
6808.900300022943 0.28963401745460854
6812.035403124792 0.2899111750920512
6815.170506237326 0.2907016159949939
6818.3041441308405 0.29125480577545143
6821.441200904293 0.2917987098755829
6825.3626439885575 0.2918423781361093
6828.497747146344 0.2929765797927719
6831.636757593966 0.2928316215342046
6834.774791232393 0.29278914905937053
6837.914290111133 0.29273385622931714
6841.053300590549 0.2934437117653099
6844.191822670624 0.2940402281771007
6847.331809990984 0.29463742540692556
6850.472285731798 0.29397211408656093
6853.613738302975 0.29431576324984043
6856.753237245005 0.2947716702946239
6860.681518216651 0.2951537690852437
6863.822970821964 0.29602874077886865
6866.96637707744 0.29600166326852667
6870.110760163229 0.29561398581744414
6873.252701209852 0.29585782670543986
6876.398549546322 0.296155562523526
6879.542444253513 0.29641754984137475
6882.688292610838 0.2961666059218669
6885.833164158706 0.29673456737447806
6888.979012536827 0.2965452015572726
6892.125837745197 0.2968686067016939
6896.059979782659 0.296533173417584
6899.20582819446 0.29763094333159573
6902.354118666292 0.2972145066111736
6905.502409148454 0.29759881217432177
6908.650699640927 0.29793217685306606
6911.800943783483 0.2972384816506126
6914.949234296544 0.29779145863169815
6918.100455279568 0.2977480702475545
6921.251187862913 0.29748160456104544
6924.401920456509 0.29765170945566305
6928.34094672535 0.297563856561398
6931.493144571832 0.2974236473653064
6934.64534242853 0.2974780392218546
6937.797540295427 0.2981276096206428
6940.95071499243 0.2978257148579862
6944.105354929495 0.29720023413945384
6947.258529646842 0.2978072787383081
6950.413169604229 0.29770634704818427
6953.567321161791 0.29799192046749473
6956.723426369348 0.2975414866671854
6959.8795315870275 0.2968639150129522
6963.824907328321 0.2968814283532431
6966.981989388664 0.29701446785216845
6970.1385830491145 0.2969246859229258
6973.296641949553 0.29624506563394426
6976.454212450072 0.2965731051051067
6979.612759780585 0.2963032808740661
6982.771795531112 0.29591239303106337
6985.931319701638 0.2959004625517107
6989.089378652222 0.2967948596858639
6992.249879662716 0.29584017584740524
6995.409403863221 0.29573842206335405
6999.362105895286 0.2949691609876652
7002.523095348168 0.29469248208827864
7005.685061630978 0.29498183867626804
7008.848004743706 0.2944262303828129
7012.009971046368 0.29403641231332617
7015.173402588922 0.29386249981153895
7018.337322551372 0.292850621279292
7021.501242523712 0.2932800546688664
7024.665162505923 0.2930291690110823
7027.829570907996 0.29236153863451503
7030.996421369935 0.2917820094628394
7034.951565591165 0.2919030617283297
7038.1179276652265 0.2912233612326586
7041.28477815911 0.2907141993195544
7044.451628662794 0.29070277252918664
7047.617502356242 0.29056202335364595
7050.785818109527 0.289351624471728
7053.9541338725785 0.289593548365143
7057.122449645386 0.2892627160822749
7060.290765427934 0.28867276667647906
7063.4605464502665 0.2880325911350415
7067.422040126821 0.28837314009914317
7070.592309581031 0.2872773617977514
7073.763555864979 0.2869644466684702
7076.9328485185115 0.28739979758621337
7080.105560051893 0.2859453998214787
7083.277783184915 0.28542331125205284
7086.449517917553 0.28518960813906497
7089.620275839762 0.28542781997581473
7092.794941051848 0.28387334260589375
7095.967652633418 0.2841419506823453
7099.141829454695 0.2840180043266302
7103.109184187249 0.2827661087900077
7106.28287262005 0.28272155352523337
7109.459003112613 0.28202051939303985
7112.631714744437 0.2822836362673549
7115.807845256092 0.281600983396152
7118.984952597374 0.2808588407045466
7122.162059948178 0.28043795253210924
7125.338190488398 0.28033269646274706
7128.514321038106 0.28027287425817016
7131.6924052375 0.27938851292839717
7134.8700010363145 0.27871286997141037
7138.84419364338 0.27838823320521
7142.02130105341 0.2787683116189103
7145.200362113096 0.2782337131183923
7148.379911592267 0.2772426102333761
7151.55994949091 0.2769371357859017
7154.739987398956 0.276706662773551
7157.921490546583 0.2760703751046448
7161.102505293529 0.2756783953695397
7164.282054819649 0.2758334395641784
7167.463557995381 0.2753525501151782
7170.645549590529 0.27518451000167116
7174.6256032504625 0.2741445857962016
7177.806618046458 0.27424592687833116
7180.990074902122 0.27405271338368997
7184.17402017716 0.27356740095537657
7187.358942281642 0.2731467496758081
7190.541422345013 0.2734414878491367
7193.725856057962 0.2731169125972536
7196.910778190242 0.2729181500591768
7200.095211921684 0.27288639457781727
7203.280622482518 0.27271496486388713
7207.264583541911 0.2712451410119581
7210.4509709436525 0.27094356218135357
7213.637358354588 0.27083836865134
7216.825211004979 0.270458147891608
7220.0130636645445 0.2701427184778947
7223.199939513093 0.2701991787213492
7226.389257421258 0.26974542741665547
7229.576621698189 0.2702265944244499
7232.765939624628 0.26977180060570694
7235.954769150094 0.269549610825286
7239.144087094765 0.26938764971216705
7243.132443973748 0.26920086556989736
7246.322250348976 0.2692777709242866
7249.513033553484 0.2689196591788717
7252.704793587263 0.26851145036596785
7255.895576809885 0.26867232537954433
7259.086360041545 0.26855700007900135
7262.278120102451 0.2686557985736138
7265.470368582483 0.2685483964983995
7268.662617071523 0.2684272767620411
7271.855353979674 0.26835689076795144
7275.048090896811 0.2687577554123534
7279.040843593783 0.2682843931032408
7282.23455735133 0.2684791705436087
7285.4287595279475 0.2686403084735106
7288.623450123626 0.26871436925989073
7291.819605958601 0.26917333929538506
7295.015273392379 0.2687506313292678
7298.212406065442 0.26791157589525727
7301.407096696782 0.26853288529404035
7304.603252567384 0.26847213134461884
7307.79940844686 0.26841757309435615
7310.995564335202 0.26898329907834684
7314.991736028341 0.26897060317043886
7318.189357166983 0.26951102552931827
7321.388443544862 0.2697743468208479
7324.588018341705 0.2692504252313988
7327.78661632709 0.2690672096461229
7330.9847259111375 0.2690459497267743
7334.1833239141115 0.2694504714215266
7337.381433515718 0.27074040102673547
7340.583450407227 0.27006730071142715
7343.784978897364 0.2698559492531046
7347.785057984296 0.2700451578713511
7350.984632853521 0.27033550094604203
7354.185184551759 0.270504402665885
7357.385247848559 0.2718943220804684
7360.588730025112 0.2714046875199928
7363.7922122103655 0.2709223458060953
7366.99422917385 0.27100845928539463
7370.195757735846 0.27138573860998844
7373.398263126814 0.27277601438477156
7376.603698987374 0.2720474276583735
7379.807181215951 0.2721180952969759
7383.811167706188 0.2727749614180073
7387.014649954163 0.27316012493697045
7390.21910903107 0.27403162154491206
7393.425521757232 0.27391244026190315
7396.629980851326 0.2735354882374003
7399.833463133655 0.2746674681297232
7403.04134111606 0.27463184054570133
7406.247753876519 0.27459473767739245
7409.452213004844 0.27521957938439917
7412.659602602727 0.27568107485205035
7415.867969029487 0.2758999224490797
7419.877816562203 0.2756306006428976
7423.083252547062 0.2762391578804435
7426.291130591292 0.2770441894320377
7429.499985464361 0.2770296814438377
7432.708351935725 0.2767935394971216
7435.914764774823 0.2786688447865489
7439.125573314009 0.27824911507139466
7442.334916631093 0.27772357657297897
7445.542306315864 0.27975373852998964
7448.754091700727 0.27978098238088467
7451.964411863447 0.27866776635753954
7455.9757247455445 0.2801585763368643
7459.187998567913 0.2806281715399794
7462.399295578285 0.28020213698490865
7465.609615776637 0.28098464767284503
7468.8218896241215 0.28172218429325396
7472.0336750697625 0.28123038700586184
7475.245948933937 0.28192230722477063
7478.459199626837 0.2821123326501183
7481.669519866866 0.2825579775703672
7484.883747396793 0.2831436706661384
7488.900921308131 0.283584305639391
7492.112218395506 0.2843217302971549
7495.327422772787 0.2846407215313961
7498.541650337927 0.28382740876593104
7501.7549010909115 0.28487971761595404
7504.971082313387 0.2848259981136944
7508.183356262426 0.28632482717935903
7511.400514321793 0.2860871027398042
7514.613765107685 0.2865072910535771
7517.83043477327 0.2868712522214884
7521.047592857274 0.285924175619375
7525.06623211505 0.28787868701173835
7528.2843670379025 0.28818316396094745
7531.499083097391 0.2887534893623084
7534.716729626346 0.28908416247166163
7537.932422522564 0.28927804877598473
7541.1510458882485 0.2898630554230321
7544.3682040313915 0.289596705145546
7547.586339003095 0.2903181289436935
7550.805450803361 0.2900900469340397
7554.023585791274 0.2903063660183219
7557.243186017956 0.29026810644616907
7561.266221081982 0.29115727483133164
7564.48630973706 0.29114903752135723
7567.704933169498 0.2918708422577493
7570.925510250913 0.291904017271526
7574.144133699426 0.29250331443965966
7577.365199207144 0.2930396500032025
7580.584799492168 0.2932850799997205
7583.806353426148 0.29315378041731854
7587.025953727171 0.29403371548081475
7590.248972907863 0.2934016800212844
7593.468573224844 0.2942362833893231
7597.496980914214 0.2941924219082479
7600.718534890081 0.29471164754273443
7603.941065694386 0.2946791177665562
7607.162619686132 0.29532987206057415
7610.38466209605 0.29539371569600964
7613.607681334383 0.2961540273038955
7616.830212170375 0.2963462004197692
7620.054696655276 0.29617415497308136
7623.2777159173065 0.29669418733556446
7626.502200417981 0.2970222513031577
7630.532561849767 0.2969044434687357
7633.756557957885 0.2973223884865412
7636.98055407385 0.2977267347252581
7640.206015428432 0.29764718569764614
7643.430499970326 0.2983261496895442
7646.654984520038 0.2985942009899187
7649.8819111288785 0.29886798245684426
7653.106884104467 0.29879116351807467
7656.332345498111 0.2989694180434663
7659.5578068995355 0.3000744827970253
7662.784245129269 0.2997669370384008
7666.819002363301 0.2998166918669887
7670.044952200225 0.3002847268084572
7673.273344096248 0.29952488954381407
7676.497828717827 0.30071686409185666
7679.726220629314 0.30062427794489077
7682.954612548522 0.30109128784196976
7686.182516065164 0.3006260103246653
7689.409442768946 0.3012789952474245
7692.638811531805 0.3014706373972498
7695.866715071509 0.301780809482847
7699.09510702916 0.3018779036425402
7703.131329602419 0.30196031467166873
7706.360209987573 0.30234375526124196
7709.590555611225 0.3020932609238033
7712.8194360116495 0.30221740417320625
7716.048804829979 0.3032342295083163
7719.279638886786 0.3028469239822039
7722.509496130621 0.30312821658708594
7725.739841792338 0.3033840070583907
7728.969699051348 0.30360097073251424
7732.200533138515 0.3038206825251647
7735.431367233251 0.30429237190615843
7739.4705203751655 0.3040811378268173
7742.7008660765905 0.304783268720355
7745.933653837043 0.3045347619433426
7749.164976374127 0.3047195749836958
7752.39727573933 0.30482420572921715
7755.630063522344 0.30482434314353946
7758.861386081955 0.30514461295273415
7762.094662290268 0.3053650766761384
7765.327450095762 0.3052018737245243
7768.5602379087295 0.30565372985680733
7772.6013447880105 0.3062933628499566
7775.835597848681 0.305989513159561
7779.067897275565 0.30692092406333477
7782.30215035112 0.3063256928840133
7785.5368918444165 0.3063869679656618
7788.770168114194 0.306371168091994
7792.004421212005 0.30680083235345396
7795.238674317216 0.30707950237782505
7798.4734158401325 0.30752427479747624
7801.707180549797 0.3075434424384927
7804.942410497784 0.30772413835829887
7808.987424763767 0.3076142112532726
7812.222654728313 0.30774732779331454
7815.457884700206 0.3081280391997537
7818.693114679429 0.3084328228381786
7821.929321486628 0.308544835615828
7825.166016711472 0.3086981298045204
7828.401735122972 0.30922895767592834
7831.637453541771 0.3094400270908765
7834.874148788515 0.3094832857616733
7838.1118208632015 0.30946865922824107
7841.348516124504 0.30959282639916913
7845.39499572426 0.3102400890501875
7848.630714181228 0.3101252789618461
7851.86838628677 0.31068980793357515
7855.106546809886 0.3108413317634663
7858.345195750571 0.31046054739519274
7861.5823794674625 0.31143798761615604
7864.8200516019015 0.31107692838483186
7868.05918897456 0.3110695359068207
7871.296861123391 0.31208297186403733
7874.5359985104305 0.31178884089592646
7877.7741590839605 0.3124943473786148
7881.822592426463 0.31277670847803385
7885.061729836793 0.3132424780355499
7888.301355664619 0.3132091068425277
7891.54146990993 0.31296750263387174
7894.780118931333 0.3137742420363085
7898.018767959848 0.3139986829369614
7901.259859047229 0.3139616278321452
7904.499973321018 0.3138997991750432
7907.7391107811945 0.3148154969949749
7910.980690300226 0.31462870466764453
7915.029612144253 0.3149530229933426
7918.269726448137 0.31556378010224034
7921.511794400504 0.3154039048945805
7924.752885539215 0.3158068897298958
7927.993488274608 0.31582206840583293
7931.235067837756 0.3164944585695118
7934.475182176843 0.3164886886527138
7937.716761754033 0.3169577231175747
7940.958829748596 0.3170472302486911
7944.200409339795 0.3174855070396369
7947.4424773483515 0.3177548619808772
7951.4962833947875 0.31764891887335117
7954.736886187943 0.3184449960395391
