calculator/instruments/lris/plaintext_files/red_CLEAR_600-7500.txt
# %ECSV 1.0
# ---
# datatype:
# - {name: WAV, unit: Angstrom, datatype: float64}
# - {name: EFF, datatype: float64}
# meta: !!omap
# - {DICHROIC: CLEAR}
# - {GRATING: 600/7500}
# schema: astropy-2.0
WAV EFF
[from data line 426]
6711.6156490570465 0.2306716716128175
6714.134592058398 0.2309384816287372
6716.656954225614 0.2302922254676404
6719.175408790192 0.22997422151535624
6721.694840264452 0.23034405901992303
6724.215248648396 0.22996365489188594
6726.734680137066 0.22997834379022947
6729.257042340369 0.22958059044224124
6733.0376549513585 0.22934081871868253
6735.557086465165 0.22921254192811039
6738.077006437376 0.22965234533632556
6740.59888022173 0.2289524902558051
6743.1188002082445 0.22901381846732657
6745.640185555643 0.2287283214014189
6748.161082458929 0.22841634703284547
6750.681979369338 0.2284592796758659
6753.2038531893695 0.22828426652283584
6755.724750114003 0.22809760685664685
6758.244670143224 0.22859740158583838
6760.768497789591 0.22794658048972577
6763.2893947355005 0.22768581923784934
6765.8102916884845 0.22803686907734808
6768.33363090484 0.22720774583657521
6770.854527871951 0.2274218969864133
6773.375424846107 0.2279591291899646
6775.899740986169 0.22716392851281197
6778.420149523137 0.2272178868991694
6780.942511872199 0.22743462216806629
6783.466339582095 0.22676396203348317
6785.987725042658 0.2269002440677384
6789.771757051712 0.22670022190667713
6792.29509633486 0.226560775265302
6794.816970271168 0.22662853097595317
6797.341286470837 0.2261035449022544
6799.8631604210905 0.22639095571086543
6802.385522829581 0.22677756437356542
6804.91081595271 0.22591940988322207
6807.433666826383 0.2260447231081026
6809.955540804425 0.22652352902384057
6812.4793685945315 0.22629618193706943
6815.00417329414 0.22575606209144267
6817.526535744227 0.22580361971488302
6820.048898201214 0.2262142544604821
6822.574191372841 0.22592370914266302
6825.099484551369 0.22559159274905086
6827.621847029027 0.2258659977083162
6830.145186416141 0.22600127015695612
6832.6714565179 0.2256224973703686
6835.195772821343 0.22529017047386538
6837.719112229039 0.22542548340917123
6840.242940094877 0.2256877918896941
6842.769698675361 0.22526433696631412
6846.555196271531 0.22542057195818188
6849.080489515177 0.22511294287330894
6851.604317411722 0.22534189209126756
6854.129610668989 0.22541275420157972
6856.653927030433 0.2255053367940325
6859.180197203906 0.22515409326237198
6861.70500203023 0.22524520115750107
6864.230295314642 0.2253995668407245
6866.755588605817 0.22541666955673403
6869.281370355067 0.22517654899811135
6871.807152111071 0.22506743955944367
6874.332445422499 0.22509008267259215
6876.857738740666 0.22551256703787498
6879.383032065555 0.22527366827079504
6881.910767653773 0.22478395177700042
6884.435084089453 0.22521262756438956
6886.961354337127 0.225175909737136
6889.4871361401765 0.22537425631197958
6892.012917949916 0.22556226461065698
6894.54016512032 0.2253797644769581
6897.066435394748 0.22525905367980512
6899.592217224512 0.2253799034867418
6903.381622658637 0.22551754039402155
6905.908869859035 0.2251275361680754
6908.434651712073 0.22529162165824115
6910.961410474416 0.225630542052467
6913.48914614606 0.22536382749637826
6916.016393372994 0.22523442334777397
6918.543152155198 0.2251881662535947
6921.07039939535 0.22507166784711163
6923.597158190759 0.22535220601803072
6926.123916992754 0.2257325959199415
6928.650675801332 0.2257123075943445
6931.179876873219 0.22512257436254315
6933.706635694942 0.225398566666252
6936.233882974571 0.22556473032147467
6938.761618712107 0.22544774070027637
6941.289354456188 0.22552663051143124
6943.816113304102 0.22557839413126599
6946.344825963965 0.22543265304397825
6948.874027081712 0.22530592923672935
6951.401274400555 0.22553039314355366
6953.928033274546 0.22571924826865145
6956.457234411831 0.22561367615344027
6958.984970201537 0.2258443858870499
6962.777306575298 0.22553496434485476
6965.3060192839375 0.22550491170621365
6967.834243547682 0.22578120118138917
6970.362467817889 0.2258835061856073
6972.890203643185 0.22616454908191536
6975.418916377663 0.225998810686627
6977.949094472695 0.22576045075150283
6980.476830317312 0.2260374010660857
6983.006519973843 0.22588826217766894
6985.535232734049 0.22606086356610666
6988.0639455006685 0.22620784137450714
6990.592658273694 0.2262171782942967
6993.121859504495 0.22610628780363656
6995.652037644447 0.2256892439110359
6998.179773533887 0.22607539949592836
7000.709463235225 0.22620923195935436
7003.239152942933 0.22619209934128384
7005.768842657009 0.22621751016148084
7008.297555474674 0.22623526672474661
7010.827245201455 0.22620836520497176
7013.3564464831925 0.2264302735948789
7015.886136222654 0.22635245234854842
7019.6818919721845 0.22606434037151096
7022.212070178847 0.22605052008147808
7024.740783037644 0.2262933094184691
7027.271449708317 0.2260944633297941
7029.801627933895 0.226102842457442
7032.331317714369 0.22631828415142344
7034.861007501122 0.2263236313357462
7037.391185745548 0.2261659760870526
7039.9218524476455 0.22600993506267436
7042.451542253202 0.22621279890846904
7044.983185870624 0.2259190112230068
7047.513364140087 0.2259678169608794
7050.043053964387 0.22616391431628233
7052.5732322463255 0.22628319094611926
7055.1038989858935 0.2262577405789507
7057.634565731686 0.22619778534203994
7060.165232483691 0.22622534560913915
7062.696876144726 0.22594898538752245
7065.2275429091405 0.22594712073389608
7067.758698131161 0.22600397675771453
7070.289364907955 0.2260157619520401
7072.82003169093 0.2262392493890932
7076.6172530055 0.2260286056832483
7079.147431352473 0.2263291891990519
7081.679075059856 0.2260699568635635
7084.209253419126 0.22611962984701361
7086.741385590224 0.2259506517356855
7089.272052413191 0.22614573691965062
7091.803696145133 0.22600772342894546
7094.335339883198 0.2259150458484948
7096.86698362738 0.226011146189649
7099.397650474814 0.22603907244792945
7101.929782682633 0.22614495479602645
7104.46142644512 0.22584695891056208
7106.993558665128 0.2258703113076965
7109.52422553692 0.2258417329867262
7112.05586931765 0.2260263846379034
7114.588490007316 0.2256804334702438
7117.120133800177 0.22587361635290354
7119.652754501966 0.22572348901504094
7122.18439830693 0.22582811608475306
7124.7165305693725 0.22576687304632612
7127.24866283785 0.2257187387321726
7129.780795112356 0.22574788281849448
7133.578993535406 0.22571849071764552
7136.111125824955 0.22558041214939145
7138.643258120505 0.22555490813434362
7141.175390422056 0.2255609938520651
7143.707522729595 0.22569181076230171
7146.24014349457 0.22545624597823616
7148.772275814073 0.22531315901158863
7151.305873493903 0.22518950378186497
7153.838005825342 0.2250669695576147
7156.37013816274 0.22504655198464674
7158.902270506087 0.2251773338772249
7161.435379758293 0.22496877041803445
7163.967512113521 0.22511243870329356
7166.500621377598 0.22490835874314996
7169.033730647605 0.22476108310589413
7171.56635147207 0.22466714280474376
7174.098483850985 0.22480275686048737
7176.632081590193 0.22470766472879553
7179.16519088384 0.2248159171280965
7181.698300183383 0.22472216405182185
7184.230921037346 0.22461562635411567
7186.763541897187 0.22474159239786456
7189.297139665839 0.22473464122998119
7193.097292104085 0.22448412839752346
7195.629912984454 0.22448533214233718
7198.16351077362 0.2242367463751478
7200.696620117158 0.2242240489065473
7203.229241015058 0.22423329485302992
7205.762350370265 0.22405947556900377
7208.296436634252 0.22383054755163204
7210.828569098145 0.22394616699345807
7213.363143825246 0.22373364011977534
7215.896253203718 0.22363710480272528
7218.429851039468 0.2237889717275585
7220.9629604295305 0.22391022206829236
7223.496558276863 0.22369363746279466
7226.030644581462 0.22367077072724295
7228.563265537379 0.2237476000134139
7231.097351853524 0.22368728336246627
7233.629972820967 0.22372980943355927
7236.164059148629 0.2234215654814241
7238.697657030553 0.2234076917265343
7241.230766466727 0.22328442596564033
7243.765341263115 0.2230967209938658
7246.298939162249 0.22320820439177494
7250.100068698924 0.22289144646346923
7252.634155063852 0.2226893374030745
7255.166776079995 0.2228116123401373
7257.700862456334 0.2226842641751219
7260.23446038687 0.22284842954245382
7262.768546774595 0.22263288389952354
7265.302144716502 0.22237948481927125
7267.836231115589 0.22232319761008945
7270.370805971852 0.22222345618121223
7272.905380833782 0.22193130896426172
7275.4394672498665 0.22175933493999844
7277.973065220096 0.22177841469613274
7280.508128550497 0.22127293348298566
7283.042214983521 0.22113342496803925
7285.574836067643 0.22126227979342253
7288.110387866465 0.2210983669422218
7290.644474316372 0.22093753174404843
7293.17807232038 0.22110239432117287
7295.712158781511 0.2211043842009938
7298.246245248243 0.22099832945271708
7300.780331720573 0.22105146347995105
7303.314906650009 0.2207936210941229
7307.1170132804 0.22020432698537176
7309.651588223794 0.21984811730101805
7312.184697818187 0.22023406897812148
7314.719761224236 0.2199820714696537
7317.253359281268 0.2199164736352436
7319.787445795376 0.21976548829682024
7322.321532315027 0.21974750963074996
7324.8561072917455 0.21949480420859863
7327.390193822466 0.21935518117312527
7329.925257261776 0.21918813082336644
7332.4608091581385 0.21910481112825714
7334.994895705425 0.2187571552201519
7337.529470709752 0.21855597144859595
7340.063557268045 0.21841895823182972
7342.599109186441 0.21791798032204251
7345.133684207263 0.21781463532370707
7347.666793878952 0.21795587933439237
7350.200880459193 0.21783807707931804
7352.735455496447 0.21763095334055452
7355.269542087624 0.2178352841452966
7357.8041171358045 0.21745223801712124
7360.338692189437 0.2173352492527777
7364.1417759089645 0.21665791117365713
7366.676350976213 0.21669786861493884
7369.210437597349 0.21671767070168546
7371.744035772362 0.21656366988179823
7374.279099307441 0.2162428866913548
7376.813674396385 0.21614319464191994
7379.348249490743 0.21586657894775801
7381.882824590502 0.21566623710291652
7384.417399695663 0.21544634884217975
7386.95246325777 0.21507469013145947
7389.488015276817 0.21468646878695277
7392.022590398141 0.21452569308303182
7394.557165524838 0.2140738852362476
7397.091252205345 0.21404971245784768
7399.625827342772 0.21387244141144116
7402.160890937117 0.2136284746703308
7404.694489182132 0.21351874775839982
7407.229064335614 0.21338957539303094
7409.764127945997 0.2132445501669575
7412.299191561717 0.21290632987382763
7414.833278279636 0.2127332801687512
7417.368341906008 0.21228561848433236
7421.169960452401 0.21194078595328084
7423.703558737349 0.2120464086508658
7426.239110833874 0.21190997369529127
7428.773686032559 0.21136780932261898
7431.308261236533 0.21101636709049518
7433.843813348938 0.21072390656995557
7436.378877015053 0.21037379653915492
7438.912963783292 0.2102354384087507
7441.448027459948 0.20974561316673163
7443.982114238715 0.2096371501935294
7446.516201022736 0.2094411934013598
7449.050776263584 0.20916292703180606
7451.584863058096 0.2091529510417449
7454.119438309426 0.20863513791923885
7456.65352511441 0.2086483301215142
7459.188588827782 0.20829373637382564
7461.723164094794 0.20805132013362043
7464.2577393670235 0.2076376385733486
7466.793291547636 0.2070859430346936
7469.327378378697 0.20699127370139594
7471.861953666542 0.20656302163372678
7474.396528959581 0.20629647638313575
7476.931592709398 0.2059207349199415
7480.732234537476 0.20563629809589706
7483.26729830024 0.20530487570481945
7485.800896713394 0.20510258468049167
7488.335472034896 0.2048361185819249
7490.871024264746 0.2043720211449276
7493.40413424177 0.20422228207382742
7495.939198030325 0.20378952719108512
7498.473773372423 0.20357007543009312
7501.007860268057 0.20314981325343262
7503.540970265617 0.20320347144391823
7506.075057171498 0.2030370526819337
7508.6096325341005 0.20260898935023114
7511.144696353418 0.20226447926973595
7513.678294823031 0.20210127333705555
7516.2133586525615 0.20167954730741655
7518.747445583975 0.20144982556464072
7521.281532520477 0.2008769119361451
7523.8161079136735 0.20054501495989296
7526.349706408731 0.2003188944644871
7528.884281812081 0.20009613202831072
7531.4188572205 0.19979215764666436
7533.952455730757 0.19953555169219897
7537.753097731427 0.1992782765270332
7540.287184705927 0.19890059060057028
7542.822248588701 0.19842358289727924
7545.35535867005 0.19817932433742122
7547.890422562899 0.19776735442806956
7550.423044202684 0.19747141025684364
7552.957619653966 0.19708763170855037
7555.491706658641 0.19686540487348378
7558.024328313464 0.1967004772157364
7560.558903779779 0.1963004729277971
7563.092990799471 0.19597960535031572
7565.627077824158 0.19559743434557722
7568.159699498959 0.19555073978647378
7570.693786533618 0.195264590233569
7573.226408218373 0.1951276322458947
7575.760983714607 0.194538501053965
7578.294582312556 0.1944133749878037
7580.828669367095 0.19407466355889796
7583.3617795233295 0.19375046205055213
7585.895866587774 0.19353923300671239
7588.428976753904 0.19325600534770504
7590.962575376606 0.19279745594816358
7594.762240642454 0.19237392187586896
7597.296327729117 0.19191536908434872
7599.829437917431 0.1917104696214311
7602.363036562294 0.19155177378956334
7604.896146760432 0.19128063482459545
7607.429256963473 0.19096561061442907
7609.963344074695 0.19052992146864728
7612.4964542875305 0.19040941275016998
7615.028587601969 0.1900926102936628
7617.562674727864 0.18971995279735318
7620.096273406995 0.18949349502877877
7622.628895187711 0.18900006584018397
7625.162005424938 0.188733610882197
7627.694138763733 0.18865009851337475
7630.227737462328 0.18842658223024145
7632.7608477141275 0.18797793752848088
7635.293957970776 0.18774390267905658
7637.826579780615 0.18757498406966877
7640.358713143637 0.18753136352724473
7642.892311866447 0.18698844136972945
7645.424933690778 0.18690529186520752
7647.958043971583 0.18662364886679367
7651.755755595195 0.1863784577584898
7654.287888984717 0.18619712778088887
7656.820510830694 0.18564810580526994
7659.352644229813 0.18561719321354397
7661.885754537039 0.18531795946553734
7664.418376397397 0.18504653539980198
7666.950021359212 0.18502092672693482
7669.482643229125 0.18489098148769445
7672.014776652148 0.18460399360133134
7674.546910079936 0.1842198023808882
7677.079043512484 0.1840683505260143
7679.610688498123 0.18386104700761172
7682.143310391842 0.18363451803436578
7684.674955386973 0.18346834020751407
7687.207088838512 0.18322695116329957
7689.739222294787 0.18307327115685065
7692.271355755793 0.18285976041033214
7694.803489221524 0.18263634640453016
7697.334645788629 0.18248713913950648
7699.867756167145 0.1821101969865315
7702.398912743672 0.18208961178817717
7704.930557776578 0.1817725852623504
7707.460737459157 0.18176088682872832
7711.258449250202 0.18122604035331938
7713.79058275121 0.18089805728351233
7716.322227805224 0.18089157349350718
7718.852407508874 0.1808716514730187
7721.384541023916 0.1807709394610526
7723.91520918858 0.1807325606535575
7726.446854261269 0.1803559076580749
7728.978010886934 0.18026563815944074
7731.508679065564 0.18019955220971662
7734.039347248835 0.18005439848934954
7736.571480791812 0.17971175415567217
7739.100683629298 0.17981462306438503
7741.632817181544 0.17945723543761194
7744.16299693166 0.17934839523284277
7746.693176686398 0.17932898230116046
7749.223356445746 0.1792718880070785
7751.755001564782 0.1790138849116327
7754.284692881655 0.179079420020338
7756.8163380099 0.17876020591639452
7759.3460293359685 0.17867952726443503
7761.876697570017 0.17868348508929674
7764.406877356953 0.17837446438282176
7768.2016585942465 0.17837051397190984
7770.731838392627 0.17826843464545195
7773.261529743875 0.17821602991459318
7775.792198003087 0.17797423013577982
7778.321400911755 0.17805337500956084
7780.852557631784 0.17779276509134342
7783.38127209785 0.17784195107365539
7785.910963471865 0.17753251220185484
7788.441143302124 0.17729687525989102
7790.9698577818 0.17727024185480017
7793.499549169415 0.17737415006126603
7796.02875210985 0.1773573335184142
7798.5584435065075 0.17716345916281515
7801.086669552556 0.17725744704857968
7803.61684940995 0.17692276336133353
7806.14654082014 0.177068060513627
