calculator/instruments/lris/plaintext_files/red_CLEAR_400-8500.txt
# %ECSV 1.0
# ---
# datatype:
# - {name: WAV, unit: Angstrom, datatype: float64}
# - {name: EFF, datatype: float64}
# meta: !!omap
# - {DICHROIC: CLEAR}
# - {GRATING: 400/8500}
# schema: astropy-2.0
WAV EFF
5528.693633752038 0.002837237889105119
5533.242674944685 0.04408453613648634
5537.789762545931 0.08291948847951014
5542.340269054452 0.11884779846051932
5546.890287198292 0.15239900822474195
5551.443235840291 0.1833048685557551
5555.994719299402 0.21091599858267968
5561.685661014379 0.24261456138359339
5566.237632981275 0.2653716915832847
5570.791070218925 0.2861945008565818
5575.346949545296 0.30440722640723544
5579.902828915209 0.3202977805894034
5584.460661964668 0.33415634806160105
5589.0180066484345 0.3440935929016219
5593.576816602537 0.3533160644356994
5598.135138190718 0.3601796646336039
5602.694436639998 0.36657149667916517
5607.253246723126 0.3714857423553634
5611.814010485261 0.3746999902409631
5616.374285881028 0.3760630437881579
5622.080368992142 0.3745744132608684
5626.643574938023 0.37313056998751143
5631.20726933535 0.3714728140102157
5635.7719405931 0.3685453119826427
5640.337100302103 0.3642744592900412
5644.903236871349 0.3596671111752029
5649.469861891655 0.35460361772577276
5654.035998544722 0.3492382157225176
5658.605065694156 0.34378314045278346
5663.173644476162 0.33717058617936113
5667.742711708841 0.3308041521569728
5672.312755801214 0.32371431198292194
5676.883288344071 0.31732298358135935
5682.600605558239 0.30750850308177496
5687.172603421216 0.3019043804392871
5691.74606655264 0.2951466310684323
5696.31904131588 0.28898450666333503
5700.892992938251 0.2826099509493844
5705.470363465414 0.2760814694244992
5710.047245624124 0.2701458194658351
5714.624616232572 0.2649148495988015
5719.200033244855 0.2595021009159767
5723.778380752478 0.25490348731663026
5728.359658755412 0.24958432907880043
5732.9380063435265 0.2458761098371293
5737.5183076084295 0.2418213509757931
5743.245393677941 0.236729888364162
5747.826183441899 0.23406372801217942
5752.408438473206 0.23108400342090482
5756.994600817784 0.2272808928898318
5761.577344337603 0.2256466072975756
5766.161064715322 0.22387881081998567
5770.749669224547 0.22057078772695524
5775.334366499439 0.21987405240362132
5779.920529041197 0.21844068273773465
5784.509622077426 0.21479415078250025
5789.095784697373 0.21435062674279526
5793.686343039328 0.2129057892752325
5798.275924601713 0.21294066759188765
5804.01473314387 0.21184784354482825
5808.602849565655 0.21235569394886208
5813.197315346196 0.2115232518772314
5817.78933911901 0.21196628735941353
5822.384293385757 0.21128462051490554
5826.976317235281 0.21220286463385435
5831.572248397116 0.2118071201948487
5836.166225960035 0.2127868817164675
5840.764110835163 0.2127222519027645
5845.358088474068 0.21398295851653154
5849.95743865289 0.2136916904811161
5854.552881595252 0.2153234858515823
5859.155162305317 0.21472249403074636
5864.904716483125 0.2152580473844388
5869.502601594101 0.2163446012965303
5874.104394016875 0.2167968232619258
5878.70618647699 0.21693244599556474
5883.307490565048 0.21822196972197702
5887.911725146134 0.21803388959505146
5892.514494536365 0.2188301970133117
5897.118729191537 0.21946626233266103
5901.72442911159 0.21937461521465865
5906.329152249818 0.22039955561727315
5910.935829062104 0.22110792674682295
5915.543971139062 0.22118972758955802
5920.150159615244 0.22180686354748913
5925.911924638842 0.22184299609758323
5930.52006683437 0.22304002875768136
5935.12967429424 0.2235331126926858
5939.7417238371145 0.22370106854263022
5944.352308188066 0.22426815413097412
5948.962892575061 0.22552408304216245
5953.574942226117 0.22600901289458136
5958.190410778665 0.22605154759854576
5962.803925729553 0.2264265859801958
5967.417929125547 0.22743936131907286
5972.031444147794 0.22881069205442664
5976.646912843137 0.22937332095388407
5981.265312030308 0.22967711319137893
5987.035869017115 0.23102859577566295
5991.653291465074 0.23174327183263593
5996.272179176466 0.2324205625427117
6000.892532151229 0.23327779828987896
6005.513373570489 0.23380291029345873
6010.133238205925 0.23475199944296188
6014.7540796951 0.23574389247104816
6019.375898037944 0.2370004715285182
6023.997716415543 0.23828410602516656
6028.620511646668 0.23956611879141967
6033.244772140685 0.24052262040716563
6037.869521078666 0.24177828302181342
6042.493781641657 0.24323959523507385
6048.277526259811 0.24434067277229612
6052.904717356694 0.24516842205412795
6057.531420078329 0.24646260494724576
6062.158611243531 0.24787652092185616
6066.786290852224 0.24897115345325163
6071.414458904335 0.2506052813731737
6076.043115399791 0.25192474419925076
6080.673725566922 0.25322901664006664
6085.304824177273 0.2544210006432321
6089.937388049719 0.25561188617007824
6094.57044036525 0.25670638829371845
6099.202515895337 0.2575409300986205
6103.836056687316 0.2586353450216217
6109.628104826575 0.26073818711463465
6114.263599331495 0.2617825759452109
6118.898605460123 0.2626444703088275
6123.537030488387 0.2632831324684326
6128.173501911714 0.2642363379842452
6132.809484958503 0.2654054300438738
6137.447421676234 0.2668031334589554
6142.085846836311 0.26792799325232897
6146.726714076747 0.2680890254376382
6151.366604530845 0.26876526180362215
6156.006006608036 0.26996918993751506
6160.647362355876 0.2709661242812569
6165.28969495526 0.27114373775365636
6171.092000238135 0.2724611148887287
6175.735309729405 0.2725598630763968
6180.379107662466 0.2737126206946571
6185.022905627699 0.2743464214389649
6189.668657263229 0.27452106280407745
6194.314897340355 0.2750652075427268
6198.960160630335 0.27543570039151144
6203.606400771313 0.27622958856047924
6208.256059811056 0.2757971623686063
6212.901323196469 0.2771201441229894
6217.551470709237 0.27717603577680033
6222.20064143449 0.2772668907494358
6226.850300600861 0.2777479831396255
6232.66383983182 0.2774890244064435
6237.315452707246 0.2772288003457335
6241.966088794821 0.2778747454624211
6246.6196553711825 0.27833269633349306
6251.272733569147 0.27841922656490553
6255.92581179823 0.27877543970269014
6260.58084369676 0.2783712514429084
6265.235875626281 0.27870295846458326
6269.890907586721 0.27896105328528764
6274.546916397223 0.27895242535124
6279.203902057734 0.27883191085517406
6283.860887748965 0.27894087803666023
6288.519338699701 0.27884553774528403
6294.341669816692 0.27926823282579466
6298.999632426517 0.28012988458581545
6303.660525524547 0.2794578454845066
6308.320441833689 0.2797696379350992
6312.980846582764 0.2801188600146034
6317.643205000631 0.2797685297511291
6322.305075039036 0.2803917085136711
6326.968410336484 0.28031564977464896
6331.630768844681 0.28105901811522765
6336.296057840765 0.2806072178863234
6340.960370047464 0.2809953324372773
6345.625170693668 0.28141659170557676
6350.290948188979 0.28173219721135734
6356.123536407154 0.2818226243938003
6360.791267607919 0.2823986914165265
6365.45704519958 0.28281764839631535
6370.1252648691125 0.28303938701775944
6374.794949797131 0.2836474637254421
6379.463657935188 0.28424932452510887
6384.133831331616 0.28418329876099063
6388.803516347623 0.2849980878797793
6393.475155031587 0.28523732422854003
6398.146305334999 0.2857380740469297
6402.818920896573 0.2863522554085711
6407.491536487166 0.2869936076932402
6412.164640516414 0.28740993981429624
6418.007485822711 0.2881306778820045
6422.681566736287 0.2894774276314015
6427.356624498037 0.28945815670993397
6432.032170698192 0.2906355482413393
6436.709182156133 0.2910018832070301
6441.385216823205 0.2919813988550055
6446.062716747955 0.29251023772825857
6450.74070511088 0.2930603525701829
6455.419181911927 0.2941217824469068
6460.098635560767 0.29433194402272755
6464.777600828143 0.29558558402338353
6469.457054533457 0.29670146776709105
6474.137485086398 0.2974836877082807
6479.990099058484 0.29819003734253996
6484.672483313535 0.29878073491298507
6489.354867596544 0.2997568628882235
6494.038717136715 0.30020865154124216
6498.721101475458 0.3016167006875783
6503.403974251725 0.30270585101857833
6508.089289104519 0.30358351762403407
6512.774603984983 0.30410901544199015
6517.459918893049 0.3048304890951581
6522.146699057975 0.30582448232929094
6526.83396766017 0.3062633192328488
6531.521724699575 0.3071927164537811
6536.209481766361 0.3077887912649536
6542.06991075292 0.309022549364321
6546.759133110435 0.3097661741621261
6551.4498207245115 0.31057888434158715
6556.139531546139 0.3111396149351471
6560.830707624224 0.3116489862285432
6565.52188372933 0.3125609716997274
6570.213548271195 0.31286424177182465
6574.905701249767 0.3140395626851412
6579.598831074798 0.3148643730804582
6584.291472516812 0.31595625777139075
6588.984602395367 0.316927933692953
6593.680662759485 0.3173817727321616
6598.376234740429 0.31818572058411804
6604.244967139239 0.31929861980041635
6608.942004409358 0.3194160569020113
6613.639530115761 0.3202101392306342
6618.336079028902 0.3210327619122284
6623.033604788035 0.3212719003301476
6627.732107393117 0.32159134424961144
6632.429144794913 0.3230292537761088
6637.129601091748 0.3236156384059886
6641.830057414712 0.3242161141355888
6646.530513763748 0.32463719875674
6651.23194695849 0.32480365124919014
6655.931426539789 0.3258182207506001
6660.633836606094 0.3266510273375904
6666.512826045044 0.3273938324686582
6671.216701399025 0.32754446230741274
6675.920088368881 0.32775962843755974
6680.622498544677 0.3285196668811494
6685.326862385554 0.3294941322961067
6690.034156711224 0.3297964395900148
6694.739985832814 0.329936876881403
6699.443861340365 0.33134393752727614
6704.152132562217 0.3314166494929328
6708.859915399566 0.3318910592282869
6713.566233032576 0.3322341742165127
6718.274504330374 0.3333385516151442
6722.984240883049 0.33360017985211327
6728.871045301854 0.33428176645948393
6733.579805091276 0.3348619665618549
6738.2905185453155 0.3360317031395918
6743.002697254048 0.335520493607893
6747.711457118408 0.33673546215225714
6752.423635876968 0.33790947042320696
6757.13679148018 0.33765367254884465
6761.849947108183 0.3383844501558703
6766.564567990663 0.3385201570472602
6771.274793208596 0.34007383084454734
6775.990879370145 0.34057052720876807
6780.70550032653 0.3405169725288033
6785.420121307447 0.34158187049518784
6791.316694335007 0.3418575131479856
6796.030826961001 0.3421895441956678
6800.749843710663 0.3430400826906072
6805.465441615124 0.34366540775003707
6810.183481593523 0.3448616308512282
6814.902010006086 0.34514308599550547
6819.620538442823 0.34541905061796385
6824.340532133512 0.3458636141618782
6829.059060618445 0.3470188622128928
6833.780031177137 0.34717262319593284
6838.500024939912 0.34810630831875744
6843.221972366424 0.3482538905819359
6847.942942996912 0.3489788782060065
6853.845865753377 0.3496377523906368
6858.568301667291 0.35028484270423627
6863.291226014891 0.35116647982672783
6868.015127206101 0.35211541732227825
6872.739028420941 0.35205515894067624
6877.4643948892735 0.3531034348492289
6882.188784561199 0.353082643327848
6886.916593126442 0.3532909691774717
6891.6409828452925 0.3543406579527874
6896.365860997498 0.35542049958311933
6901.094646452908 0.3554722751475781
6905.820013061726 0.35627893740792127
6910.549286973688 0.35642950060908135
6916.459047858813 0.35727689223489373
6921.188810232929 0.35694026399461476
6925.918572630156 0.3587828591896848
6930.647358230438 0.3581950409629185
6935.37663226372 0.3592431400023957
6940.107859959969 0.3600905748478814
6944.838599269131 0.35997241342322345
6949.569827011167 0.3605728371378827
6954.303008416069 0.36134583558546035
6959.034724613719 0.3616274529920174
6963.767417654124 0.36196111971388994
6968.502064357287 0.362278514162093
6973.235245853042 0.36283845059093683
6979.152821677051 0.36340379613183305
6983.886980043621 0.3639298091298678
6988.622603662765 0.36461489002467246
6993.35822730436 0.36472413804551157
6998.094339378396 0.36470399800965786
7002.829963064758 0.365493191182366
7007.569005643687 0.36554323462271193
7012.305606194709 0.3661598340092954
7017.0426951779955 0.36622396600145146
7021.780761003544 0.3668618699944649
7026.520292081374 0.3669257005796638
7031.260311591352 0.367113328414394
7035.998865893236 0.36742307158629256
7041.922303006552 0.3677108361062949
7046.663299408149 0.3679389927526985
7051.405272651779 0.3677221588900502
7056.146757507225 0.3681466691910382
7060.888730794557 0.3683424529083457
7065.629727283541 0.3689222534083288
7070.3726774345205 0.36864977421314005
7075.115627607199 0.36878782900718915
7079.859554621668 0.36921113408146655
7084.603481657753 0.36894733054358664
7089.347897125481 0.36968692162314254
7094.092801024811 0.3698329096901206
7098.837704945626 0.36997186210190275
7104.768956979304 0.3704315055921815
7109.5153261785445 0.3700488910976177
7114.262183809219 0.36997820727668357
7119.0090414612 0.3702663040788842
7123.756387544533 0.3710331488862519
7128.503733649085 0.3710181981891048
7133.252056595005 0.37095075804243954
7137.999891151963 0.37140215529555554
7142.749679370413 0.371449364053238
7147.49897919982 0.3714076481540034
7152.248279050239 0.37149283878838985
7156.999532562053 0.37148836103996535
7161.748832454368 0.3718247799102977
7167.687899399679 0.37146512237444773
7172.4391529793775 0.37216197509518145
7177.190406579867 0.3724974227412581
7181.943613841586 0.37270012097714916
7186.696821124026 0.372627367500574
7191.449051606903 0.37286596682330353
7196.203724161031 0.37265746467022764
7200.955954685132 0.3731262546929137
7205.710627280418 0.3730481530513934
7210.465299896222 0.37308706763814875
7215.219972532503 0.37345275584793614
7219.974645189217 0.3739707759984439
7224.73127150687 0.3736011831593912
7230.677176535099 0.37395724838073663
7235.432826078224 0.37414323393474275
7240.1894524618965 0.3745404759032539
7244.947544096232 0.37415675964686573
7249.705147340613 0.3749035047098318
7254.464215835594 0.37483443520251986
7259.222307530386 0.3745610632030979
7263.980399245247 0.3751899837038232
7268.740444620758 0.37484247032502627
7273.500490016273 0.3749489117785218
7278.259558611422 0.3754308677792412
7283.019115636642 0.37581944673523343
7287.7801379122275 0.3759117324044223
7293.73239260494 0.37617533323228425
7298.494391745453 0.37615934605733764
7303.25541408538 0.3767392394225528
7308.017413265362 0.3770427884532216
7312.780389285369 0.3768711321909819
7317.543853735193 0.3769582529306673
7322.307318204624 0.377260682234043
7327.069317463075 0.37761151313775787
7331.835224022505 0.3775202108515982
7336.598688550509 0.37799320930184227
7341.363618328519 0.37816724215061437
7346.128059715753 0.3787278163205608
7350.894454763121 0.37863984786584093
7356.851593881695 0.37857626461145083
7361.618477382729 0.3785292130872928
7366.384384082627 0.37914423930912766
7371.151756032336 0.3793701342272705
7375.91912800123 0.37913438359595325
7380.6864999892705 0.37933076633336427
7385.45533722703 0.3796734647044433
7390.222709253246 0.380077767859921
7394.992523349538 0.37941158659446733
7399.762825875046 0.3798692608193888
7404.531174778673 0.3798753569983469
7409.300012111432 0.38020354468574824
7414.071291514163 0.37974581947638086
7420.034780281321 0.38019360017914516
7424.804106085549 0.38084463195661505
7429.575873959654 0.3801651787209442
7434.347153442276 0.38071550006449334
7439.118921353826 0.3807868047680135
7443.890689284041 0.38088730286656297
7448.665387694268 0.38043356886563706
7453.436667251474 0.3806792273287186
7458.21087728864 0.3803097666890106
7462.984110523865 0.3807199404847806
7467.756366957097 0.38098919854936575
7472.532042280455 0.3806376561273118
7477.305275571033 0.38103147826123024
7483.2746255689935 0.38045807526606856
7488.049324131611 0.3809687882148245
7492.824999533023 0.38047714114279263
7497.602140183463 0.3802268460800308
7502.376838800886 0.3808861122961948
7507.153979487771 0.3802904210820774
7511.930631782569 0.38082234445344354
7516.7067956852425 0.3808057080820327
7521.485890067565 0.3793477013802987
7526.262542416658 0.3799912005119519
7531.04066001456 0.3801870900878415
7535.81975445099 0.37978581344271817
7540.596895264322 0.37991137702000977
7546.571618075491 0.37960782360455847
7551.349735749637 0.3796551883415446
7556.131272313537 0.3793574837857378
7560.909878433621 0.37897286143677733
