calculator/instruments/lris/plaintext_files/red_D560_400-8500.txt
# %ECSV 1.0
# ---
# datatype:
# - {name: WAV, unit: Angstrom, datatype: float64}
# - {name: EFF, datatype: float64}
# meta: !!omap
# - {DICHROIC: D560}
# - {GRATING: 400/8500}
# schema: astropy-2.0
WAV EFF
5528.693633752038 0.00038431241255851094
5533.242674944685 0.006118843516676881
5537.789762545931 0.011740628519082724
5542.340269054452 0.017242174051919707
5546.890287198292 0.022654996209039453
5551.443235840291 0.027873679814479215
5555.994719299402 0.03298362561947608
5561.685661014379 0.03926098851763628
5566.237632981275 0.04421667386047135
5570.791070218925 0.04905807268209917
5575.346949545296 0.053712640711427624
5579.902828915209 0.05835597322133477
5584.460661964668 0.06279905789097286
5589.0180066484345 0.06716317997897588
5593.576816602537 0.07133508973876575
5598.135138190718 0.0754605719747852
5602.694436639998 0.07951948521424286
5607.253246723126 0.08365986537780629
5611.814010485261 0.08753777568845991
5616.374285881028 0.09147919255878491
5622.080368992142 0.09581801247354309
5626.643574938023 0.09944016559288939
5631.20726933535 0.10302393417571654
5635.7719405931 0.10643675136337954
5640.337100302103 0.10971990883087201
5644.903236871349 0.11311124658473826
5649.469861891655 0.11638170008899747
5654.035998544722 0.11973138199318432
5658.605065694156 0.12280798425584255
5663.173644476162 0.12581206288944866
5667.742711708841 0.12868820262014705
5672.312755801214 0.13149250659605552
5676.883288344071 0.13439737473543625
5682.600605558239 0.13732469646558337
5687.172603421216 0.14025656266760472
5691.74606655264 0.1427705089486043
5696.31904131588 0.14540409946214028
5700.892992938251 0.14779251005684976
5705.470363465414 0.14979785521807812
5710.047245624124 0.15212198391780135
5714.624616232572 0.15445561437332866
5719.200033244855 0.1568662325152684
5723.778380752478 0.15902364115322215
5728.359658755412 0.1605804042249277
5732.9380063435265 0.16310929188573692
5737.5183076084295 0.16503671814382812
5743.245393677941 0.16710672876228297
5747.826183441899 0.1694930438235
5752.408438473206 0.17116538949087384
5756.994600817784 0.17225678962931956
5761.577344337603 0.17447470748590724
5766.161064715322 0.1762838876726571
5770.749669224547 0.17699361126875454
5775.334366499439 0.17931946065723425
5779.920529041197 0.18061610537204698
5784.509622077426 0.18186934980907896
5789.095784697373 0.18378294164532094
5793.686343039328 0.18463987016093464
5798.275924601713 0.1864816884696493
5804.01473314387 0.18750219831137246
5808.602849565655 0.18950788865696505
5813.197315346196 0.19003188974728571
5817.78933911901 0.1916524421386781
5822.384293385757 0.1921011384729509
5826.976317235281 0.1939042284940305
5831.572248397116 0.1943613935921053
5836.166225960035 0.1960279085404092
5840.764110835163 0.19650195811098026
5845.358088474068 0.19828408586074192
5849.95743865289 0.1985269656022413
5854.552881595252 0.2005173670234346
5859.155162305317 0.2004438812297491
5864.904716483125 0.20150447778613806
5869.502601594101 0.2029094689272391
5874.104394016875 0.2036889770769781
5878.70618647699 0.20410082805172636
5883.307490565048 0.2056175218945424
5887.911725146134 0.20563170228928868
5892.514494536365 0.20675872075505283
5897.118729191537 0.20769470472281543
5901.72442911159 0.20781545062413143
5906.329152249818 0.20897612444991975
5910.935829062104 0.2097669882000157
5915.543971139062 0.2100066501675295
5920.150159615244 0.21094098760553343
5925.911924638842 0.21112419473892394
5930.52006683437 0.21238294880634992
5935.12967429424 0.21281661412169942
5939.7417238371145 0.21305916915520814
5944.352308188066 0.21364404937928533
5948.962892575061 0.21476358448803837
5953.574942226117 0.21532548094642542
5958.190410778665 0.21532824803991282
5962.803925729553 0.21568291116001415
5967.417929125547 0.21639129171277932
5972.031444147794 0.2174587532266695
5976.646912843137 0.2178730351049788
5981.265312030308 0.21772316799504413
5987.035869017115 0.21879256349098572
5991.653291465074 0.2191753202645753
5996.272179176466 0.21945839294734917
6000.892532151229 0.21974037933125304
6005.513373570489 0.21986997673379002
6010.133238205925 0.22036405404450715
6014.7540796951 0.22075637524114397
6019.375898037944 0.22123864343219662
6023.997716415543 0.22199369201401464
6028.620511646668 0.22265146477146397
6033.244772140685 0.22302491539996191
6037.869521078666 0.22339299331941323
6042.493781641657 0.2241342751795005
6048.277526259811 0.22413215710030848
6052.904717356694 0.22439427893050917
6057.531420078329 0.22484013736915612
6062.158611243531 0.22537881937805568
6066.786290852224 0.22581946759016547
6071.414458904335 0.22654624834906795
6076.043115399791 0.2270796951810021
6080.673725566922 0.22742049845128273
6085.304824177273 0.227953816405308
6089.937388049719 0.22819548490203534
6094.57044036525 0.22863001747252618
6099.202515895337 0.22877262412699864
6103.836056687316 0.22910937544721482
6109.628104826575 0.2301349461070573
6114.263599331495 0.230471444248733
6118.898605460123 0.23061375171309545
6123.537030488387 0.23056366254247865
6128.173501911714 0.23099779619241514
6132.809484958503 0.23172754560072334
6137.447421676234 0.2323595115178324
6142.085846836311 0.2329961744124692
6146.726714076747 0.23265359234070862
6151.366604530845 0.23309523762133327
6156.006006608036 0.2339327754986759
6160.647362355876 0.23447956876181403
6165.28969495526 0.23443582977006291
6171.092000238135 0.2353965391569335
6175.735309729405 0.23535442549637456
6180.379107662466 0.23601187420324024
6185.022905627699 0.23677080114296822
6189.668657263229 0.23683732769732443
6194.314897340355 0.2373036163200738
6198.960160630335 0.23767355865545464
6203.606400771313 0.2385484265010036
6208.256059811056 0.23832495154111824
6212.901323196469 0.2396077593046588
6217.551470709237 0.23958919985470534
6222.20064143449 0.2401772757604831
6226.850300600861 0.24066941477760187
6232.66383983182 0.24108567176280118
6237.315452707246 0.24108132043632674
6241.966088794821 0.2418870301628919
6246.6196553711825 0.2423960897439868
6251.272733569147 0.2429071252290505
6255.92581179823 0.24363088475134256
6260.58084369676 0.24373936185430917
6265.235875626281 0.24436665621515644
6269.890907586721 0.2448964370454973
6274.546916397223 0.2455329312043182
6279.203902057734 0.24565799451942444
6283.860887748965 0.24630163635457636
6288.519338699701 0.24654053958720426
6294.341669816692 0.24743295402999693
6298.999632426517 0.2486141948700892
6303.660525524547 0.24854914802724293
6308.320441833689 0.24921839520740527
6312.980846582764 0.24989370643771827
6317.643205000631 0.25015185831310205
6322.305075039036 0.25072923639966554
6326.968410336484 0.2513112079151091
6331.630768844681 0.2522142678741143
6336.296057840765 0.25227597744954083
6340.960370047464 0.25287003578278905
6345.625170693668 0.25357561482698127
6350.290948188979 0.2540731943638907
6356.123536407154 0.25472460239191325
6360.791267607919 0.25544400899530323
6365.45704519958 0.2561674670953161
6370.1252648691125 0.25657382828823033
6374.794949797131 0.2573048863989429
6379.463657935188 0.2579336289540769
6384.133831331616 0.2583515514788149
6388.803516347623 0.2592044867689429
6393.475155031587 0.25951936140815945
6398.146305334999 0.2602718997768854
6402.818920896573 0.2605924044778258
6407.491536487166 0.2613524255108961
6412.164640516414 0.26189590171191707
6418.007485822711 0.26272003214706946
6422.681566736287 0.26360043835867225
6427.356624498037 0.26382592455338366
6432.032170698192 0.26482842631408476
6436.709182156133 0.2651665181444547
6441.385216823205 0.2661750338279835
6446.062716747955 0.26651928830849164
6450.74070511088 0.26720042391416593
6455.419181911927 0.2679961695583953
6460.098635560767 0.26834713538388105
6464.777600828143 0.26926188285006936
6469.457054533457 0.2702911764837157
6474.137485086398 0.27087309888823485
6479.990099058484 0.27140507509764356
6484.672483313535 0.27199270723292146
6489.354867596544 0.27281023375575353
6494.038717136715 0.2731714582833673
6498.721101475458 0.27410778136113084
6503.403974251725 0.2752498731669638
6508.089289104519 0.27581723904125005
6512.774603984983 0.2762703069729474
6517.459918893049 0.27683945462078985
6522.146699057975 0.27752426087284676
6526.83396766017 0.27786259425612164
6531.521724699575 0.2787809755044496
6536.209481766361 0.27923583201387997
6542.06991075292 0.2802144701900137
6546.759133110435 0.2809069403268431
6551.4498207245115 0.28148234511960707
6556.139531546139 0.2820574824138934
6560.830707624224 0.28251580399981685
6565.52188372933 0.2833241871357451
6570.213548271195 0.28378303110778585
6574.905701249767 0.284594777368534
6579.598831074798 0.28540746651934784
6584.291472516812 0.2862210853999211
6588.984602395367 0.28715412811820223
6593.680662759485 0.28760978336205606
6598.376234740429 0.2881862178720098
6604.244967139239 0.28917377211806095
6608.942004409358 0.2896284046035535
6613.639530115761 0.2901995370312682
6618.336079028902 0.2908917143259832
6623.033604788035 0.291462503220113
6627.732107393117 0.2919124959088462
6632.429144794913 0.29320905029164096
6637.129601091748 0.29377633352941385
6641.830057414712 0.29434324815879714
6646.530513763748 0.2949085083136363
6651.23194695849 0.2951025640923194
6655.931426539789 0.2962786220544197
6660.633836606094 0.2970846080366994
6666.512826045044 0.2979343531623495
6671.216701399025 0.29836824742642126
6675.920088368881 0.2986727047480238
6680.622498544677 0.2994701234449781
6685.326862385554 0.30064299419814217
6690.034156711224 0.3009402646587117
6694.739985832814 0.3012349353378531
6699.443861340365 0.30252719813924933
6704.152132562217 0.30294294317024956
6708.859915399566 0.3033510946086275
6713.566233032576 0.3038823872099288
6718.274504330374 0.3049202648305302
6722.984240883049 0.3053213359091268
6728.871045301854 0.3058806307182146
6733.579805091276 0.3065288278638806
6738.2905185453155 0.307552265535555
6743.002697254048 0.3073009917126423
6747.711457118408 0.30870734992320875
6752.423635876968 0.30972678855867386
6757.13679148018 0.3094610747649879
6761.849947108183 0.31021560573235124
6766.564567990663 0.31058284574871353
6771.274793208596 0.3119788737472068
6775.990879370145 0.3124659911815985
6780.70550032653 0.31256077196314713
6785.420121307447 0.31342950373106093
6791.316694335007 0.31379468585761455
6796.030826961001 0.3143971047490648
6800.749843710663 0.31499238918738276
6805.465441615124 0.31558299691351416
6810.183481593523 0.31656647021884066
6814.902010006086 0.316889727008158
6819.620538442823 0.31733578428280057
6824.340532133512 0.31751593797166433
6829.059060618445 0.3186153690025972
6833.780031177137 0.318783334808253
6838.500024939912 0.3197422512672401
6843.221972366424 0.31977009315849275
6847.942942996912 0.3205852440850431
6853.845865753377 0.3210044234778647
6858.568301667291 0.32167828920192804
6863.291226014891 0.322214750833412
6868.015127206101 0.3230142891698318
6872.739028420941 0.3231394732641372
6877.4643948892735 0.3239282483667481
6882.188784561199 0.3240420896989401
6886.916593126442 0.3241517019262459
6891.6409828452925 0.3247912249921239
6896.365860997498 0.32569357315627295
6901.094646452908 0.32578613653536725
6905.820013061726 0.3266794726016364
6910.549286973688 0.3267590952850774
6916.459047858813 0.3274917108401164
6921.188810232929 0.327423048402772
6925.918572630156 0.3285670731241093
6930.647358230438 0.32848486754005723
6935.37663226372 0.32907537499625394
6940.107859959969 0.32993480335187775
6944.838599269131 0.3299692506901255
6949.569827011167 0.330270330240784
6954.303008416069 0.3309769497249304
6959.034724613719 0.33113320885136843
6963.767417654124 0.3316897978826074
6968.502064357287 0.33169614932010216
6973.235245853042 0.33237599674409996
6979.152821677051 0.3328805559075928
6983.886980043621 0.33313942083489606
6988.622603662765 0.33366792804968326
6993.35822730436 0.3340547503731226
6998.094339378396 0.33415707004421835
7002.829963064758 0.3346579401626261
7007.569005643687 0.334869499640134
7012.305606194709 0.3353474149867224
7017.0426951779955 0.33541020947942335
7021.780761003544 0.33601701968739855
7026.520292081374 0.3362037117465057
7031.260311591352 0.3363830306733065
7035.998865893236 0.3366952756164156
7041.922303006552 0.3373568087020888
7046.663299408149 0.3375154810882719
7051.405272651779 0.33725322341450126
7056.146757507225 0.3376784473714404
7060.888730794557 0.33809956374676503
7065.629727283541 0.33865339204428113
7070.3726774345205 0.3383644279445894
7075.115627607199 0.33862683077730493
7079.859554621668 0.33888634165120507
7084.603481657753 0.33885857868467784
7089.347897125481 0.33952185906468374
7094.092801024811 0.33976074847624205
7098.837704945626 0.33985483601416944
7104.768956979304 0.3405607028452395
7109.5153261785445 0.3402181740514307
7114.262183809219 0.3402925444131271
7119.0090414612 0.34050431296844963
7123.756387544533 0.34098707719350035
7128.503733649085 0.3410416836709267
7133.252056595005 0.3409554196006814
7137.999891151963 0.3415613458040501
7142.749679370413 0.3414612216239772
7147.49897919982 0.3416353924480946
7152.248279050239 0.34180501062389085
7156.999532562053 0.34182746965746535
7161.748832454368 0.342127597583091
7167.687899399679 0.3421725774073921
7172.4391529793775 0.34246069107869215
7177.190406579867 0.3425999194489243
7181.943613841586 0.34259461022746746
7186.696821124026 0.34258316979435227
7191.449051606903 0.3428484710575111
7196.203724161031 0.34268471487649355
7200.955954685132 0.34308237100774913
7205.710627280418 0.3429061653440783
7210.465299896222 0.3430099779263555
7215.219972532503 0.34324783479810533
7219.974645189217 0.3433423757825832
7224.73127150687 0.34300580667202996
7230.677176535099 0.3432506176148661
7235.432826078224 0.3433266677080593
7240.1894524618965 0.34368019312611764
7244.947544096232 0.34318139962798616
7249.705147340613 0.34366883213571675
7254.464215835594 0.34358451612867874
7259.222307530386 0.34321347879455566
7263.980399245247 0.34368543844071453
7268.740444620758 0.34316487261755085
7273.500490016273 0.34334689248428985
7278.259558611422 0.34351979719225534
7283.019115636642 0.3438315398406553
7287.7801379122275 0.3437159938324398
7293.73239260494 0.34346400215164274
7298.494391745453 0.34319750735819865
7303.25541408538 0.3434887941287237
7308.017413265362 0.3437817137301157
7312.780389285369 0.34336226515633567
7317.543853735193 0.34322194267790856
7322.307318204624 0.3434991488571535
7327.069317463075 0.34377336815381554
7331.835224022505 0.3431996847443833
7336.598688550509 0.3433271405235354
7341.363618328519 0.34344851069996085
7346.128059715753 0.34356524404257044
7350.894454763121 0.34339979611094457
7356.851593881695 0.34308097534672316
7361.618477382729 0.3429064048358786
7366.384384082627 0.34315198507409883
7371.151756032336 0.3431111850646687
7375.91912800123 0.3427856250977166
7380.6864999892705 0.3427400950089493
7385.45533722703 0.34269144143082647
7390.222709253246 0.3429211384905505
7394.992523349538 0.34230348090805124
7399.762825875046 0.34252673235298187
7404.531174778673 0.3423271621447112
7409.300012111432 0.3424026430457748
7414.071291514163 0.3417794246392419
7420.034780281321 0.3419717298005413
7424.804106085549 0.34218042250082886
7429.575873959654 0.34168616702110577
7434.347153442276 0.3418914762649263
7439.118921353826 0.34167036897424374
7443.890689284041 0.3417313171876386
7448.665387694268 0.3412312500224745
7453.436667251474 0.34128432752042637
7458.21087728864 0.3409193379649103
7462.984110523865 0.34110844976415017
7467.756366957097 0.34129897883293014
7472.532042280455 0.3407884106105268
7477.305275571033 0.34111329572889676
7483.2746255689935 0.34057539196149733
7488.049324131611 0.34075763384252045
7492.824999533023 0.34024130139898245
7497.602140183463 0.3400018216521937
7502.376838800886 0.3404583387593201
7507.153979487771 0.339937662778925
7511.930631782569 0.34025489404691006
7516.7067956852425 0.3401507212921709
7521.485890067565 0.33921124567643024
7526.262542416658 0.3395199366828808
7531.04066001456 0.3394126776471606
7535.81975445099 0.3391682514723641
7540.596895264322 0.33933490066985905
7546.571618075491 0.33905969326389407
7551.349735749637 0.3390889703222795
7556.131272313537 0.33883831975503814
