calculator/instruments/lris/plaintext_files/red_D680_1200-9000.txt
# %ECSV 1.0
# ---
# datatype:
# - {name: WAV, unit: Angstrom, datatype: float64}
# - {name: EFF, datatype: float64}
# meta: !!omap
# - {DICHROIC: D680}
# - {GRATING: 1200/9000}
# schema: astropy-2.0
WAV EFF
7361.245521302448 0.1819317171112843
7362.827572029117 0.18476484229521772
7364.409622757907 0.1871058149809654
7365.993627240879 0.18866967918132196
7367.575189535893 0.19178878913607494
7369.158705585087 0.19235711177550519
7371.135902678481 0.19682657084260347
7372.719907170455 0.19663618331527702
7374.303423226529 0.19880239760021506
7375.885962408675 0.20164254050148397
7377.470455345016 0.20167302980322677
7379.054948283467 0.20305855791419147
7380.636999033924 0.20561610331235716
7382.22198041462 0.20558064772083912
7383.80793867347 0.2063366385710023
7385.389500992222 0.20936181498941772
7386.974482379239 0.20939745247101466
7388.955098568442 0.2116133383126312
7390.5400799601975 0.2116681713841307
7392.126038230107 0.21218501824061656
7393.7105311880405 0.21315842945407784
7395.296001024129 0.2132891736671469
7396.881470862317 0.21444058859811393
7398.467429140632 0.21502952344527546
7400.053875859075 0.21451469799738837
7401.638857265525 0.21633779585846413
7403.224327112101 0.2162265390985364
7405.207385518341 0.21694216979008316
7406.794809121752 0.21567174209785142
7408.381255851192 0.2169587182578121
7409.96672570666 0.2176719318931517
7411.555126192414 0.21624136952398126
7413.140596052055 0.2182707373735424
7414.728019665923 0.21731974971037277
7416.316420157949 0.2171147176320662
7417.902378461881 0.21822184662515248
7419.491267396117 0.21688267202967473
7421.078691018328 0.21730288528340827
7423.064191644114 0.21697917131387026
7424.650638394928 0.21827909720617347
7426.240504214101 0.21599113695421654
7427.828416283193 0.21679501360854636
7429.416328354362 0.21623643878256377
7431.005705741733 0.2155270581937939
7432.593129379014 0.21675169469086705
7434.182018332493 0.2163997781966566
7435.771395726092 0.21582583692246218
7437.360773121764 0.2152185497990141
7438.9506389575545 0.21484627328652495
7440.937116488624 0.21387817883408683
7442.5260054529845 0.21489179123857535
7444.117336609644 0.21300445022564474
7445.705737140088 0.21418705083162065
7447.295602986739 0.21376025961098405
7448.886934149603 0.21228288201964396
7450.475334686237 0.21303026156349508
7452.0681311673825 0.21137908542962958
7453.656531708136 0.21229369309401158
7455.248351317309 0.2113233669278403
7456.8401709285445 0.21033725280967436
7458.828113802786 0.20975273992162075
7460.419444980602 0.20962643742835674
7462.011264598529 0.2086361309882807
7463.601130466294 0.20914360496724757
7465.193438526386 0.20812299141868684
7466.785258150479 0.2077060737203153
7468.377077776624 0.206836318724855
7469.969385842877 0.20674918585878654
7471.560228597009 0.2062763352450605
7473.15400198154 0.20544347391391063
7475.144875510423 0.2045779900337437
7476.735229833146 0.20512525500549947
7478.328026348213 0.20442554924422665
7479.920822865327 0.20446991587955357
7481.5155731367295 0.20229042219749477
7483.106904343745 0.2033752668834571
7484.701166181175 0.2020652163330371
7486.293474268394 0.2024804207689824
7487.886759233778 0.2018868297661319
7489.480532639266 0.20169972442776213
7491.074306046791 0.20073140458713226
7493.066156480512 0.20033990049087594
7494.660418330688 0.19983472344192532
7496.254191744829 0.19970148630372267
7497.84845359907 0.19888166080277725
7499.442715455344 0.19851581260050552
7501.03746575172 0.1979276270395956
7502.631727612054 0.1980825448940862
7504.225989474416 0.19727646130547138
7505.821228214949 0.19694343563685227
7507.41695539558 0.19612539147348787
7509.01072882595 0.19695178611094935
7511.005021478565 0.19634907250227612
7512.600748665778 0.1956307624981559
7514.195498978867 0.1953761118751835
7515.791714608202 0.1953729470470254
7517.386953363402 0.19512680312167474
7518.983168996778 0.1943319874908223
7520.579384632169 0.19401360320630065
7522.174623393425 0.1939484941224188
7523.770350594771 0.19374402434838167
7525.367543112369 0.19382722962204815
7526.963270317745 0.19347373385739652
7528.959028312971 0.19331639186804417
7530.555732399033 0.19292450185048393
7532.152436487103 0.1929969375225201
7533.749140577184 0.19282097828911138
7535.346333107356 0.1926331648317475
7536.944014077616 0.19222768262500017
7538.541206611801 0.191898070893983
7540.1379107099065 0.19186439750014994
7541.735103248098 0.1920966165770736
7543.332784226381 0.19182475971683308
7545.330007561567 0.19220669570215265
7546.92768854435 0.19189566587972393
7548.525369529133 0.19206911845372276
7550.123050515913 0.19255419540336435
7551.721708380865 0.19189109191932727
7553.320366247819 0.191711088071955
7554.918535678675 0.19196410005063072
7556.516705111524 0.19149636722478477
7558.11536298446 0.19145678698604385
7559.713043983201 0.19242187858172
7561.31219029821 0.192261298399802
7563.311367413817 0.1922351762495253
7564.9105137333 0.19215215184379014
7566.509171616678 0.19252231003611034
7568.108317940138 0.19215325469918548
7569.708441141773 0.19230842668748716
7571.3075874691995 0.19293530507237994
7572.907222236706 0.1925815670960552
7574.505880130001 0.19320324227834557
7576.106003339569 0.19314829361803643
7577.706614989214 0.1929000219408706
7579.306249764642 0.19350966961472263
7581.306403784332 0.19372273944241192
7582.906038564206 0.1937839682493608
7584.505673346053 0.19453166060896213
7586.105796567977 0.19479136431232724
7587.706896668078 0.19455219355036563
7589.307508332047 0.19484480241708835
7590.907631559885 0.19561741796188317
7592.509220104003 0.1956478603997536
7594.109831773882 0.19546870503021177
7595.710443445729 0.19649322818630474
7597.3115435576465 0.1967942400536129
7599.313162919361 0.1969966438800817
7600.915239911917 0.19687884474468745
7602.515851592109 0.19747264943216897
7604.117440150482 0.19734374279393782
7605.720005587036 0.19771507250105147
7607.3211057112185 0.19858897655899868
7608.922205837359 0.19952820218154127
7610.524282841678 0.1997482109015985
7612.1263598479545 0.20020961085561353
7613.7279484180735 0.20026952030766923
7615.731521557339 0.2004467582929326
7617.333110131851 0.20085549550681073
7618.935675584545 0.20156015685537093
7620.5382410391885 0.2015189174690599
7622.140806495784 0.20220740873667084
7623.742883516212 0.20312352076104756
7625.345448976702 0.20337760809518915
7626.948502877256 0.20422142151339756
7628.552045217872 0.20366401646696589
7630.15412224608 0.20534230020574018
7631.756687714346 0.20552674598666004
7633.76123775724 0.20596558551781197
7635.3642916679955 0.20604507357452864
7636.968810895055 0.20663681682375512
7638.570887933444 0.207951708287294
7640.174430288137 0.20817649062867236
7641.778461082888 0.20834207220270673
7643.38200344145 0.2087874948387816
7644.98701111632 0.20861388131926675
7646.589088164379 0.21060843092579182
7648.194095843115 0.2104328678575755
7649.799103523786 0.2107074489934518
7651.803165155771 0.2118176816196931
7653.407195964533 0.2123691687174103
7655.011226775217 0.2132144859090189
7656.616234464087 0.21304243435983305
7658.219776840497 0.21472456818785626
7659.825272971345 0.21401980178783783
7661.429792227859 0.21457934297264136
7663.033823048165 0.21632793827921898
7664.639319184783 0.21581128438437594
7666.244326885191 0.21642602494648622
7667.849334587517 0.2171090856158175
7669.855349999058 0.21795113373226274
7671.460357705696 0.21885377996875024
7673.065365414252 0.21941318726526035
7674.6698846865875 0.22018927656993748
7676.275380837102 0.22126312807744197
7677.881853865802 0.22031631921728126
7679.487350020142 0.22100356853946027
7681.092357738256 0.22248171473205058
7682.698830772691 0.22275182354632628
7684.304326932756 0.22300970787785368
7686.311807683195 0.22398645414413085
7687.91535009499 0.22574566088063183
7689.522311575665 0.22613198230749812
7691.128296181965 0.22596499331423564
7692.733792352024 0.2274512374870836
7694.341242276552 0.228079961727141
7695.94673845041 0.22840948593921426
7697.5532115024525 0.22870312984836216
7699.16066143268 0.2287041902329503
7700.76713448852 0.22985149502738755
7702.374095984396 0.2297140011242777
7704.381576761545 0.23112166788185076
7705.987561385394 0.23200928618356312
7707.59354601113 0.23310593739236507
7709.201972829494 0.23222290367778123
7710.807957459009 0.23362500682974016
7712.414918966709 0.23420435566167339
7714.022857352595 0.23452032754310445
7715.63079574037 0.23517027989321732
7717.235803501128 0.2364738013294068
7718.84276501637 0.23739567063378939
7720.451680286101 0.2368272245036701
7722.4606264042295 0.23721055727059445
7724.0685648018925 0.2378360513869693
7725.674549448825 0.23992717746150627
7727.282487850245 0.23999108481586737
7728.890426253545 0.2400226781707575
7730.497876220565 0.24121525461683677
7732.105814627617 0.2415212007755043
7733.713264598388 0.24200767999396885
7735.322179885498 0.2416374522816469
7736.9286529837 0.24394008852139193
7738.537568274557 0.24418642745634866
7740.547002857203 0.24487892806042613
7742.155918152269 0.2442823556462424
7743.764345011041 0.24471788680856707
7745.37081811904 0.24654672987925383
7746.980221857865 0.2474182875374061
7748.588648722234 0.2469732712366113
7750.196587150304 0.24841299560792687
7751.80550245656 0.24870698091474205
7753.413440888351 0.24943330755118212
7755.023333074655 0.24856820231316068
7757.034232995659 0.24984166055333937
7758.6426598716525 0.25055295729843274
7760.250109873171 0.2516442565701358
7761.858536752872 0.2533772186358064
7763.46940582526 0.25172501302122513
7765.077832708668 0.25252403771251086
7766.685771155761 0.25363146727983876
7768.295663357375 0.25351059115174374
7769.905555560839 0.2537838836007996
7771.513005575308 0.25530297876972985
7773.122409344298 0.2554953488515702
7775.133797729507 0.2564656506347895
7776.743689940822 0.2569424783358683
7778.354070592154 0.25578526729966494
7779.963962807155 0.25625799918315245
7781.57141283314 0.25835710489181346
7783.181793489999 0.2589883099091724
7784.791197272351 0.2582546645045888
7786.401089494717 0.2587413478480988
7788.009027966217 0.26045133784534535
7789.620873944956 0.2599351141416467
7791.22978929648 0.2603807101340201
7793.242643022076 0.2606821337908968
7794.851558377721 0.26149546093078296
7796.4609621733725 0.2626171988521386
7798.070854409032 0.2630937758389343
7799.680746646519 0.2638174696441174
7801.291127324016 0.26355146921987394
7802.901019565157 0.2642208014799308
7804.510911808127 0.2653498490534628
7806.122269367463 0.2648633982155564
7807.732650052262 0.26405532511637625
7809.3420538625205 0.2659539095916829
7811.356372928362 0.26519155796514005
7812.965288304531 0.2673257838627664
7814.575668997069 0.26773389929502667
7816.185561253241 0.26775839838952
7817.797407263967 0.26646287745453745
7819.406322647397 0.26841715556396883
7821.017680223572 0.26882289318005115
7822.629526239751 0.26895233664754986
7824.238930066804 0.26853728911930524
7825.849310772044 0.27021965921085517
7827.863629861156 0.2692615332123329
7829.473033694089 0.27097808501842485
7831.083414405206 0.27151543068987094
7832.695260432699 0.27106386217305617
7834.307106462002 0.269449959079352
7835.916998740344 0.27155250471123143
7837.526891020487 0.27298155572857236
7839.138737055201 0.27286574949494075
7840.751071529912 0.27091573885172965
7842.3609638154585 0.27262784099485465
7843.970856102798 0.2743388536398647
7845.985175217278 0.2734030435640143
7847.595555946856 0.2757151034448975
7849.207401992815 0.27503484655446214
7850.818759602374 0.27433716344487696
7852.430117213726 0.2743048429411729
7854.0409863886725 0.2759446897941621
7855.6518555654075 0.2763160089630209
7857.264190058531 0.2759915207117227
7858.875547677044 0.27561621834545014
7860.485928420948 0.27689637411412266
7862.0963091666345 0.2784515368559396
7864.112093620908 0.2771723741364259
7865.722474370608 0.27778403635191107
7867.3343204366965 0.27810047328581433
7868.946654942772 0.27744326706876105
7870.558012574219 0.2774898650834542
7872.169370207451 0.27847394053782903
7873.780239404255 0.27973044179828577
7875.392085479242 0.2792263480256772
7877.004908432419 0.2780690615315337
7878.615777634552 0.27929708002980413
7880.226646838456 0.2806062438409136
7882.242431317758 0.27963385349380804
7883.853300525647 0.2809492428623713
7885.465146611724 0.28078264222727406
7887.0784580141935 0.2795580035444803
7888.6903041038095 0.27900654125170726
7890.300196442356 0.281932594191483
7891.911554097294 0.28246684584566434
7893.525353945049 0.2809313632514937
7895.136711603514 0.28008931982849894
7896.7480692637455 0.28128521532553746
7898.763853765698 0.27985743651219397
7900.374234553462 0.28288402926887635
7901.986080657625 0.28317474285472105
7903.598415201758 0.28402130425531563
7905.211238185865 0.282173471539866
7906.822595857084 0.28195884985711295
7908.434441968275 0.2835504211222172
7910.0457996430005 0.2845474137328475
7911.658622634125 0.2840012913457034
7913.27095718879 0.2827632023235242
7914.883291745206 0.2837072251087371
7916.898587833631 0.28294189082404886
7918.509457079326 0.28412327620004235
7920.121303203202 0.28595904268189454
7921.733637767047 0.2849728175156747
7923.347437647296 0.28370264781735505
7924.959772214632 0.2831873608536167
7926.570153030822 0.28468166328016203
7928.181510725194 0.2857958154414623
7929.79531061242 0.2847694299064607
7931.408133624943 0.28426584936410965
7933.020468200979 0.2830526870102101
7935.034787437467 0.28520656235438097
7936.64809889386 0.28353124654293793
7938.258968160865 0.2857180300889888
7939.870325867826 0.2865869203271568
7941.48412576765 0.28565871682254473
7943.096460354528 0.2840140566792799
7944.708794943135 0.28474688717488694
7946.319175780559 0.28696154494142434
7947.931998810854 0.28670504623257387
7949.545310281105 0.28537048608861776
7951.157644876623 0.28478227496723374
7953.171964137428 0.2863353061562422
7954.784298736827 0.2864730595083526
7956.397610214408 0.2858453013734564
7958.008479502555 0.2872928863974241
7959.620814107116 0.28698615200227817
7961.234125589862 0.28628473551845784
7962.8469486360955 0.2856285224469244
7964.458306369345 0.28672075342551057
7966.0691756660735 0.28817863801202726
7967.682487155687 0.2875710998664303
7969.697294876735 0.2879787314750261
7971.311094808444 0.28753465617961893
7972.9239178653925 0.28588271986900865
7974.5357640475795 0.2856383040354827
7976.147121793235 0.2877927598488859
7977.759456417074 0.28813123332906443
7979.371791042619 0.28738860404045313
7980.98461410811 0.28696943407707814
7982.596460298827 0.287412498044729
7984.208794929486 0.28786033904181113
7985.820641123607 0.28823695152576934
7987.836914183374 0.28684631524263343
7989.447295066594 0.28859852471951863
7991.061095019208 0.28755746341173105
7992.673918097036 0.2862901731849044
7994.286741176564 0.28678631051629105
7995.897610504809 0.28835815154712513
7997.508968272992 0.2888438027923069
7999.123256672337 0.2874895564666378
8000.735591320396 0.2860394299890505
8002.3474375319 0.2872461291192729
8003.9578184303555 0.2889193123835139
8005.974091513961 0.2868716883267424
8007.584960854455 0.2891681376768552
8009.198760826124 0.28761798562085417
8010.811095484735 0.28717804184056694
8012.423430145032 0.28637532603982824
8014.034299492259 0.28743642843075873
8015.645657279421 0.28908833524823085
8017.2594572595135 0.2877297586670643
8018.8717919265355 0.2866871420185321
8020.484126595239 0.28631043784055693
8022.094995950861 0.2879979186439945
8024.11029218163 0.28623795194924795
8025.72262685578 0.28760796652910586
8027.333496216843 0.28858532450451513
8028.946807770851 0.28721800677216774
8030.559630888279 0.28553309047996533
8032.170988692609 0.2869285381272906
8033.781858060356 0.288362474326755
8035.394681182792 0.2877087340731606
8037.007015868642 0.28741308935029614
8038.618862117902 0.2862765261983943
8040.634646808335 0.2860807735650421
8042.245516184825 0.28556950237598355
8043.856874001233 0.28745828311190724
8045.466766504523 0.28973620654961857
8047.081054953815 0.28708191932604155
8048.693878089985 0.28614517644546916
8050.304747474773 0.2862369373885883
8051.915616861217 0.28707620178378473
8053.526974687578 0.28739766679798495
8055.139309392119 0.28641142948125736
8056.751155660051 0.2855458273495383
