calculator/instruments/lris/plaintext_files/red_MIRROR_831-8200.txt
# %ECSV 1.0
# ---
# datatype:
# - {name: WAV, unit: Angstrom, datatype: float64}
# - {name: EFF, datatype: float64}
# meta: !!omap
# - {DICHROIC: MIRROR}
# - {GRATING: 831/8200}
# schema: astropy-2.0
WAV EFF
[from data line 730]
8533.13679432123 0.0
8535.480218207766 0.0
8537.824618930843 0.0
8540.169019656836 0.0
8542.512443552103 0.0
8544.855867450275 0.0
8547.20026818499 0.0
8550.129792273827 0.0
8552.473216181426 0.0
8554.816640091924 0.0
8557.159087171667 0.0
8559.503487921593 0.0
8561.844958173464 0.0
8564.188382095514 0.0
8566.530829186795 0.0
8568.872299447303 0.0
8571.215723377993 0.0
8573.5581704779 0.0
8576.484764106339 0.0
8578.827211212703 0.0
8581.167704654616 0.0
8583.511128600361 0.0
8585.85162204799 0.0
8588.192115498474 0.0
8590.533585785468 0.0
8592.873102407986 0.0
8595.215549534341 0.0
8597.555066162548 0.0
8599.896536460925 0.0
8602.821176462137 0.0
8605.161669933232 0.0
8607.500209739817 0.0
8609.840703216574 0.0
8612.179243028808 0.0
8614.520713344888 0.0
8616.85827632909 0.0
8619.197792983465 0.0
8621.536332806974 0.0
8623.874872633292 0.0
8626.798535836982 0.0
8629.13707566962 0.0
8631.476592338744 0.0
8633.812201675935 0.0
8636.151718350657 0.0
8638.489281360808 0.0
8640.825867540061 0.0
8643.164407389479 0.0
8645.501970407997 0.0
8647.838556595609 0.0
8650.176119619693 0.0
8653.097829195282 0.0
8655.433438558226 0.0
8657.769047923937 0.0
8660.106610959814 0.0
8662.441243497367 0.0
8664.777829705077 0.0
8667.113439081848 0.0
8669.449048461382 0.0
8671.784657843666 0.0
8674.120267228707 0.0
8676.452946115383 0.0
8679.37270206241 0.0
8681.706357788964 0.0
8684.042944019384 0.0
8686.377576585128 0.0
8688.710255486187 0.0
8691.045864891112 0.0
8693.378543797631 0.0
8695.712199540589 0.0
8698.045855286273 0.0
8700.378534200965 0.0
8702.711213118373 0.0
8705.62901543639 0.0
8707.95974069247 0.0
8710.29437328614 0.0
8712.626075381359 0.0
8714.956800645552 0.0
8717.28850274617 0.0
8719.622158516942 0.0
8721.953860622967 0.0
8724.283609064221 0.0
8726.61726484309 0.0
8729.528229359637 0.0
8731.860908310826 0.0
8734.192610430966 0.0
8736.521382052586 0.0
8738.852107344352 0.0
8741.182832638795 0.0
8743.513557935912 0.0
8745.842329568222 0.0
8748.171101203201 0.0
8750.50084967458 0.0
8752.829621314884 0.0
8755.740585868998 0.0
8758.071311182766 0.0
8760.400082831706 0.0
8762.726900815798 0.0
8765.055672470035 0.0
8767.384444126918 0.0
8769.712238952694 0.0
8772.038080113607 0.0
8774.36587494466 0.0
8776.694646612104 0.0
8779.02048778092 0.0
8781.929498704705 0.0
8784.25533987943 0.0
8786.583134724293 0.0
8788.908975904264 0.0
8791.23481708685 0.0
8793.560658272056 0.0
8795.887476293632 0.0
8798.2123406503 0.0
8800.538181843338 0.0
8802.861092537687 0.0
8805.185956902165 0.0
8808.094967862728 0.0
8810.418855399292 0.0
8812.741766104675 0.0
8815.066630480193 0.0
8817.389541190758 0.0
8819.714405571453 0.0
8822.038293120964 0.0
8824.360227005503 0.0
8826.683137726397 0.0
8829.007025283647 0.0
8831.911152108494 0.0
8834.233086003973 0.0
8836.555019902024 0.0
8838.876953802637 0.0
8841.19791087203 0.0
8843.519844777768 0.0
8845.841778686063 0.0
8848.165666264491 0.0
8850.485646510322 0.0
8852.805626758705 0.0
8855.125607009631 0.0
8858.025826535319 0.0
8860.347760459556 0.0
8862.667740718747 0.0
8864.987720980476 0.0
8867.306724410944 0.0
8869.62475101015 0.0
8871.944731279473 0.0
8874.26275788373 0.0
8876.583714991913 0.0
8878.901741601214 0.0
8881.219768213037 0.0
8884.119010940512 0.0
8886.437037557997 0.0
8888.75311051038 0.0
8891.070160299078 0.0
8893.386233256475 0.0
8895.705236717797 0.0
8898.021309680198 0.0
8900.338359478905 0.0
8902.65540928011 0.0
8904.97148225 0.0
8907.287555222381 0.0
8910.18289064981 0.0
8912.498963627788 0.0
8914.814059774437 0.0
8917.129155923563 0.0
8919.444252075167 0.0
8921.75837139543 0.0
8924.072490718165 0.0
8926.386610043372 0.0
8928.701706204869 0.0
8931.014848701185 0.0
8933.906276825044 0.0
8936.220396160728 0.0
8938.533538665039 0.0
8940.84668117181 0.0
8943.158846847202 0.0
8945.471989358879 0.0
8947.784155039175 0.0
8950.096320721914 0.0
8952.408486407092 0.0
8954.720652094718 0.0
8957.03184095095 0.0
8959.922292275418 0.0
8962.231527469448 0.0
8964.543693167427 0.0
8966.852928366316 0.0
8969.16314040147 0.0
8971.47432927289 0.0
8973.783564479047 0.0
8976.093776521466 0.0
8978.403011732455 0.0
8980.713223779707 0.0
8983.022458995523 0.0
8985.907049350986 0.0
8988.215307738372 0.0
8990.525519795865 0.0
8992.833778188056 0.0
8995.142036582649 0.0
8997.449318145787 0.0
8999.75659971132 0.0
9002.062904445385 0.0
9004.371162849551 0.0
9006.678444422252 0.0
9008.98474916348 0.0
9011.867385884898 0.0
9014.172713797621 0.0
9016.47804171272 0.0
9018.785323297921 0.0
9021.091628051634 0.0
9023.395979139985 0.0
9025.701307064573 0.0
9028.004681323791 0.0
9030.310009253108 0.0
9032.613383517044 0.0
9035.49406660109 0.0
9037.7984177042 0.0
9040.10276880967 0.0
9042.405166249742 0.0
9044.707563692158 0.0
9047.011914804676 0.0
9049.314312251785 0.0
9051.617686535114 0.0
9053.919107153026 0.0
9056.221504607156 0.0
9058.522925229736 0.0
9061.399701011245 0.0
9063.700144805189 0.0
9066.002542269225 0.0
9068.303962901706 0.0
9070.604406702625 0.0
9072.904850505865 0.0
9075.205294311421 0.0
9077.503784451517 0.0
9079.804228261704 0.0
9082.103695240314 0.0
9084.403162221231 0.0
9087.277984367567 0.0
9089.576474519781 0.0
9091.873987840398 0.0
9094.174431665006 0.0
9096.47096815632 0.0
9098.769458317727 0.0
9101.066971647528 0.0
9103.36546181352 0.0
9105.661021480098 0.0
9107.958534816762 0.0
9110.256048155712 0.0
9113.125986164801 0.0
9115.423499508883 0.0
9117.718082353525 0.0
9120.015595702163 0.0
9122.311155385254 0.0
9124.60573823671 0.0
9126.901297924343 0.0
9129.194903946418 0.0
9131.491440472491 0.0
9133.785046499086 0.0
9136.652054035507 0.0
9138.946636901097 0.0
9141.239266101107 0.0
9143.533848971203 0.0
9145.82745500963 0.0
9148.121061050306 0.0
9150.412713425387 0.0
9152.70534263663 0.0
9154.998948684037 0.0
9157.290601065839 0.0
9159.582253449875 0.0
9162.447307350021 0.0
9164.738959739081 0.0
9167.02963529644 0.0
9169.320310856028 0.0
