calculator/instruments/lris/plaintext_files/red_D460_400-8500.txt
# %ECSV 1.0
# ---
# datatype:
# - {name: WAV, unit: Angstrom, datatype: float64}
# - {name: EFF, datatype: float64}
# meta: !!omap
# - {DICHROIC: D460}
# - {GRATING: 400/8500}
# schema: astropy-2.0
WAV EFF
5528.693633752038 0.002729659426085098
5533.242674944685 0.042374607662532385
5537.789762545931 0.07967883428595153
5542.340269054452 0.11421611511195834
5546.890287198292 0.14642666388303455
5551.443235840291 0.17606521339898953
5555.994719299402 0.20238045678875893
5561.685661014379 0.23297055415143428
5566.237632981275 0.2548837365905806
5570.791070218925 0.27456578412175214
5575.346949545296 0.292061010777644
5579.902828915209 0.3072805397399031
5584.460661964668 0.320470861759059
5589.0180066484345 0.32966221514004845
5593.576816602537 0.33840180066286796
5598.135138190718 0.34500225481674845
5602.694436639998 0.35123601742209937
5607.253246723126 0.3554460832223075
5611.814010485261 0.35878848757483084
5616.374285881028 0.3601505628324434
5622.080368992142 0.35855585601245543
5626.643574938023 0.35706567430956576
5631.20726933535 0.3551463805584155
5635.7719405931 0.35256580910748747
5640.337100302103 0.34794200741193826
5644.903236871349 0.3435821004415667
5649.469861891655 0.33818057250906
5654.035998544722 0.3331196679934403
5658.605065694156 0.3279456503067003
5663.173644476162 0.3215376971265615
5667.742711708841 0.3153150656549502
5672.312755801214 0.30827909282016475
5676.883288344071 0.3021931262163554
5682.600605558239 0.29295740901891804
5687.172603421216 0.28719277494618517
5691.74606655264 0.28077986180903003
5696.31904131588 0.2747227069716923
5700.892992938251 0.2684969264689803
5705.470363465414 0.26215145076671836
5710.047245624124 0.25643108842520235
5714.624616232572 0.2511817192250776
5719.200033244855 0.2460876709489254
5723.778380752478 0.24167721292216718
5728.359658755412 0.23623877832050255
5732.9380063435265 0.23271175126165933
5737.5183076084295 0.22871929678729475
5743.245393677941 0.22387485165473592
5747.826183441899 0.22125001483680343
5752.408438473206 0.21820936298489263
5756.994600817784 0.21450958227489053
5761.577344337603 0.21287952005111507
5766.161064715322 0.2110801090243688
5770.749669224547 0.20790715811137647
5775.334366499439 0.2072271945133901
5779.920529041197 0.20578106380312655
5784.509622077426 0.2042375042569214
5789.095784697373 0.2037509233485811
5793.686343039328 0.20240249496895832
5798.275924601713 0.20239804541671358
5804.01473314387 0.20138567909601005
5808.602849565655 0.20153605105435068
5813.197315346196 0.20087116700962945
5817.78933911901 0.20132688392017836
5822.384293385757 0.20045526699113925
5826.976317235281 0.2013295097486175
5831.572248397116 0.20107844528087296
5836.166225960035 0.201747762787062
5840.764110835163 0.20191626200119453
5845.358088474068 0.20286837440328437
5849.95743865289 0.20270985114553625
5854.552881595252 0.20430401616467328
5859.155162305317 0.2037355307262924
5864.904716483125 0.2042331015254509
5869.502601594101 0.20526134230668525
5874.104394016875 0.20571783284810674
5878.70618647699 0.20595985073914286
5883.307490565048 0.2072225904818389
5887.911725146134 0.20696811436828283
5892.514494536365 0.20764931591408692
5897.118729191537 0.20849039831447927
5901.72442911159 0.20839598029399
5906.329152249818 0.2093921240460995
5910.935829062104 0.21009882884141715
5915.543971139062 0.2101538033977498
5920.150159615244 0.2107470284092839
5925.911924638842 0.21109262243169122
5930.52006683437 0.21200481818663774
5935.12967429424 0.2126754968262891
5939.7417238371145 0.21275569043732329
5944.352308188066 0.2134931851983802
5948.962892575061 0.21468124801541738
5953.574942226117 0.21529866148682603
5958.190410778665 0.2152013913481421
5962.803925729553 0.21563992752415514
5967.417929125547 0.2166095651887915
5972.031444147794 0.21808382025562076
5976.646912843137 0.21856627341273646
5981.265312030308 0.21900430788245834
5987.035869017115 0.22029791470296053
5991.653291465074 0.22110463346693054
5996.272179176466 0.22162316291422687
6000.892532151229 0.22250117860001958
6005.513373570489 0.2232126796186803
6010.133238205925 0.22393640893015995
6014.7540796951 0.22496849884280887
6019.375898037944 0.22594852403784038
6023.997716415543 0.227440498255703
6028.620511646668 0.22870126277039146
6033.244772140685 0.22956435622185573
6037.869521078666 0.23070862613734816
6042.493781641657 0.23218137440819278
6048.277526259811 0.23324283081796213
6052.904717356694 0.23386742776996305
6057.531420078329 0.23501478583070767
6062.158611243531 0.2365432143161345
6066.786290852224 0.2374981696265435
6071.414458904335 0.2392094075573945
6076.043115399791 0.24035160160122104
6080.673725566922 0.24145083643361054
6085.304824177273 0.2426453708684976
6089.937388049719 0.24378662173844232
6094.57044036525 0.2446451170501114
6099.202515895337 0.24532912542383703
6103.836056687316 0.24659349323159213
6109.628104826575 0.2483029162589032
6114.263599331495 0.249195486421901
6118.898605460123 0.24994073099222727
6123.537030488387 0.250698125769936
6128.173501911714 0.251463738396588
6132.809484958503 0.25264281524244897
6137.447421676234 0.25382246605921815
6142.085846836311 0.2548795320183975
6146.726714076747 0.2549135325846583
6151.366604530845 0.25539071021161797
6156.006006608036 0.2564929696983691
6160.647362355876 0.2575210100371211
6165.28969495526 0.2578314781249843
6171.092000238135 0.258735486273344
6175.735309729405 0.2587507189676328
6180.379107662466 0.25972657207838423
6185.022905627699 0.2601479486806026
6189.668657263229 0.2603813522767924
6194.314897340355 0.26106795301089397
6198.960160630335 0.26102791445092205
6203.606400771313 0.26169124545380995
6208.256059811056 0.2614524219199472
6212.901323196469 0.2625307929188684
6217.551470709237 0.26257317371472855
6222.20064143449 0.2627320467501462
6226.850300600861 0.2632876820706255
6232.66383983182 0.26266310780825575
6237.315452707246 0.2622286417240409
6241.966088794821 0.26304569141233575
6246.6196553711825 0.2633085443381176
6251.272733569147 0.26327919100831576
6255.92581179823 0.26387827558413574
6260.58084369676 0.26326802626798185
6265.235875626281 0.263636313618072
6269.890907586721 0.263841315685853
6274.546916397223 0.26384923251396647
6279.203902057734 0.26382283992882094
6283.860887748965 0.2638476500522276
6288.519338699701 0.26373568830909305
6294.341669816692 0.26390703634612395
6298.999632426517 0.2647004832253802
6303.660525524547 0.2641886781974248
6308.320441833689 0.26428545413573534
6312.980846582764 0.2647347566540297
6317.643205000631 0.26435333394852145
6322.305075039036 0.2651723771935078
6326.968410336484 0.2649464736085311
6331.630768844681 0.26565691330903557
6336.296057840765 0.26529150281041874
6340.960370047464 0.2656046252286798
6345.625170693668 0.2660455159881476
6350.290948188979 0.26638444262329
6356.123536407154 0.2664563387003205
6360.791267607919 0.2669500725317835
6365.45704519958 0.26733863350219844
6370.1252648691125 0.26744217557245
6374.794949797131 0.26817009835788874
6379.463657935188 0.26878517802669155
6384.133831331616 0.2687725452353143
6388.803516347623 0.26959732271197356
6393.475155031587 0.26968807980405113
6398.146305334999 0.2700454694971015
6402.818920896573 0.2707430851881486
6407.491536487166 0.27130384396363144
6412.164640516414 0.2716688419017105
6418.007485822711 0.27211382505284504
6422.681566736287 0.27332676645083637
6427.356624498037 0.27340340417471226
6432.032170698192 0.27448388975181376
6436.709182156133 0.2749385309263018
6441.385216823205 0.2758001494512034
6446.062716747955 0.27627203837138525
6450.74070511088 0.2766119375491364
6455.419181911927 0.27765621403975166
6460.098635560767 0.27783892130842697
6464.777600828143 0.2787160163972316
6469.457054533457 0.2797862507046437
6474.137485086398 0.28050122078869055
6479.990099058484 0.2809623648224622
6484.672483313535 0.2815509072896827
6489.354867596544 0.282440870517985
6494.038717136715 0.2826425176363917
6498.721101475458 0.2837654798155054
6503.403974251725 0.2847375444319977
6508.089289104519 0.2856752306136189
6512.774603984983 0.2858418998376748
6517.459918893049 0.2865809051079035
6522.146699057975 0.28725190874614653
6526.83396766017 0.28766821379109736
6531.521724699575 0.2884835909520691
6536.209481766361 0.28876373258645227
6542.06991075292 0.28961908332900693
6546.759133110435 0.29023121339943814
6551.4498207245115 0.2908649898306908
6556.139531546139 0.29127912699650205
6560.830707624224 0.2916674395608713
6565.52188372933 0.29214026413598465
6570.213548271195 0.2922030126590158
6574.905701249767 0.2931434343285125
6579.598831074798 0.2937876992028041
6584.291472516812 0.2946490342061471
6588.984602395367 0.2951767553068917
6593.680662759485 0.29540267691989536
6598.376234740429 0.29584399948072965
6604.244967139239 0.2966510365304999
6608.942004409358 0.2967006346002478
6613.639530115761 0.2969855198223843
6618.336079028902 0.29756935773387266
6623.033604788035 0.29794183474359726
6627.732107393117 0.29759334698173723
6632.429144794913 0.29880836924562004
6637.129601091748 0.2992305460612587
6641.830057414712 0.29973137111627596
6646.530513763748 0.29982698268451313
6651.23194695849 0.29973265818512257
6655.931426539789 0.3005795255864767
6660.633836606094 0.3012620860781629
6666.512826045044 0.30157460044514456
6671.216701399025 0.30156883885604485
6675.920088368881 0.30142354599058047
6680.622498544677 0.3019533596118734
6685.326862385554 0.3029167264818221
6690.034156711224 0.3028677704394729
6694.739985832814 0.30270177895896494
6699.443861340365 0.3039501678169801
6704.152132562217 0.30373400708950843
6708.859915399566 0.3041932728274482
6713.566233032576 0.3042184694180889
6718.274504330374 0.30516783751371085
6722.984240883049 0.30524680807321264
6728.871045301854 0.3055919588316167
6733.579805091276 0.3057725532924506
6738.2905185453155 0.3068714387004762
6743.002697254048 0.30632716282594824
6747.711457118408 0.30737955402864964
6752.423635876968 0.308242004616418
6757.13679148018 0.30775346576184703
6761.849947108183 0.30829716574933663
6766.564567990663 0.3084894141488325
6771.274793208596 0.30957587047904095
6775.990879370145 0.31010882118172867
6780.70550032653 0.30991926183113155
6785.420121307447 0.31083026443440176
6791.316694335007 0.3110652097985887
6796.030826961001 0.3112303369571076
6800.749843710663 0.311838035087603
6805.465441615124 0.3124672487252941
6810.183481593523 0.3135879211751948
6814.902010006086 0.3137190033574626
6819.620538442823 0.3140786426013522
6824.340532133512 0.3141844440986429
6829.059060618445 0.31524848791391363
6833.780031177137 0.31555501032381117
6838.500024939912 0.31616409621443126
6843.221972366424 0.31641669765065134
6847.942942996912 0.31737442182198944
6853.845865753377 0.3177985252131142
6858.568301667291 0.3183695789007921
6863.291226014891 0.3193213045028995
6868.015127206101 0.3202562344736593
6872.739028420941 0.32007638636610514
6877.4643948892735 0.32108710078806113
6882.188784561199 0.3212252597414375
6886.916593126442 0.32114652374779373
6891.6409828452925 0.32224413301338134
6896.365860997498 0.3234494341501977
6901.094646452908 0.32377175802468394
6905.820013061726 0.32443841345591534
6910.549286973688 0.32457766942372646
6916.459047858813 0.325534501536707
6921.188810232929 0.3253880438521417
6925.918572630156 0.3273367418554958
6930.647358230438 0.32649514494885484
6935.37663226372 0.32777354130446207
6940.107859959969 0.3284615216494357
6944.838599269131 0.32850240296521305
6949.569827011167 0.3292133722146766
6954.303008416069 0.33006026411202344
6959.034724613719 0.3302460007032376
6963.767417654124 0.330748880607843
6968.502064357287 0.3311225464500684
6973.235245853042 0.3316354907119452
6979.152821677051 0.3325246707172927
6983.886980043621 0.33286951322544356
6988.622603662765 0.3337679497073231
6993.35822730436 0.3341106256396381
6998.094339378396 0.3342931425767672
7002.829963064758 0.33504784999095644
7007.569005643687 0.3351848036784983
7012.305606194709 0.3356319891360402
7017.0426951779955 0.33579747808920307
7021.780761003544 0.33676373464043385
7026.520292081374 0.33682415308745195
7031.260311591352 0.33715757809607244
7035.998865893236 0.3374438832780975
7041.922303006552 0.3377095230507042
7046.663299408149 0.33815260227100113
7051.405272651779 0.33820663746729607
7056.146757507225 0.3385684316172309
7060.888730794557 0.3388705922309978
7065.629727283541 0.33929618209300455
7070.3726774345205 0.3390769100761713
7075.115627607199 0.33952243848369373
7079.859554621668 0.3396288264310256
7084.603481657753 0.3395818100988914
7089.347897125481 0.3403458099109224
7094.092801024811 0.3406090753286139
7098.837704945626 0.34068892966061437
7104.768956979304 0.34107392611081583
7109.5153261785445 0.34097907830773716
7114.262183809219 0.340676486906421
7119.0090414612 0.3410104226187002
7123.756387544533 0.34185873030031616
7128.503733649085 0.34163085627379336
7133.252056595005 0.34149179229077603
7137.999891151963 0.3421215315932452
7142.749679370413 0.3420540023710463
7147.49897919982 0.34190539037967693
7152.248279050239 0.34206938478038384
7156.999532562053 0.3419356621676263
7161.748832454368 0.34226466982306597
7167.687899399679 0.34186626959631244
7172.4391529793775 0.34258271330993
7177.190406579867 0.34242732037864426
7181.943613841586 0.342730407886525
7186.696821124026 0.34239440516203595
7191.449051606903 0.34262225148166137
7196.203724161031 0.3422723926494567
7200.955954685132 0.3426832035478863
7205.710627280418 0.34262981274564525
7210.465299896222 0.34237554053823016
7215.219972532503 0.3426525912958691
7219.974645189217 0.3429235662317449
7224.73127150687 0.3424616855768803
7230.677176535099 0.34253656447581693
7235.432826078224 0.3423486797658187
7240.1894524618965 0.34284034699297705
7244.947544096232 0.34226421322201583
7249.705147340613 0.34289820350550404
7254.464215835594 0.3427988311471474
7259.222307530386 0.34207125181200343
7263.980399245247 0.34240694575017494
7268.740444620758 0.3420274652844433
7273.500490016273 0.3420974053799201
7278.259558611422 0.34250650901904434
7283.019115636642 0.34241789916712534
7287.7801379122275 0.3422547864815142
7293.73239260494 0.34232427962964096
7298.494391745453 0.3421617322858528
7303.25541408538 0.3423853483590646
7308.017413265362 0.34241565045581107
7312.780389285369 0.3420207707222585
7317.543853735193 0.34177585565517343
7322.307318204624 0.3420600876654619
7327.069317463075 0.34228195079305734
7331.835224022505 0.34160318159349917
7336.598688550509 0.3418460395385145
7341.363618328519 0.3420305811214751
7346.128059715753 0.3423312930679236
7350.894454763121 0.3420172853019403
7356.851593881695 0.341770911315663
7361.618477382729 0.3414229322935809
7366.384384082627 0.3417172676877766
7371.151756032336 0.34192524087812026
7375.91912800123 0.34148769026366027
7380.6864999892705 0.3414231260904293
7385.45533722703 0.3414930783179217
7390.222709253246 0.3416835786195911
7394.992523349538 0.3410370641023158
7399.762825875046 0.34144742106190573
7404.531174778673 0.3411440646713411
7409.300012111432 0.34102893828120806
7414.071291514163 0.3405103190415576
7420.034780281321 0.3408163381613001
7424.804106085549 0.3411617613091474
7429.575873959654 0.3403445901764091
7434.347153442276 0.34072616915554554
7439.118921353826 0.3404496995493341
7443.890689284041 0.3406111988612128
7448.665387694268 0.34025046458690267
7453.436667251474 0.3398401767873493
7458.21087728864 0.33961510095330527
7462.984110523865 0.33990735264779753
7467.756366957097 0.3401856181295949
7472.532042280455 0.33944873887697696
7477.305275571033 0.33976700641247115
7483.2746255689935 0.3391070916105066
7488.049324131611 0.3397405010541848
7492.824999533023 0.3389682863576354
7497.602140183463 0.33840869442834953
7502.376838800886 0.3388370060646004
7507.153979487771 0.33844739973535726
7511.930631782569 0.3387118101214406
7516.7067956852425 0.3388797884882671
7521.485890067565 0.33747072482322954
7526.262542416658 0.3378602570164714
7531.04066001456 0.3379945483800307
7535.81975445099 0.337534648019823
7540.596895264322 0.3376964692270157
7546.571618075491 0.33732373320139314
7551.349735749637 0.33732400732239787
7556.131272313537 0.3369794417385785
7560.909878433621 0.33649683061959584
