calculator/instruments/lris/plaintext_files/red_MIRROR_600-10000.txt
# %ECSV 1.0
# ---
# datatype:
# - {name: WAV, unit: Angstrom, datatype: float64}
# - {name: EFF, datatype: float64}
# meta: !!omap
# - {DICHROIC: MIRROR}
# - {GRATING: 600/10000}
# schema: astropy-2.0
WAV EFF
[from data line 730]
8965.202070244568 0.0
8968.444140076133 0.0
8971.68620991247 0.0
8974.928279753578 0.0
8978.169372778164 0.0
8981.410465807505 0.0
8984.654489305462 0.0
8988.704390372815 0.0
8991.945483417578 0.0
8995.187553288368 0.0
8998.4266927 0.0
9001.667785758942 0.0
9004.9098556439 0.0
9008.149971890974 0.0
9011.389111321449 0.0
9014.62922757792 0.0
9017.869343839087 0.0
9021.109460104943 0.0
9025.160338059823 0.0
9028.399477514899 0.0
9031.63861697464 0.0
9034.876779617734 0.0
9038.115919086793 0.0
9041.357012203132 0.0
9044.595174860178 0.0
9047.833337521863 0.0
9051.072477009502 0.0
9054.309662859132 0.0
9057.547825534702 0.0
9061.595773090992 0.0
9064.833935776944 0.0
9068.07112164618 0.0
9071.309284341341 0.0
9074.547447041099 0.0
9077.783656102789 0.0
9081.02084199039 0.0
9084.25802788257 0.0
9087.49521377932 0.0
9090.73239968064 0.0
9094.776440010362 0.0
9098.012649100603 0.0
9101.248858195388 0.0
9104.48604411606 0.0
9107.720299577246 0.0
9110.955531864302 0.0
9114.19174097723 0.0
9117.426973273334 0.0
9120.662205573955 0.0
9123.896461057737 0.0
9127.130716546022 0.0
9131.175733760747 0.0
9134.409012437794 0.0
9137.64229111933 0.0
9140.877523448053 0.0
9144.11080213854 0.0
9147.3440808335 0.0
9150.578336354283 0.0
9153.811615058165 0.0
9157.044893766504 0.0
9160.278172479291 0.0
9163.510474375158 0.0
9167.550607545889 0.0
9170.7838862731 0.0
9174.015211361999 0.0
9177.248490098062 0.0
9180.48079201717 0.0
9183.71016347657 0.0
9186.942465404489 0.0
9190.17379051544 0.0
9193.405115630781 0.0
9196.637417571892 0.0
9199.866789053249 0.0
9203.905945464552 0.0
9207.13629377713 0.0
9210.365665272693 0.0
9213.595036772615 0.0
9216.825385098275 0.0
9220.055733428288 0.0
9223.283151298481 0.0
9226.512522815789 0.0
9229.742871158827 0.0
9232.971265863409 0.0
9237.006515044868 0.0
9240.234909759172 0.0
9243.463304477784 0.0
9246.69072237931 0.0
9249.918140285134 0.0
9253.146535016656 0.0
9256.37395293107 0.0
9259.600394028363 0.0
9262.826835129938 0.0
9266.054253057193 0.0
9269.281670988721 0.0
9273.313989766313 0.0
9276.5384772432 0.0
9279.765895188577 0.0
9282.99135949538 0.0
9286.216823806422 0.0
9289.442288121703 0.0
9292.665798798387 0.0
9295.891263122132 0.0
9299.114773807258 0.0
9302.340238139446 0.0
9305.565702475848 0.0
9309.594114027286 0.0
9312.8176247303 0.0
9316.04015861608 0.0
9319.265622970339 0.0
9322.48718004307 0.0
9325.709713941409 0.0
9328.933224665356 0.0
9332.15478175061 0.0
9335.37731566146 0.0
9338.599849576472 0.0
9341.821406674204 0.0
9345.846887820051 0.0
9349.068444927112 0.0
9352.290978859755 0.0
9355.510582332212 0.0
9358.731162630236 0.0
9361.950766110942 0.0
9365.171346417212 0.0
9368.389973084699 0.0
9371.610553399192 0.0
9374.828203253443 0.0
9378.854661273544 0.0
9382.07328795846 0.0
9385.291914647463 0.0
9388.508587697637 0.0
9391.728191216254 0.0
9394.945841096038 0.0
9398.164467801344 0.0
9401.381140867798 0.0
9404.597813938308 0.0
9407.814487012867 0.0
9411.032136912943 0.0
9415.052734061523 0.0
9418.268430327758 0.0
9421.485103419494 0.0
9424.69982287232 0.0
9427.91551915064 0.0
9431.131215432973 0.0
9434.345934897849 0.0
9437.56163118821 0.0
9440.774397018145 0.0
9443.989116495033 0.0
9447.202859154439 0.0
9451.220525895036 0.0
9454.433291741929 0.0
9457.646057592796 0.0
9460.85980026912 0.0
9464.072566127928 0.0
9467.284355169215 0.0
9470.49614421446 0.0
9473.708910085146 0.0
9476.92167595978 0.0
9480.132488195382 0.0
9483.342323613433 0.0
9487.356083123761 0.0
9490.56787219364 0.0
9493.776730802963 0.0
9496.987543059195 0.0
9500.198355319337 0.0
9503.4062371189 0.0
9506.616072565363 0.0
9509.825908015724 0.0
9513.033789826983 0.0
9516.24264846363 0.0
9520.252500738028 0.0
9523.46038256191 0.0
9526.667287568162 0.0
9529.876146221295 0.0
9533.08207441377 0.0
9536.288002610108 0.0
9539.494907631804 0.0
9542.701812657362 0.0
9545.908717686762 0.0
9549.112692255467 0.0
9552.318620471035 0.0
9556.325542335127 0.0
9559.531470559315 0.0
9562.734468322767 0.0
9565.93844291156 0.0
9569.143394325683 0.0
9572.347368922097 0.0
9575.550366700787 0.0
9578.75238766175 0.0
9581.956362269562 0.0
9585.160336881168 0.0
9588.361381031973 0.0
9592.363418841938 0.0
9595.564463001238 0.0
9598.767460807374 0.0
9601.968504974211 0.0
9605.170525966347 0.0
9608.368639676093 0.0
9611.568707032662 0.0
9614.768774392982 0.0
9617.969818578582 0.0
9621.16890912484 0.0
9624.367999674836 0.0
9628.366130251416 0.0
9631.565220809798 0.0
9634.762357728805 0.0
9637.960471473072 0.0
9641.157608399506 0.0
9644.35572215119 0.0
9647.551882263479 0.0
9650.749996022565 0.0
9653.945179320692 0.0
9657.141339444051 0.0
9661.135562781881 0.0
9664.33074609197 0.0
9667.52690622729 0.0
9670.722089544719 0.0
9673.916296044257 0.0
9677.111479369014 0.0
9680.305685875868 0.0
9683.497938743247 0.0
9686.692145257395 0.0
9689.885374953628 0.0
9693.07665101036 0.0
9697.068920756483 0.0
9700.260196821386 0.0
9703.451472889907 0.0
9706.642748962047 0.0
9709.833048216235 0.0
9713.024324295598 0.0
9716.214623556996 0.0
9719.40394600042 0.0
9722.594245269016 0.0
9725.785521362786 0.0
9728.973866995408 0.0
9732.960275862804 0.0
9736.148621503487 0.0
9739.336967147738 0.0
9742.525312795562 0.0
9745.711704803782 0.0
9748.900050458733 0.0
9752.085465652483 0.0
9755.272834492958 0.0
9758.460203336985 0.0
9761.646595362965 0.0
9764.831033749306 0.0
9768.811581737196 0.0
9771.996996953074 0.0
9775.181435350882 0.0
9778.366850573808 0.0
9781.549335335463 0.0
9784.732796922226 0.0
9787.917235334098 0.0
9791.099720106273 0.0
9794.283181703548 0.0
9797.464689661118 0.0
9801.441330407588 0.0
9804.622838373005 0.0
9807.804346341904 0.0
9810.985854314282 0.0
9814.166385468523 0.0
9817.346916626238 0.0
9820.526470965808 0.0
9823.706025308838 0.0
9826.884602833712 0.0
9830.063180362036 0.0
9833.241757893808 0.0
9837.21449140256 0.0
9840.393068942076 0.0
9843.570669663413 0.0
9846.74631674494 0.0
