calculator/instruments/lris/plaintext_files/red_CLEAR_600-7500.txt
# %ECSV 1.0
# ---
# datatype:
# - {name: WAV, unit: Angstrom, datatype: float64}
# - {name: EFF, datatype: float64}
# meta: !!omap
# - {DICHROIC: CLEAR}
# - {GRATING: 600/7500}
# schema: astropy-2.0
WAV EFF
5628.295617116026 0.40392144406015185
5630.7427537355015 0.4072044677777517
5633.191844168842 0.4100856688761506
5635.639469263055 0.4125624062145782
5638.086605918963 0.4142591624720003
5640.536673289578 0.41476709650894017
5642.984786870565 0.41549227694994434
5645.432412013191 0.41572835188932766
5647.882967870522 0.41471320830438
5650.332058388591 0.4134405884642458
5652.780660468249 0.4120774887396954
5655.231216361714 0.41077331293097896
5658.905340647857 0.40834449131690886
5661.357361922685 0.4045845879392656
5663.807429407675 0.4019146690285268
5666.257008454156 0.3992496310313617
5668.708052863949 0.3968283022776145
5671.158608835205 0.3931170692675119
5673.612095521162 0.38829485438164846
5676.063139966693 0.3848304168435012
5678.513207523154 0.38157544818906214
5680.9666942447775 0.3775692733278442
5683.416761824935 0.3740917824530573
5685.870248570253 0.370023878684186
5688.32275842644 0.36576046881050434
5690.776733645878 0.36072584364707944
5693.228755075178 0.3572106715366848
5695.684195669655 0.3519573653146877
5698.136217122483 0.34887417945346316
5700.590192389012 0.34401370954681604
5703.043679216779 0.3402844465009866
5705.4986314077505 0.335970529444757
5707.95260670943 0.3320774002209627
5710.407558923796 0.32772185504637164
5714.086568113699 0.32314282183903337
5716.543474159237 0.31869828774765857
5718.997449513367 0.3146322664126262
5721.45435558218 0.3110597823366812
5723.909307860553 0.3074790211811703
5726.365237051545 0.304216600035166
5728.82263160567 0.30036364834338547
5731.2775839187625 0.29742175583227826
5733.73400159496 0.29420452539970526
5736.1899308321645 0.2914374405753538
5738.64830233352 0.2881888764352313
5741.106185395864 0.284924538057407
5743.561137766509 0.2826353159387481
5746.01950930235 0.2794891584647288
5748.475438596975 0.27747183812883885
5750.935763957884 0.27470032359967417
5753.3941355280795 0.2718972692568691
5755.851041758063 0.2699405387841637
5758.310878702716 0.26728083792113205
5760.769738757671 0.2650479383908676
5763.227133472351 0.2637260931445131
5765.686970451142 0.26180960007689735
5769.3767259406095 0.2585081225671045
5771.836562947752 0.2565552634121926
5774.294934614523 0.2553036055877285
5776.755748545395 0.2539140365076501
5779.217050938121 0.2518242626882587
5781.674445737585 0.2499489008057576
5784.137213504543 0.24733318591986286
5786.598027480473 0.24531172775798607
5789.057864566481 0.24461562172241014
5791.519167015419 0.24363195457487402
5793.981934827292 0.24243493047805845
5796.444214199781 0.24062079030809877
5798.903562879948 0.24064091160237652
5801.366819175929 0.23948690362359754
5803.829587032479 0.23886611273127348
5806.2923549001625 0.2373185118135889
5808.754145877779 0.23702181447182333
5811.216913767677 0.23635349378944576
5813.680658569855 0.23567783102000683
5816.143914932515 0.23460505686383934
5818.608636658036 0.23395211727888277
5821.069939240395 0.23412969476147275
5824.768487217758 0.23235598664825624
5827.230766728863 0.23240744769788246
5829.6950000533925 0.23210093899401676
5832.159721839518 0.2315158494575103
5834.625420537846 0.23099286985214784
5837.090142345905 0.23014548972634546
5839.556329516766 0.2297485015578969
5842.022516698564 0.2294920613420666
5844.485284736924 0.2297644434971191
5846.95049503929 0.22955853299668252
5849.417659155054 0.2290016363366992
5851.884334831075 0.2286563100495398
5854.351010517964 0.22819653047616995
5856.817686215707 0.2276355175637082
5859.283873473649 0.2272040456267809
5861.752502995604 0.22694015656743488
5864.2196671764605 0.22660242850368684
5866.686342917472 0.22625296477407159
5869.152530218615 0.22635101567815996
5871.619694431811 0.22616128374145394
5874.087347106409 0.2258957891704571
5876.554999791746 0.22568092219635227
5880.259897994442 0.22473858600245203
5882.729016058554 0.22448609283128912
5885.1986225840255 0.22406469030362586
5887.668229120188 0.22381160490042448
5890.137347216363 0.2237987283779823
5892.606953773862 0.22320108122073593
5895.076560342007 0.2229188583335387
5897.546166920784 0.22270608921893903
5900.016750411521 0.22225573949890406
5902.485868560848 0.22230398962784015
5904.95596362211 0.22203435482480838
5907.427035595308 0.2217331186723376
5909.896642227033 0.22164729950173725
5912.366737319989 0.2214777101486583
5914.837809324843 0.22106275461147507
5917.3098582416005 0.22068806218400458
5919.781907168875 0.2203522264063594
5922.253467655969 0.22019238052057197
5924.725516604243 0.22003054670786706
5927.197077112299 0.22058590444834608
5929.667660729425 0.2205086878536694
5932.139221258381 0.22020709181514667
5934.613224051272 0.2199744744509712
5938.324472485526 0.2192952535083352
5940.796521501659 0.21977513779551716
5943.268082077471 0.21960793947927523
5945.742084917198 0.21952503771251614
5948.21657621801 0.21933976397277694
5950.693021332039 0.21873430166571806
5953.164093498558 0.21867994346978198
5955.640538633279 0.21810020289318935
5958.114541524737 0.21842829480306925
5960.586590623609 0.21896765402953763
5963.063524239992 0.21832888133389775
5965.540946317398 0.21818501307931606
5968.013483897814 0.21837376546807888
5970.490905995762 0.21790947940893013
5972.965397399576 0.21825335883268843
5975.438423461411 0.21870615728422355
5977.916334040803 0.21861785206639245
5980.392290827462 0.21856974463315457
5982.871178328756 0.21807185178100782
5985.345181332829 0.21903285287217086
5987.822115051516 0.21847406588509605
5990.301491034092 0.21857668032632643
5994.015182068768 0.2191060986513915
5996.492115822951 0.2191882234216755
5998.971980291762 0.21877404733434888
6001.44598336163 0.21995539565678204
6003.9258478506445 0.21975890073745982
6006.403270095954 0.21977274613635853
6008.8826461543695 0.21986711132441208
6011.359091518266 0.22041574864502295
6013.840909850603 0.2206115299361922
6016.320285939155 0.21989995838864843
6018.796242882347 0.22105505160818062
6021.2765958924565 0.2215312365304534
6023.755972011021 0.22131222919132168
6026.23485968879 0.2221542343042266
6028.715701179627 0.2217162598031828
6031.193611975758 0.22256792077839474
6033.67494193728 0.22284456402162958
6036.155783457963 0.2228962578165379
6038.634182734644 0.22371850402231439
6041.116001176724 0.2240610085830278
6043.59733117792 0.22453794134239288
6046.081103442955 0.22392633275711557
6049.803098478107 0.22435376631598328
6052.277590202724 0.22667165496439193
6054.764293207063 0.2261839364977381
6057.245623262482 0.2265626896087973
6059.727930229315 0.22652533240489672
6062.213167910778 0.2265001034887803
6064.688148135152 0.22793262604488548
6067.174851188621 0.22835523644138692
6069.65764664542 0.22889813028545966
6072.138976759548 0.2294894793513075
6074.625679842354 0.22828689848721123
6077.107498426775 0.2297420482459463
6079.592736176628 0.22973387459687042
6082.070158723111 0.2310802609887369
6084.557350295653 0.23136513116361093
6087.039657369691 0.23196632839617834
6089.525872059986 0.23268129464488163
6092.009644505835 0.23290286893723366
6094.492928510505 0.2339524790842229
6096.979143229789 0.23327209122656378
6099.462427253726 0.23446129634013643
6101.949618893942 0.2332765122015933
6105.67307960976 0.23534704237976245
6108.163690429854 0.23531520372298667
6110.645997595283 0.23584952218378985
6113.137096885416 0.2356534619517651
6115.621846324174 0.23581951700580742
6118.109526477542 0.23638480824078612
6120.592810582829 0.23745255232747947
6123.080490755259 0.23726873975478865
6125.5642633304005 0.23854367562685658
6128.052920423551 0.23816733331759157
6130.537669919365 0.2400598405913232
6133.025350129781 0.23991223765153832
6135.513030349667 0.2402956152373553
6137.997779873846 0.24082706515457872
6140.4922984247005 0.2399224694188444
6142.976559516884 0.24074472222084842
6145.465705127127 0.24080111458262382
6147.950454688973 0.24277422320822553
6150.439600318023 0.2422594439807794
6152.933142014313 0.24166044859181707
6155.419356956911 0.24185800591352932
6157.908014163233 0.2420765760302205
6160.395206026276 0.24396735411286374
6164.12990144537 0.24375312350719644
6166.619535586138 0.2442605636252137
6169.110146637989 0.24322332228573937
6171.600269248265 0.24365350539518454
6174.08843806429 0.24527891096855323
6176.581002947584 0.24416101347612154
6179.071125585713 0.24443997382496
6181.558805978636 0.2462015271094714
6184.051859340629 0.24485357975110114
6186.542958908293 0.24481536266195955
6189.0321046815925 0.24649620010366585
6191.524669620397 0.2453676090355069
6194.015280764809 0.24548109977129465
6196.50979952564 0.24607395905067456
6198.997968433904 0.2457970701910752
6201.4890680567605 0.24670758792524528
6203.985540648774 0.24568206223352887
6206.470778879021 0.24773173517020314
6208.96725148935 0.2464507671371004
6211.459328050607 0.24626126397034856
6213.955312228313 0.2466023939967214
6216.442992749542 0.24702661108035592
6220.183549890405 0.24712334891578375
6222.680511001822 0.2462707016774738
6225.169168456625 0.24791762222423291
6227.664175782492 0.24665223206676276
6230.1557639609255 0.24753825289989004
6232.6527251086045 0.2464869549806949
6235.14773246161 0.24722510887307483
6237.637855314308 0.2466944194364537
6240.135304940009 0.24681745369887273
6242.628358516294 0.24709728869108466
6245.125808160003 0.2466341043265662
6247.619350205185 0.24778316550206808
6250.110938455552 0.24695779705306256
6252.610341929947 0.24665456829130897
6255.101930198191 0.24729392218596405
6257.599868337653 0.24670892576226
6260.099271838903 0.24644308285008032
6262.588417879125 0.24739287985510092
6265.08489069249 0.24651095915390425
6267.583805769517 0.2465734906354128
6270.0793016987545 0.24678641412230698
6272.576262989728 0.2458750146883151
6276.323658746645 0.24610666193626338
6278.816712452068 0.24696310430442286
6281.311719970151 0.24602026477353983
6283.810146653801 0.24598210446432758
6286.30906179724 0.24591869445692166
6288.805534694649 0.24613091165993772
6291.302007600843 0.24613463672453129
6293.8023881235895 0.24540468856131084
6296.301303302203 0.24537060034206595
6298.800706940561 0.2454643999411008
6301.297179881816 0.2454862670116879
6303.79218747886 0.24547185147014244
6306.289637339516 0.2451121220056211
6308.79001791478 0.2448474449587999
6311.288444694827 0.2452556963450097
6313.7893137385045 0.24473541490024217
6316.2887174379175 0.24476599311273392
6318.788609597004 0.24458294049315807
6321.288013313774 0.24469995638052108
6323.786440137216 0.24491576941057108
6326.286332322281 0.24440360981788672
6328.785736064991 0.24436430748893276
6332.535574371723 0.2442045687115178
6335.036443488979 0.24403152657490426
6337.5368241638425 0.24408847001598502
6340.0376932983 0.2440093615712205
6342.538562441345 0.24400658490765098
6345.039431592966 0.24395002661011517
6347.540300753149 0.24383642310547077
6350.041169921883 0.2439269816390258
6352.542527550174 0.2436486835316108
6355.043396735981 0.2435401748918744
6357.545731283358 0.24342833173763023
6360.047088937218 0.2435293103058708
6362.549911952636 0.24327532688042525
6365.052734976553 0.24320745831103413
6367.554092655894 0.2432856959514622
6370.056427245752 0.24306949208274692
6372.558273393048 0.24316555160597791
6375.0606079998215 0.2432238103843772
6377.563919517094 0.24299412482801766
6380.065277238685 0.24313925637679923
6382.568100321786 0.2425546248422635
6385.071411864334 0.2425814474910615
6388.827111870468 0.24286014552881982
6391.332377238164 0.24256898147678888
6393.837154163213 0.2425670435951532
6396.339977292478 0.24263585977698574
6398.844265783226 0.24254927864555717
6401.3485542823255 0.24264250947224375
6403.851865887677 0.24280497609170537
6406.355665952404 0.2429425072016881
6408.8589775744 0.24269299490089843
6411.363754557853 0.2427490766593774
6413.869508451713 0.24247490178517475
6416.376239255981 0.2424256141587453
6418.881993166437 0.24243243762681618
6421.386770183055 0.24282336456142622
6423.891058756876 0.24265608157472066
6426.394858887886 0.2428400274291456
6428.900612831379 0.2429652992496997
6431.408320587362 0.24233967546576307
6433.914562998388 0.24255623268662105
6436.421293868703 0.24280229400371486
6438.92704784509 0.2426052605590525
6441.431336476466 0.24281441841820137
6443.937578920301 0.24285906407225438
6447.700117533364 0.24255651566697412
6450.207825350864 0.24259645012360193
6452.714556274367 0.24222233675379487
6455.22031030386 0.24234414877058874
6457.726552792561 0.24230932255814885
6460.235725995875 0.2423722905072935
6462.74392230515 0.24264740414174904
6465.250164818201 0.24268720998891077
6467.7578726925985 0.24234306947766593
6470.265580575089 0.24220463635749884
6472.777196074376 0.2420604568854823
6475.283927070844 0.2423947301098042
6477.791146526458 0.24220335627160028
6480.298854441212 0.2422889826004037
6482.810958423868 0.24167345072500546
6485.318666354703 0.24214699192655667
6487.825885842459 0.2421052959806087
6490.335059142622 0.24176218784530973
6492.846674706304 0.2416458849134922
6495.353405766964 0.24256276857388928
6497.862579091122 0.24242823020910503
6500.372240874362 0.2422074838317109
6504.137710466386 0.24225654735344287
6506.646883818428 0.2420909044044784
6509.156057178414 0.24193882743631528
6511.669138155242 0.241970264725025
6514.178311531097 0.24191142786551417
6516.687484914864 0.24178234448587274
6519.200565915481 0.24155467033685787
6521.709250863935 0.24216479870179883
6524.218424271395 0.2421349585715936
6526.732482197954 0.24132842972291357
6529.241655621166 0.2421164079191211
6531.75327130786 0.24164071469442283
6534.266352355796 0.24085695620536268
6536.776014253687 0.24188874838437927
6539.287141512799 0.2415704428942559
6541.800222584264 0.24119958926035398
6544.311838310158 0.24129116559591635
6546.821500239324 0.24136587168837537
6549.337512041054 0.2408226188769765
6551.848150888083 0.2410243914615939
6554.358301291747 0.2409760063857559
6556.873824665728 0.2405684383662424
6560.639294522999 0.24078308953620184
6563.155306367547 0.24039757551877805
6565.666922159543 0.24030570208618474
6568.180003312711 0.2398119701979899
6570.693572924756 0.24012022111926096
6573.2051887399175 0.24023434131003937
6575.721689074305 0.2394740433504505
6578.233793356025 0.2397796977751928
6580.746874547743 0.23939790362322313
6583.260932649451 0.23984328441645816
6585.773036954204 0.23967184454085994
6588.290514229371 0.23895439938226967
6590.80261854944 0.2393270087178586
6593.316676681796 0.23877935013603588
6595.832200175287 0.2389146858856377
6598.345281420582 0.23874797477285384
6600.8608049293325 0.23888777382570273
6603.3738861898555 0.2388998890041117
6605.890875067336 0.2382175507202556
6608.403956343053 0.23846381294532715
6610.921433686904 0.23750968207411755
6613.4354918801255 0.23804540948915298
6617.209754116787 0.23778937397807784
6619.721858524195 0.23796351506937669
6622.239824353293 0.23714270091731404
6624.754371031674 0.23734470065126653
6627.271848424676 0.2365730882807726
6629.785906666922 0.2369947558034257
6632.303872526159 0.2362096541160513
6634.818907685786 0.23666516081029976
6637.335408206472 0.23620991013629714
6639.8519087346485 0.23629774212189206
6642.368409270305 0.23575344865013062
6644.884909813434 0.23586938921151804
6647.401898815218 0.23546346213183283
6649.918399373265 0.23565722729741856
6652.4363652923485 0.23492813532688964
6654.951400511683 0.23528206547020955
6657.4708317992345 0.2345011758081263
6659.985867033408 0.23496995239429175
6662.504809884605 0.23420041703087455
6665.020333584784 0.23470531163721728
6667.540253353199 0.23383823018242988
6670.056753970566 0.2339467834683501
6672.576673753765 0.23345543526531878
6676.3528900583215 0.23315919974270877
6678.868902250249 0.23364233104756815
6681.389798961656 0.23271667927332473
6683.906299619479 0.2328018332430245
6686.42719634558 0.23217460975283052
6688.9441854692695 0.232071783756144
6691.4636168563675 0.23202636481623976
6693.981582897116 0.23173957020325064
6696.499060493935 0.23234247498072993
6699.0209341590535 0.2315775287243316
6701.537434867993 0.23180362104899604
6704.0593085476885 0.2310719311948197
6706.57776307607 0.23068341652497165
