calculator/instruments/lris/plaintext_files/red_D460_831-8200.txt
# %ECSV 1.0
# ---
# datatype:
# - {name: WAV, unit: Angstrom, datatype: float64}
# - {name: EFF, datatype: float64}
# meta: !!omap
# - {DICHROIC: D460}
# - {GRATING: 831/8200}
# schema: astropy-2.0
WAV EFF
6785.264499439487 0.25085948726954843
6787.548821819353 0.25075412941364866
6789.8346094534445 0.2496781096031773
6792.119420260952 0.24910483497460684
6794.40423107419 0.24882578716324186
6796.690507141646 0.2475825903933185
6799.547253297644 0.2473574954107113
6801.833529377968 0.24643157622473158
6804.120293880176 0.24589063964748384
6806.406569971919 0.24530344079632477
6808.692846069362 0.24518029534744404
6810.981075837189 0.24397523288660136
6813.266863529839 0.2444349309688887
6815.555093309046 0.2434489632461425
6817.8413694292285 0.24320748753173382
6820.13008763597 0.24276649369441453
6822.419782680743 0.24152996162283993
6825.278482581419 0.2419275264082264
6827.567200806575 0.24156200629766333
6829.857384285933 0.24026232235285427
6832.145614106208 0.24069363507801242
6834.43530918068 0.24053294701156575
6836.724027428419 0.23991591757311434
6839.014699346537 0.23967509413983015
6841.304882854099 0.23995523491471926
6843.5950663672875 0.23922336373502534
6845.885249886093 0.23931874225541364
6848.749322437024 0.2387450244064263
6851.039505968452 0.23860628498110606
6853.332131586456 0.23829383328272208
6855.622315129082 0.23899320567497512
6857.912987093492 0.2386325303769692
6860.206101144481 0.23866583897799576
6862.498726784857 0.23882169727467192
6864.789887182212 0.23911726823715931
6867.083978082347 0.23855990703219723
6869.377092155651 0.23867407809222282
6871.6682525697 0.23854346056582532
6874.5357441125625 0.23869669882564964
6876.829835036345 0.23863192761602325
6879.123925965675 0.23829744458539903
6881.4170400681305 0.2392481595344608
6883.712107840966 0.2386693438035707
6886.006687203125 0.23915546224164538
6888.300289738387 0.23958728858065315
6890.595845944023 0.23952129977558517
6892.8923789876135 0.23965418425730853
6895.188423620507 0.23894994233756434
6897.482026177823 0.24091126986915049
6900.352936711952 0.24048699935830442
6902.648492946514 0.24138090851707936
6904.946979683898 0.24032610224866102
6907.241070680775 0.24128816801897043
6909.538580596691 0.24162419362381687
6911.837067350542 0.2416545157660426
6914.134577277422 0.24164648756947085
6916.430621961086 0.24263060217440166
6918.729597147584 0.24276688059601592
6921.027107090857 0.24369505909065484
6923.326082288277 0.24287652414342298
6926.199434980545 0.24372552462133062
6928.4959681090595 0.24539937570281561
6930.796408572884 0.24440712060537645
6933.095872209676 0.24607802850759355
6935.395335851899 0.24604448015004185
6937.694799499552 0.24617471762603657
6939.993286320143 0.2474813753870913
6942.294703643588 0.24712565391818808
6944.595144139969 0.24826078799807028
6946.896073058001 0.24829655210085988
6949.772844733443 0.24868526573143765
6952.072308414889 0.2495713063921532
6954.3727489342145 0.25114566649550973
6956.67611995641 0.25111663609433127
6958.977537318999 0.25185414474783296
6961.280908351964 0.25134803729483557
6963.581837309056 0.2519062003854302
6965.88325468776 0.2536570416833885
6968.186137320586 0.254232386832256
6970.48999679128 0.25461038552627197
6972.792879434822 0.25556361698864316
6975.672581683349 0.25655456198598053
6977.976441171435 0.25690541817430196
6980.2807890811255 0.25668876398165547
6982.583671747368 0.2575747287603506
6984.885577586414 0.2597494605665477
6987.191879177137 0.26010567884056623
6989.497692356929 0.2603588336898017
6991.80252870951 0.26167850615228855
6994.107853483671 0.262002271655098
6996.414643511938 0.26113807409787226
6998.718991464175 0.26222214403051153
7001.6021127013955 0.2632633403725875
7003.906460665536 0.2645934223213651
7006.212762300045 0.2654459844656039
7008.519063939839 0.26692775321527534
7010.825854001182 0.2673839418974917
7013.133620900351 0.2676024061353588
7015.440899388516 0.2683609217046415
7017.749154714502 0.26942582453298214
7020.055944796916 0.27077878899198043
7022.364688549701 0.27068766799139277
7024.673432307741 0.27069519421874016
7027.558995700462 0.2720270337788999
7029.866762637736 0.27328952455710054
7032.176971661669 0.27301727342785664
7034.4857154419815 0.2730895413900427
7036.794947643806 0.2739104496992786
7039.103691434567 0.274991529677659
7041.412435230542 0.2763492909250742
7043.722155864308 0.27703353815607773
7046.03138808699 0.278473051391614
7048.342573980043 0.27944302238627783
7051.233021602558 0.2788548573865784
7053.54274225843 0.280099024932925
7055.853928168377 0.2805535823409186
7058.164625667213 0.2822850177411917
7060.475323171226 0.2832074781447773
7062.787485929312 0.2833093428659558
7065.099160276272 0.28457158086979
7067.410346212096 0.28589790768324785
7069.72348581829 0.2866559822755614
7072.036137013343 0.2874356763615836
7074.349276629854 0.28805384938852013
7077.242166406658 0.2874413893533638
7079.555794451063 0.2877457649944252
7081.868934084305 0.2883086212685013
7084.182562138986 0.2891693721697061
7086.497167031421 0.2897532812084224
7088.811283512673 0.2905301063865801
7091.125888415362 0.29130984752924116
7093.440004906855 0.29204801516236323
7095.755586652405 0.292434942148714
7098.070191570435 0.2939288291902328
7100.385773326202 0.2940256727772108
7103.27915159137 0.2962241564377044
7105.594733358605 0.2966238836632669
7107.910315130932 0.2977201551909771
7110.225896908345 0.2989964860962332
7112.540990274513 0.3000692443689905
7114.858037311046 0.3006900314950162
7117.174107520007 0.3010144417204127
7119.492131399336 0.3009495681422786
7121.80966686741 0.30137069136204286
7124.128179173198 0.301580333977475
7126.446203067717 0.30137114210568927
7129.343000318475 0.3036729013273233
7131.660535808027 0.30435007761596966
7133.9790481352775 0.30497204009713275
7136.295606802236 0.30684196743704306
7138.614607555889 0.30720143053103505
7140.934585147244 0.30744077845680573
7143.252609078282 0.3077151175716107
7145.573563512359 0.30668949385252703
7147.894029535122 0.30693376221469765
7150.21351873022 0.3087286600632838
7153.112269710703 0.3104160380975389
7155.431758917055 0.3111804695297696
7157.751248128403 0.3119197049833036
7160.073667842801 0.31061685631508906
7162.394622313163 0.3113767645508059
7164.715576788508 0.31195014025442785
7167.037508101525 0.3119933024574159
7169.358462586828 0.3134021917164019
7171.677951828051 0.3155336368956784
7173.999394739632 0.31641679717069093
7176.321814488881 0.31579041991953755
7179.227403368265 0.3154760976689563
7181.548357879608 0.3170220586528577
7183.870289228604 0.31802595154906227
7186.192220582541 0.31897985047259503
7188.515617190485 0.31818357328040037
7190.839502219725 0.3181906354684303
7193.163875670258 0.31819730060027257
7195.488249125721 0.3186594273962114
7197.809692087944 0.32138783039142077
7200.13406555325 0.3208804513766441
7202.458927439835 0.3208555696264352
7205.364027972246 0.3220404305783353
7207.688401453512 0.32288294756305896
7210.01326335604 0.3232372945058936
7212.3386136798335 0.32213606905565656
7214.663475592153 0.32347093595033516
7216.990779591208 0.3234102889520874
7219.315153096928 0.32538422585681304
7221.639526607527 0.3259928501303808
7223.967319037601 0.32441630924391757
7226.2931578070575 0.3252224258808099
7228.620461830507 0.3253843865485027
7231.5275160970605 0.32594519717981024
7233.854820131446 0.3262684911509811
7236.182612587066 0.32654242192895416
7238.5089397984 0.3281733014047741
7240.835267014575 0.32872845762811237
7243.163547901111 0.32792257504916955
7245.493294041635 0.3275499448436663
7247.821086521465 0.3286029552761298
7250.1464369242 0.3312691769534594
7252.476183079215 0.32975598820332275
7255.38763315519 0.3304385656400023
7257.713960406345 0.33198272421535674
7260.045171826181 0.32978944488119866
7262.374429585276 0.3300936585943906
7264.7031989327825 0.3320727926127498
7267.031479868694 0.3330303697993144
7269.361714474965 0.3324629002287982
7271.693414335206 0.33169565698448744
7274.022183701874 0.33322113931433656
7276.35192990611 0.33337162593716385
7278.682164531518 0.3330349574691711
7281.595568340482 0.3351817258664792
7283.926779809421 0.33305702167289913
7286.258479699521 0.3341730219667997
7288.588714345183 0.3354931762619347
7290.9209026612025 0.33478461031796564
7293.253090981978 0.33433789885324705
7295.584302474693 0.335074303630963
7297.915025555746 0.33675788457838857
7300.24721389075 0.33654812947128454
7302.581844312524 0.3359532305901696
7304.91159057496 0.3379928526078239
7307.829878614748 0.3362544650445032
7310.1601133042095 0.3382309142777431
7312.494743746079 0.33680568084864393
7314.828397359842 0.3370938399619694
7317.160097312664 0.33893640084412285
7319.494727768669 0.337456052059782
7321.829358229378 0.33715187844576094
7324.162035029126 0.33892090563276106
7326.496665499228 0.3379024979598869
7328.831295974021 0.3383739826551984
7331.164461204245 0.3393819272834576
7334.084702975852 0.3382987103975978
7336.417379800176 0.34085437268846447
7338.752987127694 0.3397260874355519
7341.09005970915 0.3385024671701275
7343.422248131038 0.3419343707013274
7345.759320721825 0.3396597901615908
7348.096393317268 0.33917797950121376
7350.430535418811 0.3413437504698296
7352.767119607133 0.3404151688356497
7355.103703800098 0.34043461908762673
7358.024434047833 0.3404704169115327
7360.359553001942 0.3420209986899364
7362.696625626403 0.3413875502259666
7365.035163504791 0.34040467992994666
7367.370770889203 0.34239104384670105
7369.708331943966 0.34127533318130987
7372.045893003345 0.34202843306278924
7374.382965650899 0.3421297102662887
7376.7215035523695 0.34195780193099534
7379.058087792691 0.34353413347657935
7381.396625703363 0.34253834283914103
7384.319309681722 0.3436707354795219
7386.658336019172 0.34290870244711535
7388.996385528321 0.34390230649340947
7391.3344350420475 0.3432699510724046
7393.6744382261295 0.3433917180332036
7396.013952998343 0.34266353202980854
7398.353467775124 0.343465857031232
7400.691028890684 0.3450268153525536
7403.032008925937 0.343364954223642
7405.371523716403 0.3437470733350037
7407.71006167852 0.3443827538952607
7410.635187803365 0.3446343957182075
7412.976656274417 0.3436467589789456
7415.316171084205 0.34479477102695044
7417.656662731432 0.3446658863154277
7419.998131216103 0.34390646769665756
7422.338622872391 0.34435342852478473
7424.680579782574 0.34397445767563434
7427.021071447908 0.34473895310401803
7429.362539950673 0.34439282089240497
7431.703031625031 0.34635608879581997
7434.046453802662 0.34421598079437493
7436.972556824036 0.3444843321021777
7439.314025345951 0.34519993296334484
7441.656470705289 0.34497979477696256
7443.999892902051 0.3443280813425163
7446.34233827037 0.344952735572008
7448.684783643175 0.34463651923627636
7451.027229020459 0.3454578025814385
7453.370162818689 0.3446154379736868
7455.711631371981 0.3459880883160165
7458.056030428559 0.3454766161471829
7460.984575589679 0.3450043104237327
7463.327509406885 0.3463350444943982
7465.671420061491 0.3450242928554538
7468.014842304075 0.34572350266411933
7470.359241384058 0.3449696256265743
7472.703640468484 0.34526610466610597
7475.047551140877 0.34493066996545213
7477.392438650658 0.3454219219629714
7479.735860915437 0.34547807418883664
7482.080748434083 0.3459929239199364
7484.425147540672 0.34532123354494826
7487.356134846605 0.3462763901177595
7489.701510796097 0.34559665349689433
7492.045909917035 0.3467366698460565
7494.3922627083175 0.3455030006888843
7496.73812708752 0.34539703661156773
7499.083503054639 0.3454549167615563
7501.428879026152 0.34575848976309753
7503.775720251524 0.34548325646660694
7506.120607815328 0.34532054574664484
7508.466960632985 0.3462808390136197
7510.8133134550235 0.3457236913759238
7513.746254488727 0.34611143077899564
7516.092118904112 0.34689880941928836
7518.440425406337 0.3455617568652794
7520.785801413962 0.34701681725017414
7523.134596341412 0.34532201990366207
7525.48094919074 0.34577162155276625
7527.827790460917 0.34601552094398713
7530.1741433189445 0.34644456917960065
7532.52244984731 0.34649472820744526
7534.869779547019 0.346372945877383
7537.218086084068 0.3463452592964682
7540.152492428471 0.3464023079923635
7542.500798975267 0.34626023236006936
7544.849593942894 0.346251102933353
7547.197412081833 0.34560635356972746
7549.545718641594 0.3462499991905161
7551.895002038684 0.3458694469115383
7554.24282019056 0.3457724665276858
7556.592103596268 0.3452996723935047
7558.94041017326 0.3455115866754905
7561.29018200408 0.34571955379771946
7564.224588403702 0.34648921106749675
7566.575337077206 0.3463028071499286
7568.924132088946 0.3463311293599587
7571.274392354509 0.3461225242591139
7573.623675791323 0.3458684114888859
7575.972959232409 0.3456060267695665
7578.323707927317 0.34568532879608344
7580.6729913769395 0.3464034376341633
7583.023251663862 0.34594849604334865
7585.374488788082 0.34506614511768086
7587.723772250481 0.34630669125119934
7590.662086042278 0.3458923882061668
7593.012834763798 0.3456860799344612
7595.363583489562 0.34553583136192706
7597.714332219567 0.34526390613355773
7600.064592537284 0.3458522360221637
7602.415341275754 0.3459770823326422
7604.7670668515075 0.3455070004144705
7607.119280848014 0.34514965611283405
7609.470518015686 0.3452868931865642
7611.822243604107 0.34574168303648817
7614.1729923636785 0.3454847229676096
7617.112771464521 0.3451759956021639
7619.4644970666195 0.3457687080507202
7621.817199505987 0.34502093404906453
7624.167459866882 0.34628289759591685
7626.520650731175 0.34524500742191827
7628.873353183128 0.34568929879802557
7631.225078806192 0.3454697660888547
7633.577781266515 0.34509109172324665
7635.930483731014 0.34523495015659217
7638.2841630327675 0.34479706380030317
7640.636377089077 0.3449262686747272
7643.577621498401 0.3444626621116236
7645.929347147537 0.3456917626091228
7648.283026466999 0.3455042017241715
7650.636217374074 0.34536560287688
7652.989896701845 0.3453494491889728
7655.343087617221 0.3447448273019746
7657.69627853674 0.34528214069098206
7660.049957876948 0.34552730247813573
7662.404614054388 0.3442863551009783
7664.757804986318 0.34482218570717105
7667.7005146984075 0.34482627445344993
7670.054194056172 0.3446422333902358
7672.408361834607 0.34403695168479814
7674.76252961716 0.3446093779432264
7677.11718582038 0.3448326597817955
7679.471842027712 0.3437613861654688
7681.825032989486 0.345618376249116
7684.18066603814 0.3444507206884756
7686.534833841223 0.343995844685194
7688.8885132318455 0.3452400496334732
7691.243657876231 0.3453797453523583
7694.187832895743 0.3447645860670782
7696.542489132762 0.344126642742037
7698.897633790424 0.34425838905794853
7701.25277845216 0.3442389947849023
7703.608899951096 0.34383068634256336
7705.964044620973 0.3441942798649833
7708.3187008783525 0.3449882328482979
7710.674822389488 0.3441764358550791
7713.030455488117 0.3439488792895071
7715.386088590799 0.3439520701168608
7717.741721697531 0.34413741802994363
7720.686385190779 0.3444461912230747
7723.042506723183 0.3441764003101917
7725.398139843052 0.3449581519333095
7727.754261383529 0.34519002266085164
7730.110871344608 0.34388635215042007
7732.466992893147 0.3437877767061343
7734.82262602913 0.34448671577284035
7737.17972441886 0.3429704828575631
7739.536334396034 0.3435100715177113
7741.89294437722 0.34377306796824203
7744.249065945839 0.3438727032349949
7747.195683161978 0.3436085071164618
7749.552293156184 0.3436495558796873
7751.907926321225 0.3450123691895263
7754.265513156582 0.3448967986652409
7756.62309999593 0.34340818223059577
7758.979221589521 0.34406208882682215
7761.33778527001 0.3435847883164776
7763.694395288144 0.3437566100248667
7766.051982143424 0.34234257325194034
7768.407126919747 0.34473444938029646
7771.355209436712 0.34361702533277305
7773.712796304889 0.34397620281884317
7776.0718484267945 0.3434629487839141
7778.428946886305 0.34336878088765577
7780.784580099997 0.34475895603433343
7783.1441206503605 0.3436931663123461
7785.501707538308 0.34327716234419625
7787.859294430198 0.3436157720192573
7790.217369742621 0.343424251805406
7792.574956642386 0.3437447844926531
7794.9335203792725 0.34352404653235774
7797.8806261185655 0.34316963611228585
7800.239678280883 0.3432384330292018
