source/qso_template.txt
# %ECSV 1.0
# ---
# datatype:
# - {name: wavelength, unit: angstrom, datatype: float32}
# - {name: flux, unit: flm, datatype: float32}
# schema: astropy-2.0
wavelength flux
800.0 5.2877675e-14
802.5 5.4940424e-14
805.0 3.6574954e-14
807.5 3.0089666e-14
810.0 3.8527903e-14
812.5 3.9430637e-14
815.0 3.5150292e-14
817.5 4.8748105e-14
820.0 4.272621e-14
822.5 4.4684217e-14
825.0 4.3062288e-14
827.5 3.189301e-14
830.0 2.4621662e-14
832.5 1.843423e-14
835.0 3.973704e-14
837.5 5.2141566e-14
840.0 4.7316084e-14
842.5 5.497313e-14
845.0 5.674657e-14
847.5 6.111464e-14
850.0 4.92825e-14
852.5 5.759952e-14
855.0 7.47443e-14
857.5 6.545859e-14
860.0 5.8329365e-14
862.5 6.039528e-14
865.0 7.325136e-14
867.5 6.331061e-14
870.0 7.6054926e-14
872.5 8.166213e-14
875.0 8.6185155e-14
877.5 9.319073e-14
880.0 9.678081e-14
882.5 9.122112e-14
885.0 1.0106961e-13
887.5 9.1620023e-14
890.0 9.0286075e-14
892.5 8.858186e-14
895.0 1.0048098e-13
897.5 9.762543e-14
900.0 1.0632284e-13
902.5 1.2332175e-13
905.0 1.2409296e-13
907.5 1.25251e-13
910.0 1.3739862e-13
912.5 1.349888e-13
915.0 1.4821227e-13
917.5 1.5697427e-13
920.0 1.4727336e-13
922.5 1.5637425e-13
925.0 1.6237452e-13
927.5 1.5761084e-13
930.0 1.6238627e-13
932.5 1.8050206e-13
935.0 1.8032654e-13
937.5 1.5303461e-13
940.0 1.8991227e-13
942.5 1.9173797e-13
945.0 1.93805e-13
947.5 1.8650519e-13
950.0 2.0402789e-13
952.5 2.0098318e-13
955.0 1.9335229e-13
957.5 1.9076158e-13
960.0 1.7391627e-13
962.5 1.9204306e-13
965.0 1.7656373e-13
967.5 1.8721792e-13
970.0 1.8871874e-13
972.5 2.0332256e-13
975.0 2.1454442e-13
977.5 2.2422064e-13
980.0 2.1424498e-13
982.5 2.1524945e-13
985.0 2.1304914e-13
987.5 2.1625478e-13
990.0 2.2381432e-13
992.5 2.2114977e-13
995.0 2.183467e-13
997.5 2.140818e-13
1000.0 2.0613636e-13
1002.5 2.1077087e-13
1005.0 2.1873012e-13
1007.5 2.1796729e-13
1010.0 2.2672741e-13
1012.5 2.1108075e-13
1015.0 2.1775008e-13
1017.5 2.1963162e-13
1020.0 2.077423e-13
1022.5 2.2390084e-13
1025.0 2.2575962e-13
1027.5 2.6004676e-13
1030.0 2.6849546e-13
1032.5 2.83259e-13
1035.0 2.9129344e-13
1037.5 2.818524e-13
1040.0 2.6626374e-13
1042.5 2.5752366e-13
1045.0 2.3499337e-13
1047.5 2.2879197e-13
1050.0 2.2653036e-13
1052.5 2.0901987e-13
1055.0 2.0876667e-13
1057.5 2.1228466e-13
1060.0 2.262594e-13
1062.5 2.2552676e-13
1065.0 2.0858796e-13
1067.5 2.127733e-13
1070.0 2.0783676e-13
1072.5 2.0261612e-13
1075.0 2.083252e-13
1077.5 2.1069729e-13
1080.0 2.1433818e-13
1082.5 2.2248098e-13
1085.0 2.2362616e-13
1087.5 2.1825563e-13
1090.0 2.1744141e-13
1092.5 2.1504486e-13
1095.0 2.0577095e-13
1097.5 2.0454917e-13
1100.0 1.955234e-13
1102.5 2.0173441e-13
1105.0 1.9501615e-13
1107.5 2.0480715e-13
1110.0 2.0088788e-13
1112.5 2.0050136e-13
1115.0 2.0316458e-13
1117.5 2.1524281e-13
1120.0 2.1850017e-13
1122.5 2.1864802e-13
1125.0 2.1752165e-13
1127.5 2.1654987e-13
1130.0 2.159397e-13
1132.5 2.1673399e-13
1135.0 2.0697822e-13
1137.5 2.1239283e-13
1140.0 2.0745783e-13
1142.5 2.06507e-13
1145.0 2.0305217e-13
1147.5 1.904832e-13
1150.0 1.8877676e-13
1152.5 1.9598292e-13
1155.0 2.0076044e-13
1157.5 2.1246842e-13
1160.0 2.0838011e-13
1162.5 2.088547e-13
1165.0 2.2087944e-13
1167.5 2.2245853e-13
1170.0 2.2085811e-13
1172.5 2.3312252e-13
1175.0 2.315669e-13
1177.5 2.396164e-13
1180.0 2.3878339e-13
1182.5 2.4872232e-13
1185.0 2.49635e-13
1187.5 2.6158286e-13
1190.0 2.7167377e-13
1192.5 2.8819045e-13
1195.0 2.9365236e-13
1197.5 3.1346987e-13
1200.0 3.2709233e-13
1202.5 3.543137e-13
1205.0 3.8364713e-13
1207.5 4.210562e-13
1210.0 4.724455e-13
1212.5 5.1183537e-13
1215.0 5.4761317e-13
1217.5 5.8536986e-13
1220.0 5.6778237e-13
1222.5 5.355169e-13
1225.0 4.618665e-13
1227.5 4.6010206e-13
1230.0 4.4207254e-13
1232.5 4.5207205e-13
1235.0 4.518676e-13
1237.5 4.5447579e-13
1240.0 4.5077643e-13
1242.5 4.3807568e-13
1245.0 4.0659617e-13
1247.5 3.813415e-13
1250.0 3.5582396e-13
1252.5 3.3541342e-13
1255.0 3.1816135e-13
1257.5 3.0655093e-13
1260.0 3.0278175e-13
1262.5 2.9852607e-13
1265.0 2.9221726e-13
1267.5 2.8585784e-13
1270.0 2.773989e-13
1272.5 2.717197e-13
1275.0 2.5765718e-13
1277.5 2.5082906e-13
1280.0 2.484112e-13
1282.5 2.4325816e-13
1285.0 2.381796e-13
1287.5 2.372207e-13
1290.0 2.3926155e-13
1292.5 2.4047938e-13
1295.0 2.4588217e-13
1297.5 2.4509892e-13
1300.0 2.4678122e-13
1302.5 2.4932218e-13
1305.0 2.5778338e-13
1307.5 2.5579454e-13
1310.0 2.538127e-13
1312.5 2.5028818e-13
1315.0 2.468858e-13
1317.5 2.3735565e-13
1320.0 2.3495466e-13
1322.5 2.304843e-13
1325.0 2.2874777e-13
1327.5 2.2979096e-13
1330.0 2.3577128e-13
1332.5 2.3830303e-13
1335.0 2.4100164e-13
1337.5 2.42422e-13
1340.0 2.4173518e-13
1342.5 2.3736194e-13
1345.0 2.3803943e-13
1347.5 2.3350267e-13
1350.0 2.3150487e-13
1352.5 2.3013533e-13
1355.0 2.2807467e-13
1357.5 2.3148505e-13
1360.0 2.3024603e-13
1362.5 2.287066e-13
1365.0 2.2835631e-13
1367.5 2.310691e-13
1370.0 2.337895e-13
1372.5 2.3650865e-13
1375.0 2.350646e-13
1377.5 2.372129e-13
1380.0 2.418621e-13
1382.5 2.4470419e-13
1385.0 2.5130925e-13
1387.5 2.5502395e-13
1390.0 2.6277456e-13
1392.5 2.6588923e-13
1395.0 2.7103976e-13
1397.5 2.75396e-13
1400.0 2.7544018e-13
1402.5 2.715622e-13
1405.0 2.6887309e-13
1407.5 2.6043997e-13
1410.0 2.511923e-13
1412.5 2.458352e-13
1415.0 2.3921005e-13
1417.5 2.3266689e-13
1420.0 2.2944407e-13
1422.5 2.2386348e-13
1425.0 2.2332484e-13
1427.5 2.2068455e-13
1430.0 2.184522e-13
1432.5 2.1746006e-13
1435.0 2.1531657e-13
1437.5 2.154542e-13
1440.0 2.1205868e-13
1442.5 2.1165442e-13
1445.0 2.0984724e-13
1447.5 2.1042264e-13
1450.0 2.087309e-13
1452.5 2.1027159e-13
1455.0 2.0968463e-13
1457.5 2.0999798e-13
1460.0 2.0954561e-13
1462.5 2.089171e-13
1465.0 2.0975e-13
1467.5 2.0815738e-13
1470.0 2.0833435e-13
1472.5 2.0924122e-13
1475.0 2.0888865e-13
1477.5 2.0727385e-13
1480.0 2.0885607e-13
1482.5 2.1138596e-13
1485.0 2.124222e-13
1487.5 2.133305e-13
1490.0 2.1640441e-13
1492.5 2.1462924e-13
1495.0 2.1660079e-13
1497.5 2.207907e-13
1500.0 2.2198617e-13
1502.5 2.2143211e-13
1505.0 2.2438959e-13
1507.5 2.2645874e-13
1510.0 2.2729571e-13
1512.5 2.3226256e-13
1515.0 2.3399848e-13
1517.5 2.4114779e-13
1520.0 2.4279014e-13
1522.5 2.5190375e-13
1525.0 2.5633884e-13
1527.5 2.6519588e-13
1530.0 2.7297563e-13
1532.5 2.818196e-13
1535.0 2.9025965e-13
1537.5 3.0632216e-13
1540.0 3.2408023e-13
1542.5 3.4082372e-13
1545.0 3.4762422e-13
1547.5 3.5664847e-13
1550.0 3.5194783e-13
1552.5 3.3608728e-13
1555.0 3.1987485e-13
1557.5 3.0060413e-13
1560.0 2.8188522e-13
1562.5 2.6682568e-13
1565.0 2.5692268e-13
1567.5 2.4698285e-13
1570.0 2.4071606e-13
1572.5 2.341301e-13
1575.0 2.2968856e-13
1577.5 2.2468096e-13
1580.0 2.2246828e-13
1582.5 2.1881803e-13
1585.0 2.1783427e-13
1587.5 2.1647239e-13
1590.0 2.1549818e-13
1592.5 2.1397935e-13
1595.0 2.118125e-13
1597.5 2.120033e-13
1600.0 2.1114565e-13
1602.5 2.117711e-13
1605.0 2.1219144e-13
1607.5 2.1029978e-13
1610.0 2.1005146e-13
1612.5 2.1079494e-13
1615.0 2.1033994e-13
1617.5 2.1037089e-13
1620.0 2.1071396e-13
1622.5 2.1165535e-13
1625.0 2.118018e-13
1627.5 2.1122261e-13
1630.0 2.1125832e-13
1632.5 2.1221615e-13
1635.0 2.1145744e-13
1637.5 2.1104411e-13
1640.0 2.1134093e-13
1642.5 2.0701958e-13
1645.0 2.0321945e-13
1647.5 2.0103349e-13
1650.0 2.0152056e-13
1652.5 2.0022375e-13
1655.0 2.0080452e-13
1657.5 1.9934984e-13
1660.0 2.008645e-13
1662.5 2.0323912e-13
1665.0 1.9980736e-13
1667.5 1.9989118e-13
1670.0 1.9826716e-13
1672.5 1.9502982e-13
1675.0 1.9306717e-13
1677.5 1.9129765e-13
1680.0 1.8719492e-13
1682.5 1.8629727e-13
1685.0 1.844334e-13
1687.5 1.834837e-13
1690.0 1.837006e-13
1692.5 1.8333669e-13
1695.0 1.8223931e-13
1697.5 1.8214049e-13
1700.0 1.8142717e-13
1702.5 1.8388504e-13
1705.0 1.8200575e-13
1707.5 1.8443016e-13
1710.0 1.8330931e-13
1712.5 1.8550409e-13
1715.0 1.832027e-13
1717.5 1.8493791e-13
1720.0 1.8382851e-13
1722.5 1.8454036e-13
1725.0 1.8343817e-13
1727.5 1.844075e-13
1730.0 1.8405472e-13
1732.5 1.8268607e-13
1735.0 1.8182118e-13
1737.5 1.815212e-13
1740.0 1.814993e-13
1742.5 1.8305348e-13
1745.0 1.8248199e-13
1747.5 1.8333428e-13
1750.0 1.8281088e-13
1752.5 1.8314676e-13
1755.0 1.7919088e-13
1757.5 1.7833083e-13
1760.0 1.7786075e-13
1762.5 1.7694528e-13
1765.0 1.7634173e-13
1767.5 1.7484449e-13
1770.0 1.7403396e-13
1772.5 1.740026e-13
1775.0 1.7464418e-13
1777.5 1.7419799e-13
1780.0 1.7211128e-13
1782.5 1.72963e-13
1785.0 1.7299604e-13
1787.5 1.7473317e-13
1790.0 1.7334132e-13
1792.5 1.7282328e-13
1795.0 1.7307279e-13
1797.5 1.7031006e-13
1800.0 1.6827474e-13
1802.5 1.6948296e-13
1805.0 1.6908557e-13
1807.5 1.681665e-13
1810.0 1.6714451e-13
1812.5 1.6845332e-13
1815.0 1.6949225e-13
1817.5 1.6859726e-13
1820.0 1.6800522e-13
1822.5 1.6734833e-13
1825.0 1.6771953e-13
1827.5 1.6737039e-13
1830.0 1.6582547e-13
1832.5 1.6595697e-13
1835.0 1.6858541e-13
1837.5 1.6756124e-13
1840.0 1.7004174e-13
1842.5 1.7143496e-13
1845.0 1.728677e-13
1847.5 1.7535164e-13
1850.0 1.7718283e-13
1852.5 1.7810504e-13
1855.0 1.795091e-13
1857.5 1.8057699e-13
1860.0 1.8168628e-13
1862.5 1.8116162e-13
1865.0 1.8050127e-13
1867.5 1.8078726e-13
1870.0 1.797521e-13
1872.5 1.7974419e-13
1875.0 1.8136183e-13
1877.5 1.8096958e-13
1880.0 1.846194e-13
1882.5 1.875249e-13
1885.0 1.9231947e-13
1887.5 1.9589298e-13
1890.0 2.0113242e-13
1892.5 2.0444138e-13
1895.0 2.072452e-13
1897.5 2.1041063e-13
1900.0 2.1217747e-13
1902.5 2.1376989e-13
1905.0 2.1951829e-13
1907.5 2.2149776e-13
1910.0 2.1829825e-13
1912.5 2.1338672e-13
1915.0 2.0729207e-13
1917.5 2.0130253e-13
1920.0 1.9246524e-13
1922.5 1.8752405e-13
1925.0 1.8444233e-13
1927.5 1.7810777e-13
1930.0 1.7455408e-13
1932.5 1.7246161e-13
1935.0 1.6822706e-13
1937.5 1.6495709e-13
1940.0 1.6181568e-13
1942.5 1.6029882e-13
1945.0 1.5797327e-13
1947.5 1.5655875e-13
1950.0 1.558696e-13
1952.5 1.5535839e-13
1955.0 1.5470951e-13
1957.5 1.5479005e-13
1960.0 1.5296473e-13
1962.5 1.5021753e-13
1965.0 1.4852472e-13
1967.5 1.4774693e-13
1970.0 1.4703715e-13
1972.5 1.4588608e-13
1975.0 1.4733741e-13
1977.5 1.4602551e-13
1980.0 1.4646644e-13
1982.5 1.4489381e-13
1985.0 1.446395e-13
1987.5 1.4587455e-13
1990.0 1.45718e-13
1992.5 1.466621e-13
1995.0 1.4601428e-13
1997.5 1.4515432e-13
2000.0 1.4568919e-13
2002.5 1.4466904e-13
2005.0 1.439007e-13
2007.5 1.437125e-13
2010.0 1.4351476e-13
2012.5 1.4220692e-13
2015.0 1.4133803e-13
2017.5 1.4081756e-13
2020.0 1.4062784e-13
2022.5 1.4099674e-13
2025.0 1.41231e-13
2027.5 1.3990832e-13
2030.0 1.4088005e-13
2032.5 1.400488e-13
2035.0 1.3850887e-13
2037.5 1.3852591e-13
2040.0 1.4012169e-13
2042.5 1.4027839e-13
2045.0 1.399624e-13
2047.5 1.3971367e-13
2050.0 1.400657e-13
2052.5 1.3886945e-13
2055.0 1.4055528e-13
2057.5 1.4135634e-13
2060.0 1.4270994e-13
2062.5 1.4285575e-13
2065.0 1.4365004e-13
2067.5 1.4274191e-13
2070.0 1.4359862e-13
2072.5 1.43745e-13
2075.0 1.422597e-13
2077.5 1.4107322e-13
2080.0 1.4144638e-13
2082.5 1.4046087e-13
2085.0 1.3948804e-13
2087.5 1.3833136e-13
2090.0 1.3692635e-13
2092.5 1.3728373e-13
2095.0 1.3634248e-13
2097.5 1.360201e-13
2100.0 1.3579835e-13
2102.5 1.3605625e-13
2105.0 1.3600517e-13
2107.5 1.3416694e-13
2110.0 1.3348722e-13
2112.5 1.3308712e-13
2115.0 1.3181117e-13
2117.5 1.3119119e-13
2120.0 1.2769405e-13
2122.5 1.2715152e-13
2125.0 1.253539e-13
2127.5 1.26419e-13
2130.0 1.262398e-13
2132.5 1.2607055e-13
2135.0 1.264043e-13
2137.5 1.2690714e-13
2140.0 1.2623924e-13
2142.5 1.2590841e-13
2145.0 1.2433545e-13
2147.5 1.2395434e-13
2150.0 1.234331e-13
2152.5 1.2223173e-13
2155.0 1.2233968e-13
2157.5 1.2070762e-13
2160.0 1.2063342e-13
2162.5 1.2077126e-13
2165.0 1.2168967e-13
2167.5 1.210176e-13
2170.0 1.2221242e-13
2172.5 1.2257955e-13
2175.0 1.209302e-13
2177.5 1.2208018e-13
2180.0 1.2161353e-13
2182.5 1.2054206e-13
2185.0 1.2032072e-13
2187.5 1.1909523e-13
2190.0 1.1889873e-13
2192.5 1.1775338e-13
2195.0 1.1701618e-13
2197.5 1.1548911e-13
2200.0 1.1538314e-13
2202.5 1.150214e-13
2205.0 1.1502062e-13
2207.5 1.1421247e-13
2210.0 1.1529932e-13
2212.5 1.1556572e-13
2215.0 1.1615904e-13
2217.5 1.1675257e-13
2220.0 1.1636327e-13
2222.5 1.1522692e-13
2225.0 1.1627847e-13
2227.5 1.1592206e-13
2230.0 1.1458652e-13
2232.5 1.1349743e-13
2235.0 1.12686593e-13
2237.5 1.1238955e-13
2240.0 1.13135135e-13
2242.5 1.12040375e-13
2245.0 1.1209772e-13
2247.5 1.1276928e-13
2250.0 1.1348646e-13
2252.5 1.1483716e-13
2255.0 1.1259359e-13
2257.5 1.1387464e-13
2260.0 1.1396895e-13
2262.5 1.1325368e-13
2265.0 1.1422952e-13
2267.5 1.1406033e-13
2270.0 1.1352784e-13
2272.5 1.1387389e-13
2275.0 1.1383338e-13
2277.5 1.1373144e-13
2280.0 1.1416633e-13
2282.5 1.1482707e-13
2285.0 1.15146e-13
2287.5 1.1565889e-13
2290.0 1.1661729e-13
2292.5 1.1656863e-13
2295.0 1.1524389e-13
2297.5 1.1627032e-13
2300.0 1.1709202e-13
2302.5 1.1833844e-13
2305.0 1.1747936e-13
2307.5 1.181598e-13
2310.0 1.1815226e-13
2312.5 1.1754283e-13
2315.0 1.1840576e-13
2317.5 1.1806434e-13
2320.0 1.1839016e-13
2322.5 1.1890995e-13
2325.0 1.1901732e-13
2327.5 1.1911771e-13
2330.0 1.1933293e-13
2332.5 1.1776372e-13
2335.0 1.1776607e-13
2337.5 1.1735637e-13
2340.0 1.1664366e-13
2342.5 1.1534109e-13
2345.0 1.1439268e-13
2347.5 1.1454226e-13
2350.0 1.1414251e-13
2352.5 1.1251598e-13
2355.0 1.1217332e-13
2357.5 1.12914486e-13
2360.0 1.1315799e-13
2362.5 1.1211594e-13
2365.0 1.1177377e-13
2367.5 1.1176614e-13
2370.0 1.1083739e-13
2372.5 1.1096964e-13
2375.0 1.10919696e-13
2377.5 1.1069511e-13
2380.0 1.10131874e-13
2382.5 1.09993395e-13
2385.0 1.1035654e-13
2387.5 1.0899916e-13
2390.0 1.1018824e-13
2392.5 1.10329396e-13
2395.0 1.1038828e-13
2397.5 1.11249985e-13
2400.0 1.1191595e-13
2402.5 1.1183219e-13
2405.0 1.0994075e-13
2407.5 1.11644235e-13
2410.0 1.1283245e-13
2412.5 1.1361562e-13
2415.0 1.144716e-13
2417.5 1.1522894e-13
2420.0 1.164576e-13
2422.5 1.1732699e-13
2425.0 1.1593173e-13
2427.5 1.1376341e-13
2430.0 1.13234536e-13
2432.5 1.137809e-13
2435.0 1.12273614e-13
2437.5 1.1281931e-13
2440.0 1.1271456e-13
2442.5 1.1122677e-13
2445.0 1.1035266e-13
2447.5 1.1081501e-13
2450.0 1.0872115e-13
2452.5 1.0723378e-13
2455.0 1.08382175e-13
2457.5 1.0826111e-13
2460.0 1.07087645e-13
2462.5 1.0899077e-13
2465.0 1.0836624e-13
2467.5 1.0915677e-13
2470.0 1.1004509e-13
2472.5 1.0978562e-13
2475.0 1.0991372e-13
2477.5 1.0995862e-13
2480.0 1.08908244e-13
2482.5 1.09146694e-13
2485.0 1.08723055e-13
2487.5 1.097902e-13
2490.0 1.0796743e-13
2492.5 1.0788591e-13
2495.0 1.08905845e-13
2497.5 1.0685463e-13
2500.0 1.0772847e-13
2502.5 1.07095885e-13
2505.0 1.0665045e-13
2507.5 1.0717257e-13
2510.0 1.0656734e-13
2512.5 1.0583298e-13
2515.0 1.06079845e-13
2517.5 1.05816716e-13
2520.0 1.0493002e-13
2522.5 1.03303345e-13
2525.0 1.03737535e-13
2527.5 1.0343704e-13
2530.0 1.0406037e-13
2532.5 1.0380976e-13
2535.0 1.037332e-13
2537.5 1.0441471e-13
2540.0 1.0347181e-13
2542.5 1.0310958e-13
2545.0 1.027581e-13
2547.5 1.0196688e-13
2550.0 1.01862366e-13
2552.5 1.02113854e-13
2555.0 1.0149396e-13
2557.5 1.0057367e-13
2560.0 1.01068046e-13
2562.5 1.00601066e-13
2565.0 1.0052973e-13
2567.5 9.952463e-14
2570.0 9.9639426e-14
2572.5 9.9069116e-14
2575.0 9.807473e-14
2577.5 9.889307e-14
2580.0 9.842295e-14
2582.5 9.787379e-14
2585.0 9.862177e-14
2587.5 9.724054e-14
2590.0 9.777927e-14
2592.5 9.541112e-14
2595.0 9.5149386e-14
2597.5 9.663515e-14
2600.0 9.651129e-14
2602.5 9.689693e-14
2605.0 9.6905014e-14
2607.5 9.5794256e-14
2610.0 9.6274436e-14
2612.5 9.599895e-14
2615.0 9.559462e-14
2617.5 9.676893e-14
2620.0 9.591191e-14
2622.5 9.586201e-14
2625.0 9.456302e-14
2627.5 9.4385444e-14
2630.0 9.476092e-14
2632.5 9.36626e-14
2635.0 9.3163114e-14
2637.5 9.239524e-14
2640.0 9.192311e-14
2642.5 9.089081e-14
2645.0 8.912819e-14
2647.5 8.843007e-14
2650.0 8.881773e-14
2652.5 8.8979564e-14
2655.0 8.8419784e-14
2657.5 8.790848e-14
2660.0 8.768176e-14
2662.5 8.786949e-14
2665.0 8.9208073e-14
2667.5 8.941362e-14
2670.0 8.9580266e-14
2672.5 9.008723e-14
2675.0 8.945603e-14
2677.5 8.8949484e-14
2680.0 8.781241e-14
2682.5 8.8338855e-14
2685.0 8.837669e-14
2687.5 8.8614934e-14
2690.0 8.843163e-14
2692.5 8.87117e-14
2695.0 8.915128e-14
2697.5 8.904876e-14
2700.0 8.884874e-14
2702.5 8.911155e-14
2705.0 9.005164e-14
2707.5 9.1055805e-14
2710.0 9.1504204e-14
2712.5 9.2234895e-14
2715.0 9.208797e-14
2717.5 9.0702585e-14
2720.0 9.0853886e-14
2722.5 9.198732e-14
2725.0 9.238023e-14
2727.5 9.355982e-14
2730.0 9.308725e-14
