source/qso_template.txt
# %ECSV 1.0
# ---
# datatype:
# - {name: wavelength, unit: angstrom, datatype: float32}
# - {name: flux, unit: flm, datatype: float32}
# schema: astropy-2.0
wavelength flux
[from data line 774]
2735.0 9.3045146e-14
2737.5 9.255891e-14
2740.0 9.296734e-14
2742.5 9.453522e-14
2745.0 9.5643335e-14
2747.5 9.5617084e-14
2750.0 9.719656e-14
2752.5 9.685736e-14
2755.0 9.6117064e-14
2757.5 9.693333e-14
2760.0 9.757743e-14
2762.5 9.653587e-14
2765.0 9.560303e-14
2767.5 9.548889e-14
2770.0 9.734052e-14
2772.5 9.797356e-14
2775.0 9.92017e-14
2777.5 1.0140129e-13
2780.0 1.0504944e-13
2782.5 1.08283235e-13
2785.0 1.11582964e-13
2787.5 1.1594978e-13
2790.0 1.2215366e-13
2792.5 1.2849316e-13
2795.0 1.3265586e-13
2797.5 1.3630415e-13
2800.0 1.3596157e-13
2802.5 1.3364471e-13
2805.0 1.3051306e-13
2807.5 1.2431717e-13
2810.0 1.1803816e-13
2812.5 1.1294374e-13
2815.0 1.0794468e-13
2817.5 1.03465664e-13
2820.0 1.0164651e-13
2822.5 9.9656265e-14
2825.0 9.820684e-14
2827.5 9.6806325e-14
2830.0 9.5449886e-14
2832.5 9.468937e-14
2835.0 9.3274475e-14
2837.5 9.29161e-14
2840.0 9.1768214e-14
2842.5 9.074402e-14
2845.0 9.01569e-14
2847.5 9.006034e-14
2850.0 8.9477064e-14
2852.5 8.916891e-14
2855.0 8.815746e-14
2857.5 8.6956206e-14
2860.0 8.721801e-14
2862.5 8.5524165e-14
2865.0 8.554521e-14
2867.5 8.4941535e-14
2870.0 8.4311186e-14
2872.5 8.462205e-14
2875.0 8.4101874e-14
2877.5 8.319064e-14
2880.0 8.236575e-14
2882.5 8.1472094e-14
2885.0 8.247236e-14
2887.5 8.178793e-14
2890.0 8.0523025e-14
2892.5 7.990476e-14
2895.0 7.989914e-14
2897.5 8.07878e-14
2900.0 7.9745774e-14
2902.5 7.838806e-14
2905.0 7.707107e-14
2907.5 7.8095984e-14
2910.0 7.79257e-14
2912.5 7.783164e-14
2915.0 7.767252e-14
2917.5 7.832147e-14
2920.0 7.8222476e-14
2922.5 7.916249e-14
2925.0 7.9748755e-14
2927.5 7.981831e-14
2930.0 8.014815e-14
2932.5 7.9937054e-14
2935.0 8.018987e-14
2937.5 7.9827766e-14
2940.0 8.0055984e-14
2942.5 7.9445314e-14
2945.0 8.0383976e-14
2947.5 7.9514954e-14
2950.0 7.909752e-14
2952.5 7.909995e-14
2955.0 7.900135e-14
2957.5 7.9403986e-14
2960.0 7.962136e-14
2962.5 7.946853e-14
2965.0 7.845367e-14
2967.5 7.864133e-14
2970.0 7.8680545e-14
2972.5 7.832147e-14
2975.0 7.747883e-14
2977.5 7.722896e-14
2980.0 7.781626e-14
2982.5 7.743886e-14
2985.0 7.6196685e-14
2987.5 7.536763e-14
2990.0 7.535175e-14
2992.5 7.469983e-14
2995.0 7.432203e-14
2997.5 7.330494e-14
3000.0 7.373552e-14
3002.5 7.3116216e-14
3005.0 7.2121644e-14
3007.5 7.1743027e-14
3010.0 7.160121e-14
3012.5 7.1027745e-14
3015.0 7.006159e-14
3017.5 6.943226e-14
3020.0 6.907944e-14
3022.5 6.876856e-14
3025.0 6.8608835e-14
3027.5 6.923358e-14
3030.0 6.900969e-14
3032.5 6.8498484e-14
3035.0 6.810971e-14
3037.5 6.893987e-14
3040.0 6.9076106e-14
3042.5 6.9117373e-14
3045.0 6.924422e-14
3047.5 6.9111614e-14
3050.0 6.914895e-14
3052.5 6.944309e-14
3055.0 6.9034845e-14
3057.5 6.872071e-14
3060.0 6.9013026e-14
3062.5 6.931511e-14
3065.0 6.9999155e-14
3067.5 6.91198e-14
3070.0 6.926034e-14
3072.5 6.913559e-14
3075.0 7.006313e-14
3077.5 6.989732e-14
3080.0 6.9617455e-14
3082.5 6.963948e-14
3085.0 6.92649e-14
3087.5 6.9185854e-14
3090.0 6.862405e-14
3092.5 6.8694155e-14
3095.0 6.915411e-14
3097.5 6.877778e-14
3100.0 6.838982e-14
3102.5 6.9144086e-14
3105.0 6.915381e-14
3107.5 7.0332886e-14
3110.0 7.026867e-14
3112.5 7.0675196e-14
3115.0 7.010838e-14
3117.5 7.1512274e-14
3120.0 7.2134315e-14
3122.5 7.2835143e-14
3125.0 7.2594505e-14
3127.5 7.188637e-14
3130.0 7.25639e-14
3132.5 7.21985e-14
3135.0 7.179392e-14
3137.5 7.050112e-14
3140.0 7.181222e-14
3142.5 7.0480846e-14
3145.0 6.910675e-14
3147.5 6.988013e-14
3150.0 7.0244286e-14
3152.5 7.037769e-14
3155.0 6.953586e-14
3157.5 6.95461e-14
3160.0 6.9519985e-14
3162.5 6.943165e-14
3165.0 7.0133474e-14
3167.5 7.0127166e-14
3170.0 7.122564e-14
3172.5 7.1400093e-14
3175.0 7.090511e-14
3177.5 7.099609e-14
3180.0 7.142768e-14
3182.5 7.192427e-14
3185.0 7.1498776e-14
3187.5 7.1856854e-14
3190.0 7.1988415e-14
3192.5 7.147381e-14
3195.0 7.1224697e-14
3197.5 7.1550296e-14
3200.0 7.16138e-14
3202.5 7.037692e-14
3205.0 7.0550214e-14
3207.5 7.0975825e-14
3210.0 7.098533e-14
3212.5 7.064695e-14
3215.0 7.0465525e-14
3217.5 6.897818e-14
3220.0 6.898439e-14
3222.5 6.775259e-14
3225.0 6.875014e-14
3227.5 6.891127e-14
3230.0 6.90761e-14
3232.5 6.83691e-14
3235.0 6.750696e-14
3237.5 6.7209205e-14
3240.0 6.721586e-14
3242.5 6.793614e-14
3245.0 6.714077e-14
3247.5 6.6991145e-14
3250.0 6.715965e-14
3252.5 6.7400316e-14
3255.0 6.787768e-14
3257.5 6.754419e-14
3260.0 6.730802e-14
3262.5 6.7519714e-14
3265.0 6.6392895e-14
3267.5 6.5884e-14
3270.0 6.617515e-14
3272.5 6.718753e-14
3275.0 6.694291e-14
3277.5 6.7191356e-14
3280.0 6.6864164e-14
3282.5 6.6578606e-14
3285.0 6.644132e-14
3287.5 6.675838e-14
3290.0 6.747777e-14
3292.5 6.634452e-14
3295.0 6.576894e-14
3297.5 6.52707e-14
3300.0 6.484013e-14
3302.5 6.535474e-14
3305.0 6.414788e-14
3307.5 6.382977e-14
3310.0 6.381588e-14
3312.5 6.363229e-14
3315.0 6.323239e-14
3317.5 6.317284e-14
3320.0 6.200846e-14
3322.5 6.247535e-14
3325.0 6.1840385e-14
3327.5 6.230752e-14
3330.0 6.242981e-14
3332.5 6.255758e-14
3335.0 6.266977e-14
3337.5 6.3053654e-14
3340.0 6.312362e-14
3342.5 6.367856e-14
3345.0 6.461229e-14
3347.5 6.3921355e-14
3350.0 6.265615e-14
3352.5 6.230751e-14
3355.0 6.209948e-14
3357.5 6.1756244e-14
3360.0 6.162349e-14
3362.5 6.1819067e-14
3365.0 6.1249386e-14
3367.5 6.124737e-14
3370.0 6.077324e-14
3372.5 6.081689e-14
3375.0 6.1920826e-14
3377.5 6.1653536e-14
3380.0 6.1587095e-14
3382.5 6.098848e-14
3385.0 6.177998e-14
3387.5 6.171354e-14
3390.0 6.121779e-14
3392.5 6.0523926e-14
3395.0 6.1412484e-14
3397.5 6.095568e-14
3400.0 6.098634e-14
3402.5 6.165489e-14
3405.0 6.184473e-14
3407.5 6.212458e-14
3410.0 6.188168e-14
3412.5 6.2546587e-14
3415.0 6.24903e-14
3417.5 6.346706e-14
3420.0 6.395168e-14
3422.5 6.493174e-14
3425.0 6.608642e-14
3427.5 6.472632e-14
3430.0 6.334288e-14
3432.5 6.251886e-14
3435.0 6.139738e-14
3437.5 6.1784724e-14
3440.0 6.186769e-14
3442.5 6.120744e-14
3445.0 6.099424e-14
3447.5 6.0569666e-14
3450.0 5.921105e-14
3452.5 5.904304e-14
3455.0 5.986922e-14
3457.5 5.9778835e-14
3460.0 5.970694e-14
3462.5 5.994577e-14
3465.0 6.044783e-14
3467.5 6.118284e-14
3470.0 5.9827685e-14
3472.5 6.023675e-14
3475.0 5.940758e-14
3477.5 5.755856e-14
3480.0 5.8694016e-14
3482.5 5.93579e-14
3485.0 5.9519745e-14
3487.5 5.930552e-14
3490.0 5.9127636e-14
3492.5 5.940275e-14
3495.0 5.820832e-14
3497.5 5.929302e-14
3500.0 5.954275e-14
3502.5 5.8150065e-14
3505.0 5.8236964e-14
3507.5 5.810271e-14
3510.0 5.73023e-14
3512.5 5.7324324e-14
3515.0 5.7338425e-14
3517.5 5.705607e-14
3520.0 5.6503105e-14
3522.5 5.6222652e-14
3525.0 5.5707846e-14
3527.5 5.570234e-14
3530.0 5.4895927e-14
3532.5 5.494839e-14
3535.0 5.5549535e-14
3537.5 5.521897e-14
3540.0 5.520928e-14
3542.5 5.5001512e-14
3545.0 5.3953356e-14
3547.5 5.367129e-14
3550.0 5.4330838e-14
3552.5 5.471336e-14
3555.0 5.4815104e-14
3557.5 5.4736675e-14
3560.0 5.4985804e-14
3562.5 5.4773585e-14
3565.0 5.410106e-14
3567.5 5.4048698e-14
3570.0 5.4840135e-14
3572.5 5.5215703e-14
3575.0 5.5759986e-14
3577.5 5.511854e-14
3580.0 5.4832075e-14
3582.5 5.4909792e-14
3585.0 5.596521e-14
3587.5 5.4414535e-14
3590.0 5.4370103e-14
3592.5 5.4467254e-14
3595.0 5.4252626e-14
3597.5 5.422214e-14
3600.0 5.356074e-14
3602.5 5.3814443e-14
3605.0 5.4220595e-14
3607.5 5.3996978e-14
3610.0 5.4519306e-14
3612.5 5.3395155e-14
3615.0 5.331291e-14
3617.5 5.4152764e-14
3620.0 5.4363655e-14
3622.5 5.396153e-14
3625.0 5.3430815e-14
3627.5 5.392351e-14
3630.0 5.32785e-14
3632.5 5.2607356e-14
3635.0 5.3766965e-14
3637.5 5.3082776e-14
3640.0 5.2441382e-14
3642.5 5.287547e-14
3645.0 5.297739e-14
3647.5 5.2532553e-14
3650.0 5.264526e-14
3652.5 5.233796e-14
3655.0 5.2670006e-14
3657.5 5.3064713e-14
3660.0 5.2787527e-14
3662.5 5.2652307e-14
3665.0 5.2298667e-14
3667.5 5.194135e-14
3670.0 5.196268e-14
3672.5 5.1714987e-14
3675.0 5.1739747e-14
3677.5 5.16224e-14
3680.0 5.138501e-14
3682.5 5.1668895e-14
3685.0 5.132873e-14
3687.5 5.0422157e-14
3690.0 5.1193655e-14
3692.5 5.170556e-14
3695.0 5.13753e-14
3697.5 5.1763044e-14
3700.0 5.126565e-14
3702.5 5.1551936e-14
3705.0 5.1387378e-14
3707.5 5.0733807e-14
3710.0 5.0627752e-14
3712.5 5.0398914e-14
3715.0 5.053245e-14
3717.5 5.1372707e-14
3720.0 5.1952867e-14
3722.5 5.3507136e-14
3725.0 5.643912e-14
3727.5 5.906016e-14
3730.0 5.824912e-14
3732.5 5.443784e-14
3735.0 5.1114908e-14
3737.5 5.0496953e-14
3740.0 4.996486e-14
3742.5 5.0247407e-14
3745.0 5.0183236e-14
3747.5 4.9209836e-14
3750.0 4.961728e-14
3752.5 5.0042707e-14
3755.0 5.0697507e-14
3757.5 5.0619522e-14
3760.0 4.9305883e-14
3762.5 4.9591136e-14
3765.0 4.8606152e-14
3767.5 4.892087e-14
3770.0 4.915378e-14
3772.5 4.8434936e-14
3775.0 4.8705313e-14
3777.5 4.8180765e-14
3780.0 4.80583e-14
3782.5 4.78373e-14
3785.0 4.746448e-14
3787.5 4.7900154e-14
3790.0 4.71551e-14
3792.5 4.6157553e-14
3795.0 4.5295443e-14
3797.5 4.547144e-14
3800.0 4.60095e-14
3802.5 4.52517e-14
3805.0 4.514005e-14
3807.5 4.5741334e-14
3810.0 4.6493754e-14
3812.5 4.650407e-14
3815.0 4.6217895e-14
3817.5 4.6227945e-14
3820.0 4.5886804e-14
3822.5 4.557581e-14
3825.0 4.5505402e-14
3827.5 4.5425933e-14
3830.0 4.5048153e-14
3832.5 4.5886306e-14
3835.0 4.6052256e-14
3837.5 4.5296442e-14
3840.0 4.509596e-14
3842.5 4.590263e-14
3845.0 4.5618355e-14
3847.5 4.5719447e-14
3850.0 4.6042854e-14
3852.5 4.6576834e-14
3855.0 4.6386377e-14
3857.5 4.7214467e-14
3860.0 4.7697787e-14
3862.5 4.8614697e-14
3865.0 4.9938867e-14
3867.5 5.2279375e-14
3870.0 5.1638266e-14
3872.5 4.9656304e-14
3875.0 4.7603618e-14
3877.5 4.69696e-14
3880.0 4.5486818e-14
3882.5 4.5488417e-14
3885.0 4.695908e-14
3887.5 4.6667545e-14
3890.0 4.6985792e-14
3892.5 4.6212315e-14
3895.0 4.4992293e-14
3897.5 4.4600008e-14
3900.0 4.4174842e-14
3902.5 4.4981922e-14
3905.0 4.4332173e-14
3907.5 4.3961176e-14
3910.0 4.3916693e-14
3912.5 4.3447068e-14
3915.0 4.359711e-14
3917.5 4.358993e-14
3920.0 4.294066e-14
3922.5 4.2587116e-14
3925.0 4.2158632e-14
3927.5 4.1464438e-14
3930.0 4.1055372e-14
3932.5 4.12339e-14
3935.0 4.081572e-14
3937.5 4.119056e-14
3940.0 4.1778203e-14
3942.5 4.181363e-14
3945.0 4.2491177e-14
3947.5 4.27493e-14
3950.0 4.2598056e-14
3952.5 4.1971302e-14
3955.0 4.2945665e-14
3957.5 4.2857296e-14
3960.0 4.345193e-14
3962.5 4.346682e-14
3965.0 4.3265786e-14
3967.5 4.3386522e-14
3970.0 4.3036575e-14
3972.5 4.276526e-14
3975.0 4.1933813e-14
3977.5 4.2204945e-14
3980.0 4.224055e-14
3982.5 4.1777928e-14
3985.0 4.197057e-14
3987.5 4.167265e-14
3990.0 4.044723e-14
3992.5 4.1209373e-14
3995.0 4.112566e-14
3997.5 4.0336888e-14
4000.0 4.0201156e-14
4002.5 3.9758595e-14
4005.0 4.0190124e-14
4007.5 3.9654054e-14
4010.0 3.940173e-14
4012.5 3.9979484e-14
4015.0 3.983506e-14
4017.5 4.0714922e-14
4020.0 4.0404525e-14
4022.5 3.9618716e-14
4025.0 3.9907906e-14
4027.5 3.9437302e-14
4030.0 3.8843498e-14
4032.5 3.897011e-14
4035.0 3.8934527e-14
4037.5 3.8531966e-14
4040.0 3.8815695e-14
4042.5 3.8305784e-14
4045.0 3.8009082e-14
4047.5 3.8160708e-14
4050.0 3.927828e-14
4052.5 3.8675992e-14
4055.0 3.8267702e-14
4057.5 3.9191693e-14
4060.0 3.9035625e-14
4062.5 3.8958728e-14
4065.0 3.9415404e-14
4067.5 4.0612594e-14
4070.0 4.1109043e-14
4072.5 4.0849163e-14
4075.0 4.0590483e-14
4077.5 4.0335025e-14
4080.0 4.03703e-14
4082.5 4.0748373e-14
4085.0 4.1622345e-14
4087.5 4.1584347e-14
4090.0 4.1702126e-14
4092.5 4.279758e-14
4095.0 4.2997086e-14
4097.5 4.2589826e-14
4100.0 4.4956646e-14
4102.5 4.4655177e-14
4105.0 4.3622393e-14
4107.5 4.2655434e-14
4110.0 4.201077e-14
4112.5 4.206265e-14
4115.0 4.2087966e-14
4117.5 4.0812317e-14
4120.0 4.062374e-14
4122.5 4.01484e-14
4125.0 3.9774316e-14
4127.5 3.9693258e-14
4130.0 3.9380534e-14
4132.5 3.9617323e-14
4135.0 3.895437e-14
4137.5 3.85577e-14
4140.0 3.8171438e-14
4142.5 3.7474777e-14
4145.0 3.7291716e-14
4147.5 3.6230347e-14
4150.0 3.6710133e-14
4152.5 3.7371476e-14
4155.0 3.6613206e-14
4157.5 3.7353184e-14
4160.0 3.7665688e-14
4162.5 3.672844e-14
4165.0 3.7371727e-14
4167.5 3.7052955e-14
4170.0 3.6954065e-14
4172.5 3.736139e-14
4175.0 3.7597594e-14
4177.5 3.6997586e-14
4180.0 3.6711265e-14
4182.5 3.5955566e-14
4185.0 3.6236473e-14
4187.5 3.6718597e-14
4190.0 3.66593e-14
4192.5 3.6332086e-14
4195.0 3.611113e-14
4197.5 3.538643e-14
4200.0 3.480199e-14
4202.5 3.45526e-14
4205.0 3.5503176e-14
4207.5 3.603485e-14
4210.0 3.5336497e-14
4212.5 3.576673e-14
4215.0 3.5633223e-14
4217.5 3.5579663e-14
4220.0 3.5726854e-14
4222.5 3.613072e-14
4225.0 3.5668842e-14
4227.5 3.5123827e-14
4230.0 3.546461e-14
4232.5 3.6334e-14
4235.0 3.6796656e-14
4237.5 3.6627358e-14
4240.0 3.6445717e-14
4242.5 3.70314e-14
4245.0 3.697883e-14
4247.5 3.62719e-14
4250.0 3.6449237e-14
4252.5 3.6240772e-14
4255.0 3.575864e-14
4257.5 3.5406634e-14
4260.0 3.5225478e-14
4262.5 3.6110654e-14
4265.0 3.6449234e-14
4267.5 3.6033103e-14
4270.0 3.6361698e-14
4272.5 3.6113663e-14
4275.0 3.5919577e-14
4277.5 3.681241e-14
4280.0 3.70799e-14
4282.5 3.709114e-14
4285.0 3.634821e-14
4287.5 3.632084e-14
4290.0 3.6988977e-14
4292.5 3.8420015e-14
4295.0 3.8221843e-14
4297.5 3.8917003e-14
4300.0 3.7911806e-14
4302.5 3.7603702e-14
4305.0 3.8597428e-14
4307.5 3.858158e-14
4310.0 3.8938376e-14
4312.5 3.910315e-14
4315.0 3.996456e-14
4317.5 4.081975e-14
4320.0 4.190316e-14
4322.5 4.1200414e-14
4325.0 4.1964946e-14
4327.5 4.2498364e-14
4330.0 4.320598e-14
4332.5 4.57325e-14
4335.0 4.5983843e-14
4337.5 4.6445595e-14
4340.0 4.7217787e-14
4342.5 4.7926144e-14
4345.0 4.7343416e-14
4347.5 4.624033e-14
4350.0 4.462626e-14
4352.5 4.4522796e-14
4355.0 4.401855e-14
4357.5 4.456476e-14
4360.0 4.3922863e-14
4362.5 4.2620702e-14
4365.0 4.242004e-14
4367.5 4.106312e-14
4370.0 4.07143e-14
4372.5 4.0431776e-14
4375.0 3.819717e-14
4377.5 3.735753e-14
4380.0 3.779402e-14
4382.5 3.7441377e-14
4385.0 3.6496973e-14
4387.5 3.6582906e-14
4390.0 3.6096936e-14
4392.5 3.6017044e-14
4395.0 3.6808776e-14
4397.5 3.6444355e-14
4400.0 3.596425e-14
4402.5 3.5586067e-14
4405.0 3.558732e-14
4407.5 3.519339e-14
4410.0 3.5536325e-14
4412.5 3.5256432e-14
4415.0 3.4667744e-14
4417.5 3.5493042e-14
4420.0 3.4907458e-14
4422.5 3.3343428e-14
4425.0 3.4800535e-14
4427.5 3.3887152e-14
4430.0 3.2779484e-14
4432.5 3.3772596e-14
4435.0 3.3649194e-14
4437.5 3.3907393e-14
4440.0 3.3560936e-14
4442.5 3.3666046e-14
4445.0 3.415445e-14
4447.5 3.408372e-14
4450.0 3.3529704e-14
4452.5 3.3400877e-14
4455.0 3.3365773e-14
4457.5 3.4059852e-14
4460.0 3.4465683e-14
4462.5 3.4335375e-14
4465.0 3.467384e-14
4467.5 3.528958e-14
4470.0 3.570944e-14
4472.5 3.4850012e-14
4475.0 3.5139416e-14
4477.5 3.536258e-14
4480.0 3.4926702e-14
4482.5 3.427368e-14
4485.0 3.3908586e-14
4487.5 3.451886e-14
4490.0 3.5285397e-14
4492.5 3.5255656e-14
4495.0 3.531067e-14
4497.5 3.4886458e-14
4500.0 3.5392953e-14
4502.5 3.5304462e-14
4505.0 3.5193775e-14
4507.5 3.4941586e-14
4510.0 3.6168822e-14
4512.5 3.6079738e-14
4515.0 3.694571e-14
4517.5 3.7567056e-14
4520.0 3.670659e-14
4522.5 3.6088855e-14
4525.0 3.573815e-14
4527.5 3.4924022e-14
4530.0 3.4948796e-14
4532.5 3.5192545e-14
4535.0 3.4171623e-14
4537.5 3.4795646e-14
4540.0 3.455708e-14
4542.5 3.490562e-14
4545.0 3.682147e-14
4547.5 3.4631223e-14
4550.0 3.579737e-14
4552.5 3.494266e-14
4555.0 3.509576e-14
4557.5 3.5813962e-14
4560.0 3.608172e-14
4562.5 3.5962674e-14
4565.0 3.5882528e-14
4567.5 3.484236e-14
4570.0 3.3848626e-14
4572.5 3.4062176e-14
4575.0 3.5295084e-14
4577.5 3.5316253e-14
4580.0 3.6186616e-14
4582.5 3.556045e-14
4585.0 3.4797862e-14
4587.5 3.4762422e-14
4590.0 3.418807e-14
4592.5 3.5091298e-14
4595.0 3.466082e-14
4597.5 3.4479767e-14
4600.0 3.3724427e-14
4602.5 3.3417317e-14
4605.0 3.2944662e-14
4607.5 3.4123112e-14
4610.0 3.3047407e-14
4612.5 3.3577596e-14
4615.0 3.3887965e-14
4617.5 3.448529e-14
4620.0 3.474876e-14
4622.5 3.4845116e-14
4625.0 3.480443e-14
4627.5 3.4048637e-14
4630.0 3.4345404e-14
4632.5 3.3813186e-14
4635.0 3.4775097e-14
4637.5 3.3305014e-14
4640.0 3.3928847e-14
4642.5 3.3147994e-14
4645.0 3.421428e-14
4647.5 3.354208e-14
4650.0 3.3254148e-14
4652.5 3.356448e-14
4655.0 3.458259e-14
4657.5 3.3759027e-14
4660.0 3.2914582e-14
4662.5 3.3020858e-14
4665.0 3.384788e-14
4667.5 3.2953054e-14
4670.0 3.264695e-14
4672.5 3.254488e-14
4675.0 3.2792227e-14
4677.5 3.30387e-14
4680.0 3.290916e-14
4682.5 3.3297404e-14
