source/qso_template.txt
# %ECSV 1.0
# ---
# datatype:
# - {name: wavelength, unit: angstrom, datatype: float32}
# - {name: flux, unit: flm, datatype: float32}
# schema: astropy-2.0
wavelength flux
[from data line 1555]
4687.5 3.2418556e-14
4690.0 3.13859e-14
4692.5 3.1896022e-14
4695.0 3.1557917e-14
4697.5 3.0803414e-14
4700.0 3.1343475e-14
4702.5 3.066324e-14
4705.0 3.0946603e-14
4707.5 2.979072e-14
4710.0 3.0334073e-14
4712.5 3.0525854e-14
4715.0 3.1104185e-14
4717.5 3.0875533e-14
4720.0 3.1001833e-14
4722.5 3.0313164e-14
4725.0 3.0680885e-14
4727.5 3.1137876e-14
4730.0 2.994834e-14
4732.5 3.0459027e-14
4735.0 3.0489608e-14
4737.5 3.121325e-14
4740.0 3.0793202e-14
4742.5 3.1035755e-14
4745.0 3.0196037e-14
4747.5 2.9555758e-14
4750.0 2.9204988e-14
4752.5 2.866631e-14
4755.0 2.930121e-14
4757.5 3.020791e-14
4760.0 2.94077e-14
4762.5 2.9299154e-14
4765.0 2.935705e-14
4767.5 2.9259804e-14
4770.0 2.987504e-14
4772.5 2.9745358e-14
4775.0 3.030185e-14
4777.5 2.9891176e-14
4780.0 3.088747e-14
4782.5 3.0372e-14
4785.0 3.077319e-14
4787.5 2.9712523e-14
4790.0 3.0547176e-14
4792.5 2.9680177e-14
4795.0 3.1067532e-14
4797.5 3.0911153e-14
4800.0 3.1709976e-14
4802.5 3.240084e-14
4805.0 3.1560065e-14
4807.5 3.223357e-14
4810.0 3.194754e-14
4812.5 3.2541234e-14
4815.0 3.324561e-14
4817.5 3.4340427e-14
4820.0 3.548011e-14
4822.5 3.499449e-14
4825.0 3.5641517e-14
4827.5 3.559045e-14
4830.0 3.8433852e-14
4832.5 3.84765e-14
4835.0 3.8478776e-14
4837.5 3.8830958e-14
4840.0 3.974079e-14
4842.5 4.123064e-14
4845.0 4.265497e-14
4847.5 4.4785688e-14
4850.0 4.4405438e-14
4852.5 4.6725685e-14
4855.0 5.0146556e-14
4857.5 5.2606774e-14
4860.0 5.4750133e-14
4862.5 5.492643e-14
4865.0 5.2813846e-14
4867.5 5.1009845e-14
4870.0 4.9216534e-14
4872.5 4.7194883e-14
4875.0 4.554919e-14
4877.5 4.4156803e-14
4880.0 4.309653e-14
4882.5 4.144141e-14
4885.0 4.1031123e-14
4887.5 3.8446266e-14
4890.0 3.8010004e-14
4892.5 3.73943e-14
4895.0 3.7291225e-14
4897.5 3.6759177e-14
4900.0 3.697988e-14
4902.5 3.5812702e-14
4905.0 3.5651535e-14
4907.5 3.377779e-14
4910.0 3.3235825e-14
4912.5 3.425043e-14
4915.0 3.4439506e-14
4917.5 3.3708062e-14
4920.0 3.2989402e-14
4922.5 3.379181e-14
4925.0 3.2564036e-14
4927.5 3.2082735e-14
4930.0 3.1944174e-14
4932.5 3.2243197e-14
4935.0 3.0931383e-14
4937.5 3.1276373e-14
4940.0 3.0707645e-14
4942.5 3.0884553e-14
4945.0 3.164501e-14
4947.5 3.1377085e-14
4950.0 3.1296712e-14
4952.5 3.4272627e-14
4955.0 3.7274196e-14
4957.5 4.0974307e-14
4960.0 4.1192e-14
4962.5 3.8127457e-14
4965.0 3.378847e-14
4967.5 3.2073926e-14
4970.0 2.982581e-14
4972.5 3.0075863e-14
4975.0 2.9288217e-14
4977.5 2.8296432e-14
4980.0 2.887847e-14
4982.5 2.9460182e-14
4985.0 2.7946978e-14
4987.5 2.895975e-14
4990.0 2.994413e-14
4992.5 3.2059845e-14
4995.0 3.3000993e-14
4997.5 3.4876656e-14
5000.0 4.0442876e-14
5002.5 4.7003752e-14
5005.0 5.743697e-14
5007.5 6.276411e-14
5010.0 5.788774e-14
5012.5 4.463724e-14
5015.0 3.7946788e-14
5017.5 3.364092e-14
5020.0 3.1891468e-14
5022.5 2.9560237e-14
5025.0 2.9746794e-14
5027.5 2.973837e-14
5030.0 2.8857677e-14
5032.5 2.8202142e-14
5035.0 2.8132004e-14
5037.5 2.8065549e-14
5040.0 2.7655107e-14
5042.5 2.6741926e-14
5045.0 2.762955e-14
5047.5 2.7667557e-14
5050.0 2.7307334e-14
5052.5 2.7251567e-14
5055.0 2.7343816e-14
5057.5 2.746206e-14
5060.0 2.7298102e-14
5062.5 2.708327e-14
5065.0 2.6802952e-14
5067.5 2.6695046e-14
5070.0 2.6578474e-14
5072.5 2.5977794e-14
5075.0 2.6666576e-14
5077.5 2.5503176e-14
5080.0 2.5401065e-14
5082.5 2.5173289e-14
5085.0 2.472238e-14
5087.5 2.547273e-14
5090.0 2.5938748e-14
5092.5 2.6251213e-14
5095.0 2.574355e-14
5097.5 2.5265605e-14
5100.0 2.6177704e-14
5102.5 2.528709e-14
5105.0 2.476737e-14
5107.5 2.5493266e-14
5110.0 2.4999983e-14
5112.5 2.518689e-14
5115.0 2.4622475e-14
5117.5 2.5278648e-14
5120.0 2.5788811e-14
5122.5 2.4645735e-14
5125.0 2.512866e-14
5127.5 2.5202217e-14
5130.0 2.4226608e-14
5132.5 2.5182411e-14
5135.0 2.4897424e-14
5137.5 2.52635e-14
5140.0 2.4686465e-14
5142.5 2.5405081e-14
5145.0 2.5471666e-14
5147.5 2.6423503e-14
5150.0 2.5734447e-14
5152.5 2.548459e-14
5155.0 2.691921e-14
5157.5 2.711743e-14
5160.0 2.7538391e-14
5162.5 2.6706717e-14
5165.0 2.7240735e-14
5167.5 2.5446118e-14
5170.0 2.6204796e-14
5172.5 2.6529785e-14
5175.0 2.7163201e-14
5177.5 2.8293575e-14
5180.0 2.5871339e-14
5182.5 2.594171e-14
5185.0 2.534457e-14
5187.5 2.5651566e-14
5190.0 2.5500042e-14
5192.5 2.5549307e-14
5195.0 2.698218e-14
5197.5 2.758996e-14
5200.0 2.6334934e-14
5202.5 2.5845277e-14
5205.0 2.494969e-14
5207.5 2.4692432e-14
5210.0 2.5543027e-14
5212.5 2.4235442e-14
5215.0 2.555694e-14
5217.5 2.6260613e-14
5220.0 2.579057e-14
5222.5 2.656202e-14
5225.0 2.5510906e-14
5227.5 2.4810974e-14
5230.0 2.5887992e-14
5232.5 2.5548242e-14
5235.0 2.5768546e-14
5237.5 2.4832067e-14
5240.0 2.57057e-14
5242.5 2.6399955e-14
5245.0 2.4582333e-14
5247.5 2.482318e-14
5250.0 2.5193972e-14
5252.5 2.5558347e-14
5255.0 2.605698e-14
5257.5 2.5677096e-14
5260.0 2.4405643e-14
5262.5 2.6139105e-14
5265.0 2.5388852e-14
5267.5 2.507299e-14
5270.0 2.5553798e-14
5272.5 2.5571593e-14
5275.0 2.5202105e-14
5277.5 2.57479e-14
5280.0 2.5128498e-14
5282.5 2.6302745e-14
5285.0 2.5360046e-14
5287.5 2.5744225e-14
5290.0 2.5117629e-14
5292.5 2.6539106e-14
5295.0 2.619697e-14
5297.5 2.664129e-14
5300.0 2.4990487e-14
5302.5 2.43365e-14
5305.0 2.4328806e-14
5307.5 2.6517669e-14
5310.0 2.703146e-14
5312.5 2.5662667e-14
5315.0 2.4939118e-14
5317.5 2.5709595e-14
5320.0 2.6396421e-14
5322.5 2.5355311e-14
5325.0 2.5611493e-14
5327.5 2.5070517e-14
5330.0 2.4702245e-14
5332.5 2.467893e-14
5335.0 2.4418029e-14
5337.5 2.3641208e-14
5340.0 2.4097042e-14
5342.5 2.4408059e-14
5345.0 2.4986317e-14
5347.5 2.3487368e-14
5350.0 2.3453558e-14
5352.5 2.3424376e-14
5355.0 2.3604479e-14
5357.5 2.4169804e-14
5360.0 2.4062197e-14
5362.5 2.2329691e-14
5365.0 2.3529542e-14
5367.5 2.4726667e-14
5370.0 2.2242628e-14
5372.5 2.2117453e-14
5375.0 2.2889048e-14
5377.5 2.3144438e-14
5380.0 2.3343398e-14
5382.5 2.4055327e-14
5385.0 2.33078e-14
5387.5 2.29372e-14
5390.0 2.2542525e-14
5392.5 2.2853391e-14
5395.0 2.2708669e-14
5397.5 2.2314639e-14
5400.0 2.2495843e-14
5402.5 2.2380498e-14
5405.0 2.202479e-14
5407.5 2.1748296e-14
5410.0 2.246065e-14
5412.5 2.3119192e-14
5415.0 2.2961088e-14
5417.5 2.2530599e-14
5420.0 2.2814378e-14
5422.5 2.2487151e-14
5425.0 2.2180828e-14
5427.5 2.1851219e-14
5430.0 2.1756753e-14
5432.5 2.1781991e-14
5435.0 2.012411e-14
5437.5 2.281007e-14
5440.0 2.1928655e-14
5442.5 2.3218657e-14
5445.0 2.0626633e-14
5447.5 2.2735811e-14
5450.0 2.2883622e-14
5452.5 2.2612827e-14
5455.0 2.1429581e-14
5457.5 2.1430005e-14
5460.0 2.141321e-14
5462.5 2.2856501e-14
5465.0 2.0067273e-14
5467.5 1.9281846e-14
5470.0 2.1036629e-14
5472.5 2.0148254e-14
5475.0 2.035535e-14
5477.5 2.1768459e-14
5480.0 2.0460757e-14
5482.5 2.1150992e-14
5485.0 2.1712555e-14
5487.5 2.1637065e-14
5490.0 2.1765636e-14
5492.5 2.2086782e-14
5495.0 2.2501869e-14
5497.5 2.072616e-14
5500.0 2.175035e-14
5502.5 2.2345239e-14
5505.0 2.1733451e-14
5507.5 2.117474e-14
5510.0 2.037154e-14
5512.5 2.1369715e-14
5515.0 2.057931e-14
5517.5 2.0843868e-14
5520.0 2.1597002e-14
5522.5 2.1932219e-14
5525.0 2.2259973e-14
5527.5 2.2069039e-14
5530.0 2.1749871e-14
5532.5 2.1983813e-14
5535.0 2.1012851e-14
5537.5 2.266179e-14
5540.0 2.209852e-14
5542.5 2.185237e-14
5545.0 2.2559013e-14
5547.5 2.2284378e-14
5550.0 2.1217933e-14
5552.5 2.1465185e-14
5555.0 2.1655939e-14
5557.5 2.0593777e-14
5560.0 2.0185717e-14
5562.5 2.0172113e-14
5565.0 2.031124e-14
5567.5 2.1242221e-14
5570.0 2.0916357e-14
5572.5 2.1689588e-14
5575.0 2.0469564e-14
5577.5 2.2033013e-14
5580.0 2.2946472e-14
5582.5 2.1124951e-14
5585.0 2.174629e-14
5587.5 2.1333563e-14
5590.0 2.09108e-14
5592.5 2.218658e-14
5595.0 2.3675753e-14
5597.5 2.376592e-14
5600.0 2.339487e-14
5602.5 2.1599423e-14
5605.0 2.219686e-14
5607.5 2.2425167e-14
5610.0 2.1690347e-14
5612.5 2.1231545e-14
5615.0 2.0704916e-14
5617.5 2.0240178e-14
5620.0 2.0700321e-14
5622.5 2.0517086e-14
5625.0 1.9761123e-14
5627.5 2.0546663e-14
5630.0 2.0928582e-14
5632.5 2.1396386e-14
5635.0 2.0101496e-14
5637.5 2.0061145e-14
5640.0 2.056368e-14
5642.5 1.8467412e-14
5645.0 1.8876886e-14
5647.5 1.9482095e-14
5650.0 2.0315074e-14
5652.5 2.0969336e-14
5655.0 1.9312273e-14
5657.5 2.0406733e-14
5660.0 2.027029e-14
5662.5 1.9651383e-14
5665.0 2.0213128e-14
5667.5 1.9924742e-14
5670.0 1.8846403e-14
5672.5 2.2536536e-14
5675.0 2.0589118e-14
5677.5 2.0115228e-14
5680.0 2.055244e-14
5682.5 1.9887805e-14
5685.0 1.9509495e-14
5687.5 1.8607852e-14
5690.0 1.9584311e-14
5692.5 2.0086538e-14
5695.0 1.9036611e-14
5697.5 1.837486e-14
5700.0 1.9612197e-14
5702.5 1.9539849e-14
5705.0 1.8920588e-14
5707.5 2.0936903e-14
5710.0 1.9374925e-14
5712.5 1.931664e-14
5715.0 1.8764804e-14
5717.5 1.8221449e-14
5720.0 1.9232666e-14
5722.5 1.8984932e-14
5725.0 2.0158917e-14
5727.5 1.8559127e-14
5730.0 1.9779012e-14
5732.5 1.8947197e-14
5735.0 1.7251805e-14
5737.5 1.694863e-14
5740.0 1.7364228e-14
5742.5 1.8241307e-14
5745.0 1.851484e-14
5747.5 1.8757758e-14
5750.0 1.9663946e-14
5752.5 1.9339175e-14
5755.0 1.9483894e-14
5757.5 1.9023491e-14
5760.0 1.732652e-14
5762.5 1.8150207e-14
5765.0 1.7833986e-14
5767.5 1.9819009e-14
5770.0 1.9347205e-14
5772.5 1.902249e-14
5775.0 1.8285744e-14
5777.5 1.9615514e-14
5780.0 1.9672369e-14
5782.5 1.8456262e-14
5785.0 1.867556e-14
5787.5 1.8568138e-14
5790.0 1.8662235e-14
5792.5 1.7819813e-14
5795.0 1.8481287e-14
5797.5 1.9315326e-14
5800.0 1.9979334e-14
5802.5 1.806452e-14
5805.0 2.055763e-14
5807.5 2.1034733e-14
5810.0 1.9614178e-14
5812.5 1.8643436e-14
5815.0 1.8393796e-14
5817.5 1.7550882e-14
5820.0 1.771035e-14
5822.5 1.8510816e-14
5825.0 1.8978759e-14
5827.5 1.8244271e-14
5830.0 1.8182441e-14
5832.5 1.7951896e-14
5835.0 1.6827953e-14
5837.5 1.887432e-14
5840.0 2.091916e-14
5842.5 1.9450636e-14
5845.0 1.9947155e-14
5847.5 1.9916912e-14
5850.0 2.0467811e-14
5852.5 1.9021566e-14
5855.0 1.9788914e-14
5857.5 2.126948e-14
5860.0 1.7574638e-14
5862.5 1.9360932e-14
5865.0 1.9823625e-14
5867.5 2.1094819e-14
5870.0 2.1581502e-14
5872.5 2.0847483e-14
5875.0 2.1747388e-14
5877.5 2.105308e-14
5880.0 1.8812336e-14
5882.5 1.8089725e-14
5885.0 2.0766932e-14
5887.5 1.9145401e-14
5890.0 1.8202533e-14
5892.5 2.0218858e-14
5895.0 1.9720377e-14
5897.5 1.7759067e-14
5900.0 1.8080274e-14
5902.5 1.930341e-14
5905.0 1.7970316e-14
5907.5 1.854088e-14
5910.0 1.9541736e-14
5912.5 1.9679022e-14
5915.0 1.9482781e-14
5917.5 1.7904535e-14
5920.0 1.8074479e-14
5922.5 1.7405841e-14
5925.0 1.7102624e-14
5927.5 1.8602746e-14
5930.0 1.859086e-14
5932.5 1.9430997e-14
5935.0 1.9069834e-14
5937.5 1.9459735e-14
5940.0 1.8985722e-14
5942.5 1.8576823e-14
5945.0 1.7565456e-14
5947.5 1.6070519e-14
5950.0 1.8012234e-14
5952.5 1.735809e-14
5955.0 1.7298312e-14
5957.5 1.7654786e-14
5960.0 1.6356586e-14
5962.5 1.6082733e-14
5965.0 1.8088138e-14
5967.5 1.7015155e-14
5970.0 1.7623061e-14
5972.5 1.8183477e-14
5975.0 1.6948294e-14
5977.5 1.6880584e-14
5980.0 1.7870718e-14
5982.5 1.7640833e-14
5985.0 1.4958881e-14
5987.5 1.821205e-14
5990.0 1.8263511e-14
5992.5 1.9600529e-14
5995.0 1.9050328e-14
5997.5 1.786032e-14
6000.0 1.584308e-14
