source/seyfert2_template.txt
# %ECSV 1.0
# ---
# datatype:
# - {name: wavelength, unit: angstrom, datatype: float32}
# - {name: flux, unit: flam, datatype: float32}
# schema: astropy-2.0
wavelength flux
[from data line 770]
5085.0 3.2960654e-14
5090.0 3.3072815e-14
5095.0 3.3073763e-14
5100.0 3.2957683e-14
5105.0 3.3016795e-14
5110.0 3.3366356e-14
5115.0 3.3014552e-14
5120.0 3.3357126e-14
5125.0 3.3729387e-14
5130.0 3.3340938e-14
5135.0 3.34248e-14
5140.0 3.2801158e-14
5145.0 3.2740924e-14
5150.0 3.2528874e-14
5155.0 3.1993454e-14
5160.0 3.2453244e-14
5165.0 3.273036e-14
5170.0 3.1066712e-14
5175.0 3.0278036e-14
5180.0 2.981893e-14
5185.0 2.9635697e-14
5190.0 3.069342e-14
5195.0 3.144862e-14
5200.0 3.2066462e-14
5205.0 3.43203e-14
5210.0 3.296956e-14
5215.0 3.2293294e-14
5220.0 3.223534e-14
5225.0 3.279525e-14
5230.0 3.268468e-14
5235.0 3.259158e-14
5240.0 3.2683095e-14
5245.0 3.3415555e-14
5250.0 3.3936744e-14
5255.0 3.3818163e-14
5260.0 3.3381965e-14
5265.0 3.2832146e-14
5270.0 3.228571e-14
5275.0 3.2683244e-14
5280.0 3.3184264e-14
5285.0 3.3784834e-14
5290.0 3.4596712e-14
5295.0 3.5335877e-14
5300.0 3.473907e-14
5305.0 3.4833183e-14
5310.0 3.5563183e-14
5315.0 3.6177082e-14
5320.0 3.5892296e-14
5325.0 3.4561482e-14
5330.0 3.466805e-14
5335.0 3.4530152e-14
5340.0 3.491934e-14
5345.0 3.5574666e-14
5350.0 3.5463596e-14
5355.0 3.4721988e-14
5360.0 3.615302e-14
5365.0 3.5756988e-14
5370.0 3.5378967e-14
5375.0 3.5052863e-14
5380.0 3.4578335e-14
5385.0 3.4694097e-14
5390.0 3.5250082e-14
5395.0 3.4845194e-14
5400.0 3.3873237e-14
5405.0 3.4028752e-14
5410.0 3.4304628e-14
5415.0 3.5342006e-14
5420.0 3.5054177e-14
5425.0 3.4615333e-14
5430.0 3.4849477e-14
5435.0 3.5057254e-14
5440.0 3.549515e-14
5445.0 3.4912137e-14
5450.0 3.5097464e-14
5455.0 3.4757082e-14
5460.0 3.5038165e-14
5465.0 3.523755e-14
5470.0 3.468389e-14
5475.0 3.501986e-14
5480.0 3.4080804e-14
5485.0 3.4732284e-14
5490.0 3.510509e-14
5495.0 3.5387437e-14
5500.0 3.5281836e-14
5505.0 3.529307e-14
5510.0 3.5657878e-14
5515.0 3.532199e-14
5520.0 3.5932357e-14
5525.0 3.5867715e-14
5530.0 3.496377e-14
5535.0 3.5050477e-14
5540.0 3.5418927e-14
5545.0 3.542997e-14
5550.0 3.580413e-14
5555.0 3.5729676e-14
5560.0 3.420128e-14
5565.0 3.5039937e-14
5570.0 3.7243026e-14
5575.0 3.63029e-14
5580.0 3.648303e-14
5585.0 3.5648012e-14
5590.0 3.465252e-14
5595.0 3.5461024e-14
5600.0 3.586496e-14
5605.0 3.501786e-14
5610.0 3.4987038e-14
5615.0 3.5477074e-14
5620.0 3.437544e-14
5625.0 3.4662645e-14
5630.0 3.5769243e-14
5635.0 3.595667e-14
5640.0 3.513432e-14
5645.0 3.6829633e-14
5650.0 3.653418e-14
5655.0 3.6793742e-14
5660.0 3.57074e-14
5665.0 3.4783655e-14
5670.0 3.5524233e-14
5675.0 3.6785255e-14
5680.0 3.6563875e-14
5685.0 3.6786638e-14
5690.0 3.7189168e-14
5695.0 3.672739e-14
5700.0 3.660774e-14
5705.0 3.6054472e-14
5710.0 3.6333363e-14
5715.0 3.502678e-14
5720.0 3.510216e-14
5725.0 3.6938568e-14
5730.0 3.6691922e-14
5735.0 3.5591305e-14
5740.0 3.5688978e-14
5745.0 3.6409637e-14
5750.0 3.6720135e-14
5755.0 3.7502848e-14
5760.0 3.69677e-14
5765.0 3.6356348e-14
5770.0 3.58674e-14
5775.0 3.6931433e-14
5780.0 3.583977e-14
5785.0 3.592715e-14
5790.0 3.585362e-14
5795.0 3.6846943e-14
5800.0 3.6622134e-14
5805.0 3.6804e-14
5810.0 3.6932974e-14
5815.0 3.847963e-14
5820.0 3.818493e-14
5825.0 3.777817e-14
5830.0 3.796154e-14
5835.0 3.745454e-14
5840.0 3.696056e-14
5845.0 3.60921e-14
5850.0 3.7038884e-14
5855.0 3.690395e-14
5860.0 3.716288e-14
5865.0 3.6906706e-14
5870.0 3.5678325e-14
5875.0 3.830612e-14
5880.0 3.9470834e-14
5885.0 3.6592948e-14
5890.0 3.4790374e-14
5895.0 3.3652002e-14
5900.0 3.342598e-14
5905.0 3.496745e-14
5910.0 3.5523454e-14
5915.0 3.499995e-14
5920.0 3.467117e-14
5925.0 3.4202933e-14
5930.0 3.461982e-14
5935.0 3.4677414e-14
5940.0 3.526433e-14
5945.0 3.5653412e-14
5950.0 3.6609347e-14
5955.0 3.6507635e-14
5960.0 3.6637655e-14
5965.0 3.8322694e-14
5970.0 3.6909786e-14
5975.0 3.621992e-14
5980.0 3.6253508e-14
5985.0 3.613524e-14
5990.0 3.5532504e-14
5995.0 3.6664455e-14
6000.0 3.600376e-14
6005.0 3.7401526e-14
6010.0 3.662687e-14
6015.0 3.6785502e-14
6020.0 3.7661216e-14
6025.0 3.672497e-14
6030.0 3.6382786e-14
6035.0 3.7043116e-14
6040.0 3.7692573e-14
6045.0 3.7452395e-14
6050.0 3.766453e-14
6055.0 3.8189124e-14
6060.0 3.76441e-14
6065.0 3.7398815e-14
6070.0 3.933283e-14
6075.0 3.7891826e-14
6080.0 3.7674538e-14
6085.0 3.9406314e-14
6090.0 3.977641e-14
6095.0 3.8791585e-14
6100.0 3.85461e-14
6105.0 3.8531204e-14
6110.0 3.756021e-14
6115.0 3.8266184e-14
6120.0 3.7595114e-14
6125.0 3.6610953e-14
6130.0 3.8130638e-14
6135.0 3.736467e-14
6140.0 3.780116e-14
6145.0 3.821874e-14
6150.0 3.8393368e-14
6155.0 3.71588e-14
6160.0 3.7156598e-14
6165.0 3.6227084e-14
6170.0 3.595667e-14
6175.0 3.628696e-14
6180.0 3.8100924e-14
6185.0 3.8463658e-14
6190.0 3.7339323e-14
6195.0 3.568851e-14
6200.0 3.4197675e-14
6205.0 3.512622e-14
6210.0 3.77059e-14
6215.0 3.6742876e-14
6220.0 3.562219e-14
6225.0 3.6486713e-14
6230.0 3.6698123e-14
6235.0 3.755955e-14
6240.0 3.766949e-14
6245.0 3.66771e-14
6250.0 3.6333366e-14
6255.0 3.5503254e-14
6260.0 3.420353e-14
6265.0 3.5379594e-14
6270.0 2.9425914e-14
6275.0 2.9011373e-14
6280.0 2.9366402e-14
6285.0 2.9283264e-14
6290.0 3.592928e-14
6295.0 3.6907194e-14
6300.0 3.9042232e-14
6305.0 4.1288086e-14
6310.0 3.968637e-14
6315.0 4.004389e-14
6320.0 3.931159e-14
6325.0 3.7693732e-14
6330.0 3.733547e-14
6335.0 3.0823444e-14
6340.0 2.6817846e-14
6345.0 3.337691e-14
6350.0 3.4985656e-14
6355.0 3.654228e-14
6360.0 3.7062475e-14
6365.0 3.8501097e-14
6370.0 3.8547114e-14
6375.0 3.817378e-14
6380.0 3.679455e-14
6385.0 3.6679034e-14
6390.0 3.757407e-14
6395.0 3.946685e-14
6400.0 3.6791564e-14
6405.0 3.6907357e-14
6410.0 3.7363352e-14
6415.0 3.798155e-14
6420.0 3.775263e-14
6425.0 3.6651336e-14
6430.0 3.6983617e-14
6435.0 3.6575435e-14
6440.0 3.8131472e-14
6445.0 3.767545e-14
6450.0 3.8692645e-14
6455.0 3.777817e-14
6460.0 3.629102e-14
6465.0 3.779162e-14
6470.0 3.7725286e-14
6475.0 3.783811e-14
6480.0 3.6795684e-14
6485.0 3.617875e-14
6490.0 3.5561228e-14
6495.0 3.5035244e-14
6500.0 3.561249e-14
6505.0 3.628106e-14
6510.0 3.6605166e-14
6515.0 3.7461286e-14
6520.0 3.7410725e-14
6525.0 3.7168267e-14
6530.0 3.7687528e-14
6535.0 4.0953894e-14
6540.0 4.9261512e-14
6545.0 6.504334e-14
6550.0 7.828743e-14
6555.0 9.085568e-14
6560.0 1.4693161e-13
6565.0 2.0214062e-13
6570.0 1.4132902e-13
6575.0 8.552717e-14
6580.0 1.08726166e-13
6585.0 1.3558352e-13
6590.0 1.0026694e-13
6595.0 5.1802157e-14
6600.0 3.9166573e-14
6605.0 3.7173572e-14
6610.0 3.64602e-14
6615.0 3.56157e-14
6620.0 3.6332885e-14
6625.0 3.6447316e-14
6630.0 3.594846e-14
6635.0 3.6024003e-14
6640.0 3.612929e-14
6645.0 3.580138e-14
6650.0 3.6034608e-14
6655.0 3.5828203e-14
6660.0 3.5297408e-14
6665.0 3.552634e-14
6670.0 3.616001e-14
6675.0 3.6401085e-14
6680.0 3.6419232e-14
6685.0 3.6395732e-14
6690.0 3.5821118e-14
6695.0 3.5975624e-14
6700.0 3.7091952e-14
6705.0 3.8255345e-14
6710.0 4.4076972e-14
6715.0 5.4978083e-14
6720.0 6.357168e-14
6725.0 5.965203e-14
6730.0 5.7861566e-14
6735.0 5.873385e-14
6740.0 4.8287e-14
6745.0 3.8624137e-14
6750.0 3.56157e-14
6755.0 3.4492557e-14
6760.0 3.3338522e-14
6765.0 3.32386e-14
6770.0 3.4940204e-14
6775.0 3.5568956e-14
6780.0 3.4636702e-14
6785.0 3.5254263e-14
6790.0 3.482928e-14
6795.0 3.555623e-14
6800.0 3.5923843e-14
6805.0 3.5610458e-14
6810.0 3.5734775e-14
6815.0 3.5550298e-14
6820.0 3.5365686e-14
6825.0 3.5236303e-14
6830.0 3.4970216e-14
6835.0 3.514929e-14
6840.0 3.516334e-14
6845.0 3.4407762e-14
6850.0 3.485782e-14
6855.0 3.4555258e-14
6860.0 3.503694e-14
6865.0 3.5419082e-14
6870.0 3.5705048e-14
6875.0 3.5854014e-14
6880.0 3.5580212e-14
6885.0 3.503978e-14
6890.0 3.5485168e-14
6895.0 3.5731556e-14
6900.0 3.578841e-14
6905.0 3.6306407e-14
6910.0 3.6511077e-14
6915.0 3.6017362e-14
6920.0 3.6119928e-14
6925.0 3.672118e-14
6930.0 3.551199e-14
6935.0 3.6410036e-14
6940.0 3.6361298e-14
6945.0 3.5973096e-14
6950.0 3.5532815e-14
6955.0 3.5853143e-14
6960.0 3.6110814e-14
6965.0 3.6860946e-14
6970.0 3.586488e-14
6975.0 3.6031284e-14
6980.0 3.6320363e-14
6985.0 3.631829e-14
6990.0 3.5947828e-14
6995.0 3.5848186e-14
7000.0 3.5788806e-14
7005.0 3.5987553e-14
7010.0 3.46909e-14
7015.0 3.403623e-14
7020.0 3.514759e-14
7025.0 3.590144e-14
7030.0 3.5923602e-14
7035.0 3.6465246e-14
7040.0 3.6030017e-14
7045.0 3.6280823e-14
7050.0 3.6449315e-14
7055.0 3.6136435e-14
7060.0 3.5748355e-14
7065.0 3.6248575e-14
7070.0 3.560561e-14
7075.0 3.546414e-14
7080.0 3.562407e-14
7085.0 3.569e-14
7090.0 3.403346e-14
7095.0 3.394055e-14
7100.0 3.3827e-14
7105.0 3.3632643e-14
7110.0 3.4102665e-14
7115.0 3.4196323e-14
7120.0 3.3459096e-14
7125.0 3.419955e-14
7130.0 3.477663e-14
7135.0 3.582395e-14
7140.0 3.66383e-14
7145.0 3.6386543e-14
7150.0 3.4617007e-14
7155.0 3.4090308e-14
7160.0 3.394517e-14
7165.0 3.3507702e-14
7170.0 3.3577748e-14
7175.0 3.4035102e-14
7180.0 3.429619e-14
7185.0 3.364513e-14
7190.0 3.2748977e-14
7195.0 3.3841863e-14
7200.0 3.305017e-14
7205.0 3.2961813e-14
7210.0 3.271886e-14
7215.0 3.3871004e-14
7220.0 3.3222177e-14
7225.0 3.2909957e-14
7230.0 3.3787433e-14
7235.0 3.4438828e-14
7240.0 3.4070176e-14
7245.0 3.4519005e-14
7250.0 3.434216e-14
7255.0 3.4629397e-14
7260.0 3.460864e-14
7265.0 3.4500363e-14
7270.0 3.435491e-14
7275.0 3.4861342e-14
7280.0 3.448673e-14
7285.0 3.460963e-14
7290.0 3.461358e-14
7295.0 3.4676424e-14
7300.0 3.425841e-14
7305.0 3.4657546e-14
7310.0 3.5438608e-14
7315.0 3.5272847e-14
7320.0 3.6154687e-14
7325.0 3.6644248e-14
7330.0 3.6991738e-14
7335.0 3.6852933e-14
7340.0 3.61162e-14
7345.0 3.5946327e-14
7350.0 3.5547486e-14
7355.0 3.4644305e-14
7360.0 3.516265e-14
7365.0 3.5337117e-14
7370.0 3.5849443e-14
7375.0 3.627708e-14
7380.0 3.6720698e-14
7385.0 3.6398127e-14
7390.0 3.57303e-14
7395.0 3.5427167e-14
7400.0 3.5342473e-14
7405.0 3.532238e-14
7410.0 3.4841907e-14
7415.0 3.4939824e-14
7420.0 3.5215036e-14
7425.0 3.492609e-14
7430.0 3.4868003e-14
7435.0 3.50782e-14
7440.0 3.5564586e-14
7445.0 3.5426235e-14
7450.0 3.5574974e-14
7455.0 3.5498263e-14
7460.0 3.5902708e-14
7465.0 3.537959e-14
7470.0 3.5069336e-14
7475.0 3.5786837e-14
7480.0 3.5213955e-14
7485.0 3.5285865e-14
7490.0 3.6223743e-14
7495.0 3.7106128e-14
7500.0 3.6545494e-14
7505.0 3.473053e-14
7510.0 3.521805e-14
7515.0 3.5792343e-14
7520.0 3.64022e-14
7525.0 3.731612e-14
7530.0 3.7777016e-14
7535.0 3.5885916e-14
7540.0 3.577584e-14
7545.0 3.8501774e-14
7550.0 3.8247956e-14
7555.0 3.681742e-14
7560.0 3.6268718e-14
7565.0 3.6550224e-14
7570.0 3.6287034e-14
7575.0 3.548143e-14
7580.0 3.4280907e-14
7585.0 3.404243e-14
7590.0 3.5088367e-14
7595.0 3.5329592e-14
7600.0 3.4728242e-14
7605.0 3.3956274e-14
7610.0 3.3956795e-14
7615.0 3.458502e-14
7620.0 3.417643e-14
7625.0 3.435129e-14
7630.0 3.504471e-14
7635.0 3.4487943e-14
7640.0 3.4497633e-14
7645.0 3.5321372e-14
7650.0 3.4640883e-14
7655.0 3.44507e-14
7660.0 3.425487e-14
7665.0 3.3905387e-14
7670.0 3.3648455e-14
7675.0 3.3347897e-14
7680.0 3.309352e-14
7685.0 3.368431e-14
7690.0 3.4210668e-14
7695.0 3.414185e-14
7700.0 3.311271e-14
7705.0 3.37993e-14
7710.0 3.3691264e-14
7715.0 3.4462887e-14
7720.0 3.426247e-14
7725.0 3.3315107e-14
7730.0 3.4198054e-14
7735.0 3.3988278e-14
7740.0 3.4302595e-14
7745.0 3.4425367e-14
7750.0 3.5033862e-14
7755.0 3.4855216e-14
7760.0 3.502801e-14
7765.0 3.5674094e-14
7770.0 3.47451e-14
7775.0 3.4442833e-14
7780.0 3.4309002e-14
7785.0 3.4367284e-14
7790.0 3.5144197e-14
7795.0 3.4641716e-14
7800.0 3.402696e-14
7805.0 3.4092778e-14
7810.0 3.4705295e-14
7815.0 3.521813e-14
7820.0 3.5475122e-14
7825.0 3.5710696e-14
7830.0 3.5362734e-14
7835.0 3.5219518e-14
7840.0 3.4233965e-14
7845.0 3.4853383e-14
7850.0 3.4965608e-14
7855.0 3.502555e-14
7860.0 3.4780294e-14
7865.0 3.455131e-14
7870.0 3.4025544e-14
7875.0 3.4627954e-14
7880.0 3.4939204e-14
7885.0 3.4144698e-14
7890.0 3.3820318e-14
7895.0 3.340815e-14
7900.0 3.3832796e-14
7905.0 3.4408366e-14
7910.0 3.3752806e-14
7915.0 3.3842158e-14
7920.0 3.361242e-14
7925.0 3.278618e-14
7930.0 3.3528088e-14
7935.0 3.3586005e-14
7940.0 3.2398417e-14
7945.0 3.2692504e-14
7950.0 3.2850245e-14
7955.0 3.2127926e-14
7960.0 3.3083277e-14
7965.0 3.3647056e-14
7970.0 3.4173432e-14
7975.0 3.3939804e-14
7980.0 3.4470375e-14
7985.0 3.466523e-14
7990.0 3.4511883e-14
7995.0 3.443497e-14
8000.0 3.4195723e-14
8005.0 3.3991486e-14
8010.0 3.4252166e-14
8015.0 3.5728893e-14
8020.0 3.5524857e-14
8025.0 3.521318e-14
8030.0 3.50601e-14
8035.0 3.4798705e-14
8040.0 3.4969908e-14
8045.0 3.4408664e-14
8050.0 3.4500062e-14
8055.0 3.515647e-14
8060.0 3.5287105e-14
8065.0 3.5400417e-14
8070.0 3.4866776e-14
8075.0 3.439598e-14
8080.0 3.507635e-14
8085.0 3.470095e-14
8090.0 3.4597776e-14
8095.0 3.4262022e-14
8100.0 3.380487e-14
8105.0 3.3841934e-14
8110.0 3.4570742e-14
8115.0 3.5390934e-14
8120.0 3.441811e-14
8125.0 3.4246823e-14
8130.0 3.4774487e-14
8135.0 3.4618755e-14
8140.0 3.5034858e-14
8145.0 3.44984e-14
8150.0 3.4651074e-14
8155.0 3.4714368e-14
8160.0 3.488983e-14
8165.0 3.5009864e-14
8170.0 3.464902e-14
8175.0 3.4633812e-14
8180.0 3.50782e-14
8185.0 3.4790144e-14
8190.0 3.373583e-14
8195.0 3.4241937e-14
8200.0 3.409053e-14
8205.0 3.3737607e-14
8210.0 3.3568017e-14
8215.0 3.4249608e-14
8220.0 3.3848253e-14
8225.0 3.4297025e-14
8230.0 3.474632e-14
8235.0 3.5028624e-14
8240.0 3.4312688e-14
8245.0 3.4583725e-14
8250.0 3.517114e-14
8255.0 3.5226172e-14
8260.0 3.4364113e-14
8265.0 3.3943155e-14
8270.0 3.383079e-14
8275.0 3.3426566e-14
8280.0 3.3586076e-14
8285.0 3.413368e-14
8290.0 3.4092178e-14
8295.0 3.358748e-14
8300.0 3.406315e-14
8305.0 3.4354833e-14
8310.0 3.5245366e-14
8315.0 3.458737e-14
8320.0 3.2909527e-14
8325.0 3.1571778e-14
8330.0 3.2324658e-14
8335.0 3.3040295e-14
8340.0 3.324115e-14
8345.0 3.3488278e-14
8350.0 3.3826257e-14
8355.0 3.4114947e-14
8360.0 3.3905756e-14
8365.0 3.4806268e-14
8370.0 3.380643e-14
8375.0 3.3807995e-14
8380.0 3.3370828e-14
8385.0 3.3358516e-14
8390.0 3.340462e-14
8395.0 3.4253443e-14
8400.0 3.4329575e-14
8405.0 3.2764014e-14
8410.0 3.2731938e-14
8415.0 3.404191e-14
8420.0 3.434435e-14
8425.0 3.4340583e-14
8430.0 3.409667e-14
8435.0 3.3731905e-14
8440.0 3.2799863e-14
8445.0 3.189882e-14
8450.0 3.3490263e-14
8455.0 3.401321e-14
8460.0 3.4157674e-14
8465.0 3.361559e-14
8470.0 3.3837774e-14
8475.0 3.362645e-14
8480.0 3.291263e-14
8485.0 3.2532306e-14
8490.0 3.3619656e-14
8495.0 3.3132422e-14
8500.0 3.2438994e-14
8505.0 3.171715e-14
8510.0 3.1758687e-14
8515.0 3.2294785e-14
8520.0 3.1985587e-14
8525.0 3.2825007e-14
8530.0 3.2634116e-14
8535.0 3.2284644e-14
8540.0 3.1085408e-14
8545.0 2.98793e-14
8550.0 2.9046752e-14
8555.0 2.9959125e-14
8560.0 3.1707682e-14
8565.0 3.2923547e-14
8570.0 3.3810587e-14
8575.0 3.3996267e-14
8580.0 3.4171477e-14
8585.0 3.484152e-14
8590.0 3.4089183e-14
8595.0 3.4217133e-14
8600.0 3.423682e-14
8605.0 3.4010223e-14
8610.0 3.4626128e-14
8615.0 3.460302e-14
8620.0 3.51236e-14
8625.0 3.5833705e-14
8630.0 3.558396e-14
8635.0 3.4889677e-14
8640.0 3.527672e-14
8645.0 3.5225322e-14
8650.0 3.45322e-14
8655.0 3.3384533e-14
8660.0 3.264258e-14
8665.0 3.1743766e-14
8670.0 3.1138835e-14
8675.0 3.172349e-14
8680.0 3.2159547e-14
8685.0 3.294524e-14
8690.0 3.3706287e-14
8695.0 3.3981488e-14
8700.0 3.443255e-14
8705.0 3.4808714e-14
8710.0 3.5221378e-14
8715.0 3.4984656e-14
8720.0 3.5091908e-14
8725.0 3.616017e-14
8730.0 3.6925104e-14
8735.0 3.6600504e-14
8740.0 3.4533567e-14
8745.0 3.4617762e-14
8750.0 3.4347366e-14
8755.0 3.3984246e-14
8760.0 3.4352648e-14
8765.0 3.5080584e-14
8770.0 3.463974e-14
8775.0 3.5054943e-14
8780.0 3.573642e-14
8785.0 3.5939933e-14
8790.0 3.7696632e-14
8795.0 3.7955285e-14
8800.0 3.621253e-14
8805.0 3.3604003e-14
8810.0 3.31234e-14
8815.0 3.4015606e-14
8820.0 3.4889216e-14
8825.0 3.5751963e-14
8830.0 3.600827e-14
8835.0 3.6340864e-14
8840.0 3.6333607e-14
8845.0 3.6022424e-14
8850.0 3.758818e-14
8855.0 3.8231496e-14
8860.0 3.5927624e-14
8865.0 3.4566107e-14
8870.0 3.5346587e-14
8875.0 3.48703e-14
8880.0 3.5167354e-14
8885.0 3.5884256e-14
8890.0 3.5183733e-14
8895.0 3.4162702e-14
8900.0 3.4326705e-14
8905.0 3.6127778e-14
8910.0 3.6625833e-14
8915.0 3.533153e-14
8920.0 3.5290743e-14
8925.0 3.5981312e-14
8930.0 3.4431415e-14
8935.0 3.3912682e-14
8940.0 3.4621872e-14
8945.0 3.551846e-14
8950.0 3.5386194e-14
8955.0 3.5555296e-14
8960.0 3.5897344e-14
