source/seyfert2_template.txt
# %ECSV 1.0
# ---
# datatype:
# - {name: wavelength, unit: angstrom, datatype: float32}
# - {name: flux, unit: flam, datatype: float32}
# schema: astropy-2.0
wavelength flux
[from data line 1547]
8970.0 3.5473567e-14
8975.0 3.552962e-14
8980.0 3.5357767e-14
8985.0 3.5236618e-14
8990.0 3.5112108e-14
8995.0 3.58611e-14
9000.0 3.5359394e-14
9005.0 3.500125e-14
9010.0 3.5323e-14
9015.0 3.4955552e-14
9020.0 3.4969677e-14
9025.0 3.4793583e-14
9030.0 3.468267e-14
9035.0 3.4928694e-14
9040.0 3.5781497e-14
9045.0 3.6861027e-14
9050.0 3.6688294e-14
9055.0 3.664256e-14
9060.0 3.8296867e-14
9065.0 4.2362425e-14
9070.0 4.635216e-14
9075.0 4.959996e-14
9080.0 5.2517442e-14
9085.0 5.1017685e-14
9090.0 4.1493403e-14
9095.0 3.6035397e-14
9100.0 3.527842e-14
9105.0 3.5621334e-14
9110.0 3.6053998e-14
9115.0 3.5240023e-14
9120.0 3.561374e-14
9125.0 3.564504e-14
9130.0 3.584126e-14
9135.0 3.6033103e-14
9140.0 3.5640033e-14
9145.0 3.5373763e-14
9150.0 3.5274247e-14
9155.0 3.5200114e-14
9160.0 3.5575838e-14
9165.0 3.544086e-14
9170.0 3.4934295e-14
9175.0 3.3750506e-14
9180.0 3.3522196e-14
9185.0 3.4324147e-14
9190.0 3.4304255e-14
9195.0 3.4130305e-14
9200.0 3.4469467e-14
9205.0 3.5268822e-14
9210.0 3.514582e-14
9215.0 3.4290543e-14
9220.0 3.42715e-14
9225.0 3.4519005e-14
9230.0 3.612207e-14
9235.0 3.559381e-14
9240.0 3.5095228e-14
9245.0 3.4637078e-14
9250.0 3.573101e-14
9255.0 3.4150027e-14
9260.0 3.4063372e-14
9265.0 3.407399e-14
9270.0 3.6575276e-14
9275.0 3.919006e-14
9280.0 3.4975745e-14
9285.0 3.0911014e-14
9290.0 3.2200957e-14
9295.0 3.3183976e-14
9300.0 3.13152e-14
9305.0 3.2539523e-14
9310.0 3.433176e-14
9315.0 3.417133e-14
9320.0 3.467155e-14
9325.0 3.4268717e-14
9330.0 3.533526e-14
9335.0 3.713441e-14
9340.0 3.996877e-14
9345.0 3.590365e-14
9350.0 3.0032437e-14
9355.0 2.8557485e-14
9360.0 3.368498e-14
9365.0 3.3884316e-14
9370.0 3.233871e-14
9375.0 3.2471923e-14
9380.0 3.3991486e-14
9385.0 3.3965825e-14
9390.0 3.384491e-14
9395.0 3.087621e-14
9400.0 3.4245545e-14
9405.0 3.6450118e-14
9410.0 3.3527644e-14
9415.0 3.093906e-14
9420.0 3.0404027e-14
9425.0 3.3233927e-14
9430.0 3.17778e-14
9435.0 2.996794e-14
9440.0 3.2879115e-14
9445.0 3.2951323e-14
9450.0 3.241023e-14
9455.0 2.965249e-14
9460.0 3.1147312e-14
9465.0 3.3924076e-14
9470.0 3.5977203e-14
9475.0 3.3734127e-14
9480.0 3.190968e-14
9485.0 3.3059164e-14
9490.0 3.19291e-14
9495.0 3.222451e-14
9500.0 3.3444774e-14
9505.0 3.37531e-14
9510.0 3.332491e-14
9515.0 3.5889145e-14
9520.0 3.768571e-14
9525.0 4.2925868e-14
9530.0 5.0755092e-14
9535.0 6.2536836e-14
9540.0 7.018648e-14
9545.0 6.878095e-14
9550.0 5.9036557e-14
9555.0 4.2640262e-14
9560.0 3.664441e-14
9565.0 3.6358503e-14
9570.0 3.4449494e-14
9575.0 3.3612863e-14
9580.0 3.2472136e-14
9585.0 3.286908e-14
9590.0 3.3692084e-14
9595.0 3.4437995e-14
9600.0 3.4096373e-14
9605.0 3.4342243e-14
9610.0 3.390144e-14
9615.0 3.44507e-14
9620.0 3.425043e-14
9625.0 3.492057e-14
9630.0 3.4794575e-14
9635.0 3.579501e-14
9640.0 3.4217285e-14
9645.0 3.3711322e-14
9650.0 3.3862897e-14
9655.0 3.2848734e-14
9660.0 3.298868e-14
9665.0 3.5220992e-14
9670.0 3.425322e-14
9675.0 3.2832942e-14
9680.0 3.4950257e-14
9685.0 3.4407834e-14
9690.0 3.2404895e-14
9695.0 3.022297e-14
9700.0 3.2396923e-14
9705.0 3.2894714e-14
9710.0 3.2899265e-14
9715.0 3.267198e-14
9720.0 3.4267284e-14
9725.0 3.4683356e-14
9730.0 3.3471445e-14
9735.0 3.347791e-14
9740.0 3.2503673e-14
9745.0 3.3892658e-14
9750.0 3.2726907e-14
9755.0 3.425886e-14
9760.0 3.3321615e-14
9765.0 3.1751223e-14
9770.0 3.2048935e-14
9775.0 3.2783302e-14
9780.0 3.22665e-14
9785.0 3.3530883e-14
9790.0 3.2099997e-14
9795.0 3.4026733e-14
9800.0 3.3457696e-14
9805.0 3.423231e-14
9810.0 3.502155e-14
9815.0 3.4583952e-14
9820.0 3.4130905e-14
9825.0 3.339509e-14
9830.0 3.4947956e-14
9835.0 3.6772336e-14
