source/seyfert2_template.txt
# %ECSV 1.0
# ---
# datatype:
# - {name: wavelength, unit: angstrom, datatype: float32}
# - {name: flux, unit: flam, datatype: float32}
# schema: astropy-2.0
wavelength flux
1235.0 1.6444459e-14
1240.0 1.8643436e-14
1245.0 1.8239865e-14
1250.0 1.7166664e-14
1255.0 1.1808379e-14
1260.0 1.1937958e-14
1265.0 1.4579258e-14
1270.0 1.813268e-14
1275.0 1.7573365e-14
1280.0 1.6889073e-14
1285.0 1.3755016e-14
1290.0 1.2403575e-14
1295.0 1.1737646e-14
1300.0 1.1917685e-14
1305.0 1.5090488e-14
1310.0 1.529943e-14
1315.0 1.6289558e-14
1320.0 1.5933616e-14
1325.0 1.35443075e-14
1330.0 1.2265628e-14
1335.0 1.1494136e-14
1340.0 1.2556107e-14
1345.0 1.3919002e-14
1350.0 1.566093e-14
1355.0 1.503601e-14
1360.0 1.4768111e-14
1365.0 1.2673115e-14
1370.0 1.0264061e-14
1375.0 1.0712551e-14
1380.0 8.951479e-15
1385.0 9.907348e-15
1390.0 8.170283e-15
1395.0 9.653398e-15
1400.0 1.1740019e-14
1405.0 1.4282126e-14
1410.0 1.1326736e-14
1415.0 1.2396548e-14
1420.0 1.20339224e-14
1425.0 9.071295e-15
1430.0 1.0857227e-14
1435.0 9.776982e-15
1440.0 1.1471744e-14
1445.0 1.6455912e-14
1450.0 1.5033005e-14
1455.0 1.3421321e-14
1460.0 1.4303498e-14
1465.0 1.8139446e-14
1470.0 1.6112994e-14
1475.0 1.7340718e-14
1480.0 1.6231177e-14
1485.0 1.675226e-14
1490.0 1.6105386e-14
1495.0 1.6473558e-14
1500.0 1.508731e-14
1505.0 1.7763008e-14
1510.0 1.425859e-14
1515.0 1.4650246e-14
1520.0 1.035923e-14
1525.0 1.1665597e-14
1530.0 8.434156e-15
1535.0 9.798002e-15
1540.0 1.1062512e-14
1545.0 2.1129823e-14
1550.0 3.053886e-14
1555.0 2.3399133e-14
1560.0 2.2799405e-14
1565.0 1.3618866e-14
1570.0 1.4132964e-14
1575.0 1.251218e-14
1580.0 1.2285602e-14
1585.0 1.2503171e-14
1590.0 9.7904955e-15
1595.0 8.691306e-15
1600.0 1.0941595e-14
1605.0 1.0338867e-14
1610.0 1.01713495e-14
1615.0 9.2036415e-15
1620.0 8.199959e-15
1625.0 1.0435602e-14
1630.0 1.1122751e-14
1635.0 1.8403532e-14
1640.0 2.6509634e-14
1645.0 1.8351877e-14
1650.0 2.0001457e-14
1655.0 1.4366202e-14
1660.0 1.2189293e-14
1665.0 1.1809519e-14
1670.0 1.1015535e-14
1675.0 1.2001171e-14
1680.0 1.44609e-14
1685.0 1.461917e-14
1690.0 1.3835961e-14
1695.0 1.3554662e-14
1700.0 1.2162048e-14
1705.0 1.1551016e-14
1710.0 1.3985608e-14
1715.0 1.3435298e-14
1720.0 1.3706142e-14
1725.0 1.4194237e-14
1730.0 1.5145764e-14
1735.0 1.6444425e-14
1740.0 1.604006e-14
1745.0 1.6221951e-14
1750.0 1.852517e-14
1755.0 1.8170585e-14
1760.0 1.5458929e-14
1765.0 1.465501e-14
1770.0 1.3043742e-14
1775.0 1.204082e-14
1780.0 1.2073836e-14
1785.0 1.1478673e-14
1790.0 1.3126641e-14
1795.0 1.3603773e-14
1800.0 1.4481558e-14
1805.0 1.37159274e-14
1810.0 1.2413902e-14
1815.0 1.36853e-14
1820.0 1.459351e-14
1825.0 1.3297493e-14
1830.0 1.2679934e-14
1835.0 1.3791884e-14
1840.0 1.2427212e-14
1845.0 1.1472022e-14
1850.0 1.0996659e-14
1855.0 1.2506272e-14
1860.0 1.3700364e-14
1865.0 1.399919e-14
1870.0 1.3818533e-14
1875.0 1.449702e-14
1880.0 1.31591955e-14
1885.0 1.3430105e-14
1890.0 1.2311368e-14
1895.0 1.2512289e-14
1900.0 1.3862633e-14
1905.0 1.875109e-14
1910.0 1.7841307e-14
1915.0 1.423888e-14
1920.0 1.3995042e-14
1925.0 1.2449418e-14
1930.0 1.29634174e-14
1935.0 1.4532622e-14
1940.0 1.39052545e-14
1945.0 1.3162779e-14
1950.0 1.1144511e-14
1955.0 1.328611e-14
1960.0 1.39128905e-14
1965.0 9.868199e-15
1970.0 6.1357216e-15
1975.0 1.1665801e-14
1980.0 1.4441226e-14
1985.0 7.7311086e-15
1990.0 6.8747273e-15
1995.0 8.204462e-15
2000.0 7.529981e-15
2005.0 4.4233276e-15
2010.0 7.541449e-15
2015.0 1.3570685e-14
2020.0 1.1275616e-14
2025.0 1.5177728e-14
2030.0 1.0793141e-14
2035.0 1.5232719e-14
2040.0 1.0490307e-14
2045.0 1.13201235e-14
2050.0 8.132194e-15
2055.0 1.0419756e-14
2060.0 1.0100482e-14
2065.0 9.886636e-15
2070.0 1.1741462e-14
2075.0 1.028073e-14
2080.0 1.0910308e-14
2085.0 1.6114973e-14
2090.0 1.0912345e-14
2095.0 5.9959074e-15
2100.0 1.1759989e-14
2105.0 1.2004571e-14
2110.0 9.264352e-15
2115.0 1.38722855e-14
2120.0 9.302309e-15
2125.0 1.467317e-14
2130.0 8.286938e-15
2135.0 5.2788576e-15
2140.0 8.628211e-15
2145.0 1.5159073e-14
2150.0 1.520742e-14
2155.0 9.880927e-15
2160.0 1.2275113e-14
2165.0 1.0703006e-14
2170.0 1.0773699e-14
2175.0 1.4224473e-14
2180.0 1.2428222e-14
2185.0 9.263598e-15
2190.0 1.1225144e-14
2195.0 1.0499756e-14
2200.0 7.632613e-15
2205.0 1.2447313e-14
2210.0 1.1268685e-14
2215.0 1.05553765e-14
2220.0 9.9459735e-15
2225.0 1.1549849e-14
2230.0 1.2939244e-14
2235.0 6.6778765e-15
2240.0 9.943266e-15
2245.0 1.5150988e-14
2250.0 1.5470306e-14
2255.0 1.5375105e-14
2260.0 1.2182576e-14
2265.0 1.084217e-14
2270.0 1.4587583e-14
2275.0 1.1400199e-14
2280.0 9.462721e-15
2285.0 7.0951672e-15
2290.0 9.9570095e-15
2295.0 1.0054673e-14
2300.0 1.179366e-14
2305.0 1.5072572e-14
2310.0 8.1575736e-15
2315.0 1.0983434e-14
2320.0 9.4572796e-15
2325.0 1.2682968e-14
2330.0 1.5076478e-14
2335.0 1.2984302e-14
2340.0 1.2801214e-14
2345.0 6.5070774e-15
2350.0 3.0401694e-15
2355.0 7.178085e-15
2360.0 1.1735791e-14
2365.0 9.7816635e-15
2370.0 1.0401468e-14
2375.0 1.12411276e-14
2380.0 9.631905e-15
2385.0 9.6625165e-15
2390.0 1.0649693e-14
2395.0 1.1394217e-14
2400.0 9.806913e-15
2405.0 1.0979575e-14
2410.0 1.1275418e-14
2415.0 1.244335e-14
2420.0 1.6105849e-14
2425.0 2.0210687e-14
2430.0 1.9526295e-14
2435.0 1.5102191e-14
2440.0 1.441835e-14
2445.0 1.727584e-14
2450.0 1.6559623e-14
2455.0 1.3206903e-14
2460.0 1.15658385e-14
2465.0 1.16371705e-14
2470.0 1.3672444e-14
2475.0 1.3422323e-14
2480.0 1.3781047e-14
2485.0 1.23109615e-14
2490.0 1.2704601e-14
2495.0 1.349704e-14
2500.0 1.25383915e-14
2505.0 1.3686955e-14
2510.0 1.21809445e-14
2515.0 1.2788936e-14
2520.0 1.3053171e-14
2525.0 1.1741205e-14
2530.0 1.15039085e-14
2535.0 1.3426597e-14
2540.0 1.3067826e-14
2545.0 1.1620623e-14
2550.0 1.04480066e-14
2555.0 1.0402153e-14
2560.0 1.2787533e-14
2565.0 1.0501924e-14
2570.0 9.8259905e-15
2575.0 1.1369149e-14
2580.0 1.14876e-14
2585.0 1.2822399e-14
2590.0 1.10133324e-14
2595.0 1.1150899e-14
2600.0 1.1549646e-14
2605.0 1.1266409e-14
2610.0 1.2051878e-14
2615.0 1.2954086e-14
2620.0 1.3219001e-14
2625.0 1.343217e-14
2630.0 1.21820685e-14
2635.0 1.2427295e-14
2640.0 1.3852561e-14
2645.0 1.4664153e-14
2650.0 1.4526591e-14
2655.0 1.3171222e-14
2660.0 1.22073465e-14
2665.0 1.1061492e-14
2670.0 1.3535743e-14
2675.0 1.4299132e-14
2680.0 1.4679198e-14
2685.0 1.3487204e-14
2690.0 1.2355078e-14
2695.0 1.3285555e-14
2700.0 1.26786534e-14
2705.0 1.310032e-14
2710.0 1.3099486e-14
2715.0 1.2645899e-14
2720.0 1.1786593e-14
2725.0 1.2597202e-14
2730.0 1.2950757e-14
2735.0 1.3731929e-14
2740.0 1.4962134e-14
2745.0 1.4168202e-14
2750.0 1.353622e-14
2755.0 1.3386087e-14
2760.0 1.2958351e-14
2765.0 1.2200863e-14
2770.0 1.2580393e-14
2775.0 1.423069e-14
2780.0 1.5008169e-14
2785.0 1.4001804e-14
2790.0 1.3681605e-14
2795.0 1.17280885e-14
2800.0 1.4364562e-14
2805.0 1.3735758e-14
2810.0 1.3112524e-14
2815.0 1.4041955e-14
2820.0 1.3886855e-14
2825.0 1.4114852e-14
2830.0 1.3540114e-14
2835.0 1.2591422e-14
2840.0 1.3547342e-14
2845.0 1.23338805e-14
2850.0 1.299928e-14
2855.0 1.2646342e-14
2860.0 1.2800876e-14
2865.0 1.35857715e-14
2870.0 1.343813e-14
2875.0 1.3311429e-14
2880.0 1.4629414e-14
2885.0 1.3961369e-14
2890.0 1.4111877e-14
2895.0 1.2978315e-14
2900.0 1.4853189e-14
2905.0 1.419782e-14
2910.0 1.2197487e-14
2915.0 1.4915783e-14
2920.0 1.5264228e-14
2925.0 1.5136589e-14
2930.0 1.6434606e-14
2935.0 1.5157109e-14
2940.0 1.436409e-14
2945.0 1.4297467e-14
2950.0 1.5994157e-14
2955.0 1.3914447e-14
2960.0 1.3323273e-14
2965.0 1.4456076e-14
2970.0 1.5912078e-14
2975.0 1.6807644e-14
2980.0 1.4521553e-14
2985.0 1.3957628e-14
2990.0 1.6283909e-14
2995.0 1.640241e-14
3000.0 1.6033122e-14
3005.0 1.471405e-14
3010.0 1.6537708e-14
3015.0 1.7058852e-14
3020.0 1.4832492e-14
3025.0 1.6773646e-14
3030.0 1.687936e-14
3035.0 1.7421748e-14
3040.0 1.9658637e-14
3045.0 1.8081148e-14
3050.0 1.739247e-14
3055.0 1.4501573e-14
3060.0 1.7460278e-14
3065.0 1.9887717e-14
3070.0 1.710375e-14
3075.0 1.9484365e-14
3080.0 1.8773996e-14
3085.0 1.6096513e-14
3090.0 1.5733178e-14
3095.0 1.6446556e-14
3100.0 1.441471e-14
3105.0 1.675421e-14
3110.0 1.7227954e-14
3115.0 1.5238607e-14
3120.0 1.39665204e-14
3125.0 1.7122466e-14
3130.0 1.526748e-14
3135.0 1.3544486e-14
3140.0 1.4991504e-14
3145.0 1.1724457e-14
3150.0 1.2884777e-14
3155.0 1.3978823e-14
3160.0 1.5484377e-14
3165.0 1.6629078e-14
3170.0 1.6443017e-14
3175.0 1.5176027e-14
3180.0 1.3688665e-14
3185.0 1.4091872e-14
3190.0 1.5469525e-14
3195.0 1.7354548e-14
3200.0 1.5670564e-14
3205.0 1.652874e-14
3210.0 1.5978641e-14
3215.0 1.4904255e-14
3220.0 1.556965e-14
3225.0 1.6012468e-14
3230.0 1.6617906e-14
3235.0 1.643623e-14
3240.0 1.6815434e-14
3245.0 1.6109632e-14
3250.0 1.4920497e-14
3255.0 1.4810032e-14
3260.0 1.6827583e-14
3265.0 1.7070321e-14
3270.0 1.60334e-14
3275.0 1.672675e-14
3280.0 1.5783734e-14
3285.0 1.6149938e-14
3290.0 1.6986634e-14
3295.0 1.7154304e-14
3300.0 1.7765035e-14
3305.0 1.7566921e-14
3310.0 1.7194733e-14
3315.0 1.7747451e-14
3320.0 1.7201078e-14
3325.0 1.772311e-14
3330.0 1.7595607e-14
3335.0 1.7307583e-14
3340.0 1.7654786e-14
3345.0 1.8427146e-14
3350.0 1.8197939e-14
3355.0 1.6821563e-14
3360.0 1.6873615e-14
3365.0 1.7710817e-14
3370.0 1.6886996e-14
3375.0 1.7068822e-14
3380.0 1.582121e-14
3385.0 1.618793e-14
3390.0 1.5952102e-14
3395.0 1.599616e-14
3400.0 1.6487634e-14
3405.0 1.6514593e-14
3410.0 1.6425299e-14
3415.0 1.6168746e-14
3420.0 1.6885031e-14
3425.0 1.9344317e-14
3430.0 2.0116645e-14
3435.0 1.831355e-14
3440.0 1.7383916e-14
3445.0 1.785326e-14
3450.0 1.9310364e-14
3455.0 1.8447758e-14
3460.0 1.7297856e-14
3465.0 1.6607472e-14
3470.0 1.648423e-14
3475.0 1.686117e-14
3480.0 1.607906e-14
3485.0 1.6267037e-14
3490.0 1.5784949e-14
3495.0 1.5946954e-14
3500.0 1.5980396e-14
3505.0 1.6567405e-14
3510.0 1.6092166e-14
3515.0 1.6478838e-14
3520.0 1.632042e-14
3525.0 1.6041572e-14
3530.0 1.6191807e-14
3535.0 1.6778877e-14
3540.0 1.6666254e-14
3545.0 1.6349367e-14
3550.0 1.627204e-14
3555.0 1.6457432e-14
3560.0 1.6246761e-14
3565.0 1.6210127e-14
3570.0 1.608941e-14
3575.0 1.6401438e-14
3580.0 1.6365967e-14
3585.0 1.608019e-14
3590.0 1.59118e-14
3595.0 1.6394809e-14
3600.0 1.7173261e-14
3605.0 1.6525984e-14
3610.0 1.663397e-14
3615.0 1.6839301e-14
3620.0 1.686043e-14
3625.0 1.6616848e-14
3630.0 1.6892524e-14
3635.0 1.7436983e-14
3640.0 1.7672434e-14
3645.0 1.7741332e-14
3650.0 1.7998906e-14
3655.0 1.7856557e-14
3660.0 1.7325417e-14
3665.0 1.8133276e-14
3670.0 1.8171264e-14
3675.0 1.8304826e-14
3680.0 1.787951e-14
3685.0 1.6926203e-14
3690.0 1.805742e-14
3695.0 1.9085416e-14
3700.0 1.7725094e-14
3705.0 1.8025332e-14
3710.0 1.8648428e-14
3715.0 2.0783768e-14
3720.0 2.5487501e-14
3725.0 3.8739404e-14
3730.0 4.7037623e-14
3735.0 3.61979e-14
3740.0 2.3379155e-14
3745.0 2.0500062e-14
3750.0 2.2144377e-14
3755.0 2.0411439e-14
3760.0 1.877041e-14
3765.0 1.9187488e-14
3770.0 1.921291e-14
3775.0 2.0561601e-14
3780.0 2.1660836e-14
3785.0 2.1295794e-14
3790.0 2.119465e-14
3795.0 2.0974496e-14
3800.0 2.073303e-14
3805.0 2.035589e-14
3810.0 2.139488e-14
3815.0 2.1715224e-14
3820.0 2.0652013e-14
3825.0 1.9625423e-14
3830.0 1.955088e-14
3835.0 1.9311721e-14
3840.0 1.9071423e-14
3845.0 1.9136783e-14
3850.0 2.11548e-14
3855.0 2.2820643e-14
3860.0 2.3437803e-14
3865.0 2.6992135e-14
3870.0 3.133157e-14
3875.0 2.8868702e-14
3880.0 2.4006728e-14
3885.0 2.1995497e-14
3890.0 2.450101e-14
3895.0 2.4121975e-14
3900.0 2.3127216e-14
3905.0 2.303502e-14
3910.0 2.3726289e-14
3915.0 2.3662292e-14
3920.0 2.3450725e-14
3925.0 2.3410234e-14
3930.0 2.2288393e-14
3935.0 2.1304026e-14
3940.0 2.053169e-14
3945.0 2.1022404e-14
3950.0 2.1834863e-14
3955.0 2.2219097e-14
3960.0 2.2373423e-14
3965.0 2.4198959e-14
3970.0 2.4417063e-14
3975.0 2.2654575e-14
3980.0 2.210721e-14
3985.0 2.4371476e-14
3990.0 2.599697e-14
3995.0 2.747171e-14
4000.0 2.8052793e-14
4005.0 2.827867e-14
4010.0 2.7794768e-14
4015.0 2.873595e-14
4020.0 2.8863125e-14
4025.0 2.9525986e-14
4030.0 2.8522137e-14
4035.0 2.8684693e-14
4040.0 2.8563255e-14
4045.0 2.9045732e-14
4050.0 2.9547e-14
4055.0 2.8861414e-14
4060.0 2.877908e-14
4065.0 2.85588e-14
4070.0 2.9013413e-14
4075.0 2.8587416e-14
4080.0 2.7256353e-14
4085.0 2.7661726e-14
4090.0 2.750648e-14
4095.0 2.7399175e-14
4100.0 2.7614628e-14
4105.0 2.8574043e-14
4110.0 2.7448133e-14
4115.0 2.7082794e-14
4120.0 2.7703122e-14
4125.0 2.824466e-14
4130.0 2.765122e-14
4135.0 2.801155e-14
4140.0 2.8505108e-14
4145.0 2.8835885e-14
4150.0 2.8471075e-14
4155.0 2.8651262e-14
4160.0 2.8197313e-14
4165.0 2.8800072e-14
4170.0 2.8490465e-14
4175.0 2.8363991e-14
4180.0 2.7944832e-14
4185.0 2.7921337e-14
4190.0 2.8362498e-14
4195.0 2.8148872e-14
4200.0 2.8992715e-14
4205.0 2.9178e-14
4210.0 2.958829e-14
4215.0 2.9638103e-14
4220.0 2.967581e-14
4225.0 2.952138e-14
4230.0 2.9468463e-14
4235.0 2.9511007e-14
4240.0 2.984219e-14
4245.0 3.0445918e-14
4250.0 3.065947e-14
4255.0 3.0779273e-14
4260.0 3.0898325e-14
4265.0 3.1433704e-14
4270.0 3.0908303e-14
4275.0 3.0833934e-14
4280.0 2.9689826e-14
4285.0 2.9899382e-14
4290.0 2.906953e-14
4295.0 2.8999464e-14
4300.0 2.8035364e-14
4305.0 2.7197522e-14
4310.0 2.707358e-14
4315.0 2.7724545e-14
4320.0 2.9067104e-14
4325.0 2.8885382e-14
4330.0 2.8619885e-14
4335.0 2.999757e-14
4340.0 3.2547526e-14
4345.0 3.408155e-14
4350.0 3.122785e-14
4355.0 3.0022348e-14
4360.0 3.073355e-14
4365.0 3.3169183e-14
4370.0 3.2055904e-14
4375.0 3.0340534e-14
4380.0 2.9502002e-14
4385.0 2.9552512e-14
4390.0 2.9215247e-14
4395.0 2.906845e-14
4400.0 2.9715918e-14
4405.0 2.9585434e-14
4410.0 2.8596452e-14
4415.0 3.0000467e-14
4420.0 3.0834e-14
4425.0 3.1310868e-14
4430.0 3.1049795e-14
4435.0 3.062253e-14
4440.0 3.0980735e-14
4445.0 3.1256048e-14
4450.0 3.182473e-14
4455.0 3.139645e-14
4460.0 3.1398447e-14
4465.0 3.141521e-14
4470.0 3.1518306e-14
4475.0 3.2678938e-14
4480.0 3.2816215e-14
4485.0 3.1866335e-14
4490.0 3.196235e-14
4495.0 3.132373e-14
4500.0 3.2031486e-14
4505.0 3.3348117e-14
4510.0 3.3896304e-14
4515.0 3.3882758e-14
4520.0 3.344551e-14
4525.0 3.2809296e-14
4530.0 3.2527444e-14
4535.0 3.2355903e-14
4540.0 3.270277e-14
4545.0 3.293844e-14
4550.0 3.2542304e-14
4555.0 3.2379644e-14
4560.0 3.3117874e-14
4565.0 3.4000072e-14
4570.0 3.4446767e-14
4575.0 3.447295e-14
4580.0 3.370688e-14
4585.0 3.4115468e-14
4590.0 3.3979174e-14
4595.0 3.3841267e-14
4600.0 3.3862155e-14
4605.0 3.3061488e-14
4610.0 3.3809625e-14
4615.0 3.4030098e-14
4620.0 3.4357852e-14
4625.0 3.462149e-14
4630.0 3.4369704e-14
4635.0 3.4132107e-14
4640.0 3.3984697e-14
4645.0 3.3210583e-14
4650.0 3.2976656e-14
4655.0 3.3432804e-14
4660.0 3.4500817e-14
4665.0 3.429318e-14
4670.0 3.257691e-14
4675.0 3.3294622e-14
4680.0 3.4325726e-14
4685.0 3.5989058e-14
4690.0 3.7074442e-14
4695.0 3.5686863e-14
4700.0 3.4292732e-14
4705.0 3.3119696e-14
4710.0 3.3786244e-14
4715.0 3.4056413e-14
4720.0 3.395322e-14
4725.0 3.355423e-14
4730.0 3.363863e-14
4735.0 3.359397e-14
4740.0 3.4553815e-14
4745.0 3.500387e-14
4750.0 3.528989e-14
4755.0 3.4316913e-14
4760.0 3.379396e-14
4765.0 3.416248e-14
4770.0 3.3766667e-14
4775.0 3.4458798e-14
4780.0 3.4672996e-14
4785.0 3.470918e-14
4790.0 3.4290994e-14
4795.0 3.3705992e-14
4800.0 3.4103864e-14
4805.0 3.4368718e-14
4810.0 3.468594e-14
4815.0 3.4547672e-14
4820.0 3.5455884e-14
4825.0 3.485981e-14
4830.0 3.4356493e-14
4835.0 3.397917e-14
4840.0 3.3438313e-14
4845.0 3.3045886e-14
4850.0 3.285335e-14
4855.0 3.4850937e-14
4860.0 4.1170565e-14
4865.0 4.988976e-14
4870.0 4.5770276e-14
4875.0 3.6698367e-14
4880.0 3.2437496e-14
4885.0 3.2822198e-14
4890.0 3.4302598e-14
4895.0 3.3391353e-14
4900.0 3.2090484e-14
4905.0 3.2011794e-14
4910.0 3.226154e-14
4915.0 3.2165764e-14
4920.0 3.2377794e-14
4925.0 3.312064e-14
4930.0 3.366206e-14
4935.0 3.382307e-14
4940.0 3.3354413e-14
4945.0 3.3192426e-14
4950.0 3.5340217e-14
4955.0 4.5346597e-14
4960.0 6.4104084e-14
4965.0 6.4606754e-14
4970.0 4.9206485e-14
4975.0 3.9284402e-14
4980.0 3.692965e-14
4985.0 4.022862e-14
4990.0 4.337233e-14
4995.0 3.9288373e-14
5000.0 4.738429e-14
5005.0 8.742548e-14
5010.0 1.3328685e-13
5015.0 1.12298774e-13
5020.0 6.530282e-14
5025.0 4.3128912e-14
5030.0 4.1998414e-14
5035.0 5.9077804e-14
5040.0 6.033987e-14
5045.0 3.9639604e-14
5050.0 3.356853e-14
5055.0 3.312377e-14
5060.0 3.290512e-14
5065.0 3.3980966e-14
5070.0 3.3199863e-14
5075.0 3.3094028e-14
