source/vega_template.txt
# %ECSV 1.0
# ---
# datatype:
# - {name: wavelength, unit: Angstrom, datatype: float64}
# - {name: flux, unit: erg / (Angstrom cm2 s), datatype: float64}
# schema: astropy-2.0
wavelength flux
[from data line 4563]
28993.389100700002 1.3980163381110966e-11
29022.4550071 1.3940491989938852e-11
29051.5500521 1.3892886840949359e-11
29080.6742649 1.3837347066780747e-11
29109.8276748 1.3789741050429518e-11
29139.010311000002 1.3734201276260904e-11
29168.222202799996 1.3678661502092293e-11
29197.463379599998 1.36310563531028e-11
29226.7338707 1.358345033675157e-11
29256.033705499998 1.3535845187762074e-11
29285.362913499997 1.3480305413593463e-11
29314.721524 1.3432699397242231e-11
29344.109566500003 1.3385094248252738e-11
29373.527070599997 1.3329554474084127e-11
29402.9740657 1.3281948457732895e-11
29432.4505815 1.3226408683564284e-11
29461.9566476 1.3178803534574792e-11
29491.4922935 1.3131198385585297e-11
29521.057548899997 1.3075657744054947e-11
29550.652443600004 1.3028052595065455e-11
29580.277007099998 1.298044744607596e-11
29609.9312693 1.2924907671907347e-11
29639.61526 1.2877301655556117e-11
29669.3290088 1.282969650656662e-11
29699.0725458 1.2782090490215392e-11
29728.8459007 1.2726550716046779e-11
29758.6491034 1.2678945567057285e-11
29788.482183800003 1.2631339550706056e-11
29818.345172 1.2583734401716562e-11
29848.2380978 1.253612838536533e-11
29878.1609913 1.2488523236375835e-11
29908.1138825 1.2432983462207222e-11
29938.0968016 1.2385377445855996e-11
29968.109778600003 1.23377722968665e-11
29998.1528436 1.2290166280515269e-11
30028.2260268 1.2242561131525774e-11
30058.3293585 1.2187021357357164e-11
30088.4628687 1.2139415341005934e-11
30118.626587799998 1.2083875566837321e-11
30148.8205461 1.202833579266871e-11
30179.0447739 1.1964862260682717e-11
30209.2993015 1.1901387861334989e-11
30239.584159299997 1.1814111321173382e-11
30269.8993777 1.1710965530653539e-11
30300.2449871 1.1544346208147706e-11
30330.6210181 1.1274581095122027e-11
30361.027500999997 1.0861999667766131e-11
30391.4644665 1.0584300796923074e-11
30421.9319451 1.0766788502425406e-11
30452.4299674 1.1100028014798813e-11
30482.958564 1.1282515720301145e-11
30513.5177655 1.1353923877466254e-11
30544.1076027 1.1377726885641872e-11
30574.7281062 1.1369792260462752e-11
30605.3793068 1.1345990119648873e-11
30636.0612352 1.131425248629414e-11
30666.773922399996 1.1282515720301143e-11
30697.517398999997 1.1242844329129031e-11
30728.291696 1.120317293795692e-11
30759.096844300002 1.1163501546784803e-11
30789.932874699996 1.112383015561269e-11
30820.799818400003 1.1076225006623195e-11
30851.697706199997 1.1036553615451083e-11
30882.626569099997 1.0996882224278972e-11
30913.5864383 1.0957210833106858e-11
30944.577344700003 1.0917539441934743e-11
30975.5993196 1.0869934292945248e-11
31006.6523941 1.0830262901773136e-11
31037.736599300002 1.0790591510601022e-11
31068.851966399998 1.0750920119428908e-11
31099.998526800002 1.0711248728256795e-11
31131.1763116 1.0663643579267303e-11
31162.3853522 1.0623972188095188e-11
31193.625679800003 1.0584300796923074e-11
31224.897326 1.054462940575096e-11
31256.200322 1.0504958014578847e-11
31287.5346993 1.0457352865589353e-11
31318.9004893 1.042561609959636e-11
31350.2977236 1.0385944708424242e-11
31381.7264336 1.034627331725213e-11
31413.186651 1.0306601926080017e-11
31444.678407299998 1.0266930534907902e-11
31476.2017341 1.0227259143735788e-11
31507.756663 1.0187587752563676e-11
31539.3432258 1.0147916361391562e-11
31570.9614542 1.0108245837581187e-11
31602.6113799 1.0068574446409073e-11
31634.2930347 1.003683681305434e-11
31666.0064504 9.997165421882226e-12
31697.7516588 9.95749489807185e-12
31729.528691800002 9.917823506899737e-12
31761.3375813 9.878152115727623e-12
31793.1783593 9.83848072455551e-12
31825.0510577 9.806743958562514e-12
31856.955708499998 9.7670725673904e-12
31888.8923438 9.727401176218287e-12
31920.8609956 9.687729785046173e-12
31952.861696 9.655993019053177e-12
31984.894477100002 9.616321627881064e-12
32016.9593711 9.57665023670895e-12
32049.0564103 9.544913470715954e-12
32081.185626699997 9.505242079543841e-12
32113.347052700003 9.465570688371727e-12
32145.5407206 9.433833055016994e-12
32177.7666627 9.394162531206618e-12
32210.024911300003 9.362424897851884e-12
32242.315498900003 9.32275350667977e-12
32274.6384578 9.291016740686775e-12
32306.9938205 9.251345349514661e-12
32339.3816195 9.219608583521666e-12
32371.801887299996 9.179937192349552e-12
32404.2546564 9.148200426356556e-12
32436.739959500002 9.108529035184443e-12
32469.2578292 9.068857644012329e-12
32501.808298 9.037120878019334e-12
32534.3913988 8.99744948684722e-12
32567.0071641 8.965711853492486e-12
32599.6556268 8.92604132968211e-12
32632.3368196 8.894303696327377e-12
32665.050775300002 8.854632305155263e-12
32697.797526899998 8.81496091398315e-12
32730.577106999997 8.775290390172774e-12
32763.3895488 8.727684373821543e-12
32796.234885 8.672144599652931e-12
32829.113148699995 8.592801817308704e-12
32862.024373 8.489656894150599e-12
32894.968590799996 8.330971329462145e-12
32927.9458351 8.069140841615585e-12
32960.956139300004 7.807310353769026e-12
32993.9995362 7.861263723318856e-12
33027.0760593 8.100877607608581e-12
33060.1857416 8.243694789300537e-12
33093.3286163 8.299234563469149e-12
33126.5047169 8.315102946465647e-12
33159.7140765 8.307168321286529e-12
33192.9567286 8.283366180472651e-12
33226.2327064 8.267497797476153e-12
33259.5420435 8.243694789300537e-12
33292.8847732 8.211958023307542e-12
33326.260929 8.180220389952808e-12
33359.6705445 8.15641824913893e-12
33393.1136531 8.124680615784197e-12
33426.5902885 8.092943849791201e-12
33460.1004843 8.061207083798205e-12
33493.644274 8.03740407562259e-12
33527.2216915 8.005667309629594e-12
33560.832770400004 7.97392967627486e-12
33594.477544400004 7.942192910281864e-12
33628.1560473 7.913629820888168e-12
33661.868313 7.883479459513953e-12
33695.6143752 7.851742693520958e-12
33729.394268000004 7.817625019557184e-12
33763.2080251 7.788268294173228e-12
33797.055680499994 7.759705204779532e-12
33830.9372683 7.731141248024098e-12
33864.8528223 7.704165430610921e-12
33898.8023768 7.675601473855487e-12
33932.7859657 7.64703838446179e-12
33966.8036233 7.617681659077835e-12
34000.855383500006 7.58832493369388e-12
34034.9412807 7.558968208309924e-12
34069.061349100004 7.52881784693571e-12
34103.215622799995 7.501048393532272e-12
34137.4041363 7.473278072767098e-12
34171.6269237 7.444714983373402e-12
34205.884019599995 7.416944662608227e-12
34240.1754582 7.388381573214531e-12
34274.501274099995 7.359818483820835e-12
34308.8615016 7.3312545270654e-12
34343.2561753 7.303485073661964e-12
34377.6853297 7.276508388887049e-12
34412.1489993 7.248738501802743e-12
34446.6472188 7.220968614718436e-12
34481.1800229 7.193198727634131e-12
34515.7474461 7.166222476540084e-12
34550.3495231 7.1384525894557785e-12
34584.9862889 7.111475904680864e-12
34619.657778 7.083706017596558e-12
34654.364025300005 7.056729766502512e-12
34689.1050656 7.029753081727596e-12
34723.8809339 7.00277683063355e-12
34758.6916651 6.976593781848894e-12
34793.537293999994 6.949617097073979e-12
34828.4178558 6.922640412299063e-12
34863.3333853 6.896457363514407e-12
34898.2839177 6.870274314729752e-12
34933.269488 6.844091265945097e-12
34968.2901315 6.817115014851049e-12
35003.3458831 6.790931966066394e-12
35038.4367782 6.764748917281738e-12
35073.562852 6.739359070806472e-12
35108.7241396 6.7139696580120756e-12
35143.9206765 6.68778660922742e-12
35179.152497999996 6.661603560442764e-12
35214.4196395 6.636213713967498e-12
35249.7221362 6.610824301173102e-12
35285.060023800004 6.585434454697836e-12
35320.4333376 6.56083824421283e-12
35355.8421133 6.535448831418433e-12
35391.2863862 6.510058984943168e-12
35426.766192099996 6.4846695721487705e-12
35462.2815666 6.459279725673506e-12
35497.8325452 6.4346835151885e-12
35533.4191638 6.410880940693753e-12
35569.0414579 6.386284730208747e-12
35604.6994635 6.362482155714e-12
35640.3932162 6.3370923092387335e-12
35676.122752 6.311702896444338e-12
35711.8881067 6.286313049969072e-12
35747.6893162 6.261716839484066e-12
35783.5264164 6.23870746729871e-12
35819.3994434 6.215698095113353e-12
35855.3084332 6.193482358918256e-12
35891.2534217 6.169679350742641e-12
35927.234445099995 6.145876776247894e-12
35963.2515396 6.121280565762888e-12
35999.3047412 6.095890719287622e-12
36035.3940862 6.070501306493226e-12
36071.5196108 6.0459050960082195e-12
36107.681351299994 6.0236889261322535e-12
36143.879344 6.0030600282368055e-12
36180.1136252 5.9816374943511e-12
36216.3842313 5.960214960465392e-12
36252.6911988 5.937205588280037e-12
36289.034564 5.91419621609468e-12
36325.4143635 5.890393641599934e-12
36361.8306338 5.8657974311149275e-12
36398.2834114 5.8396143823302715e-12
36434.772733 5.8134313335456156e-12
36471.2986352 5.78962832537e-12
36507.8611546 5.7705862657742024e-12
36544.460328 5.752337408487795e-12
36581.0961921 5.732501712901738e-12
36617.7687837 5.712666017315682e-12
36654.4781397 5.692037119420235e-12
36691.2242968 5.670614585534528e-12
36728.0072919 5.647605213349172e-12
36764.8271621 5.623802638854425e-12
36801.6839442 5.598412792379159e-12
36838.577675299995 5.571436541285113e-12
36875.5083924 5.542873018210548e-12
36912.4761326 5.515103131126241e-12
36949.480933 5.494474233230796e-12
36986.5228307 5.478605416553429e-12
37023.601862999996 5.46353066954719e-12
37060.7180671 5.445281812260783e-12
37097.8714802 5.424652480684467e-12
37135.0621396 5.401643108499111e-12
37172.2900827 5.374666857405064e-12
37209.5553469 5.342136455421809e-12
37246.8579696 5.302465064249695e-12
37284.1979881 5.249305330690125e-12
37321.5754401 5.1596483162386075e-12
37358.990363100005 5.004136861830321e-12
37396.4427945 4.849419043412295e-12
37433.932772 4.881155809405292e-12
37471.4603333 5.006517336120231e-12
37509.025516 5.077131857295081e-12
37546.6283578 5.109662692959206e-12
37584.2688966 5.122357399356404e-12
37621.94717 5.121563763366144e-12
37659.6632159 5.113629571867895e-12
37697.4170722 5.1009348654706965e-12
37735.2087768 5.0866533207738485e-12
37773.0383677 5.069991301787091e-12
37810.9058827 5.052536080490944e-12
37848.81136 5.035080425513927e-12
37886.7548375 5.0160383659181296e-12
37924.736353399996 4.996202670332073e-12
37962.7559459 4.9755737724366256e-12
38000.813653 4.95335760256066e-12
38038.909513 4.929555028065913e-12
38077.0435642 4.9025783432909975e-12
38115.2158448 4.868461103008093e-12
38153.4263931 4.8295833478262384e-12
38191.675247600004 4.798639784142633e-12
38229.962446599995 4.789911956654125e-12
38268.2880286 4.791498794953775e-12
38306.652032 4.7891183206638654e-12
38345.0544953 4.780390926856226e-12
38383.4954572 4.767695786778159e-12
38421.9749562 4.75341424208131e-12
38460.493030900005 4.737545859084813e-12
38499.049719999995 4.720090637788666e-12
38537.6450623 4.702634982811649e-12
38576.2790964 4.685179761515501e-12
38614.9518612 4.666930904229094e-12
38653.6633955 4.647888844633297e-12
38692.4137382 4.62884635135663e-12
38731.2029281 4.612184332369873e-12
38770.0310042 4.593935908764335e-12
38808.8980055 4.573306577188019e-12
38847.8039711 4.553470881601962e-12
38886.7489399 4.5320483477162554e-12
38925.732951 4.506658934921858e-12
38964.7560437 4.474128532938604e-12
39003.8182571 4.432076667476581e-12
39042.9196304 4.382884246506568e-12
39082.0602029 4.352734318813223e-12
39121.2400139 4.359081672011822e-12
39160.4591026 4.37336321670867e-12
39199.7175086 4.3781237316076186e-12
39239.015271100005 4.37336321670867e-12
39278.3524297 4.363048984601381e-12
39317.7290238 4.350353844523314e-12
39357.1450931 4.3360722998264656e-12
39396.600676899994 4.320997119139359e-12
39436.0958151 4.30512873614286e-12
39475.6305471 4.288466717156103e-12
39515.2049128 4.273391536468996e-12
39554.8189519 4.257523153472498e-12
39594.472704 4.241654770476e-12
39634.166209099996 4.224992751489243e-12
39673.899507 4.2083307325024855e-12
39713.6726375 4.192462349505988e-12
39753.485640700004 4.175006694528971e-12
39793.3385564 4.158345109223083e-12
39833.2314247 4.140889454246066e-12
39873.1642857 4.124227435259309e-12
39913.1371794 4.105979011653771e-12
39953.150146 4.087730154367364e-12
39993.2032256 4.067894458781307e-12
40033.2964585 4.044091450605691e-12
40073.429884900004 4.0139415229123454e-12
40113.6035452 3.972683293440582e-12
40153.8174795 3.914763044982061e-12
40194.0717284 3.8576364325138e-12
40234.3663322 3.849702241015551e-12
40274.7013314 3.878265764090116e-12
40315.0767664 3.897307823685914e-12
40355.4926779 3.894927349396005e-12
40395.949106399996 3.872711613200908e-12
40436.4460925 3.819551879641336e-12
40476.983676899996 3.706885493004464e-12
40517.5619003 3.5997730404163653e-12
40558.1808034 3.6497588805362025e-12
40598.8404269 3.748143722476227e-12
40639.5408118 3.7894019519479905e-12
40680.2819989 3.797336143446239e-12
40721.0640291 3.7933688308566804e-12
40761.8869433 3.783847801058782e-12
40802.7507825 3.772739932961233e-12
40843.6555878 3.760045226564035e-12
40884.6014001 3.746556884176577e-12
40925.5882608 3.73306854178912e-12
40966.616210700005 3.719580633082531e-12
41007.685291300004 3.706092290695073e-12
41048.7955436 3.691810312317356e-12
41089.9470091 3.677528767620508e-12
41131.1397289 3.66324722292366e-12
41172.3737444 3.6497588805362025e-12
41213.649097199996 3.635477335839354e-12
41254.9658285 3.620402155152247e-12
41296.3239798 3.606120610455399e-12
41337.7235928 3.5910454297682914e-12
41379.164708899996 3.5759702490811836e-12
41420.6473698 3.5593084469348613e-12
41462.1716172 3.5418530087982787e-12
41503.737492600005 3.5212238940623974e-12
41545.3450378 3.4958342644275664e-12
41586.994294699994 3.4601301858450118e-12
41628.685305 3.4061772499760497e-12
41670.4181106 3.3339754568206814e-12
41712.192753400006 3.2919238081990935e-12
41754.009275300006 3.320487114433224e-12
41795.867718299996 3.364125601354462e-12
41837.7681244 3.386341554389993e-12
41879.710535800004 3.391895488438767e-12
41921.6949945 3.389515230989293e-12
41963.7215426 3.381581039491044e-12
42005.7902224 3.3720597928527103e-12
42047.901076099995 3.3609519247551622e-12
42090.054146 3.349844056657614e-12
42132.2494744 3.3387359717196308e-12
42174.487103700005 3.3260412653224325e-12
42216.767076200005 3.314139761234625e-12
42259.089434400004 3.3014450548374263e-12
42301.45422089999 3.288750131599793e-12
42343.8614781 3.2768488443524198e-12
42386.3112486 3.2641539211147874e-12
42428.8035751 3.2514592147175895e-12
42471.3385002 3.2387642914799564e-12
42513.9160666 3.226863004232583e-12
42556.5363171 3.21416808099495e-12
42599.199294399994 3.201473374597752e-12
42641.905041399994 3.189571870509944e-12
42684.6536009 3.1768771641127458e-12
42727.445016 3.164975660024938e-12
42770.2793294 3.1522809536277396e-12
42813.1565844 3.140379449539932e-12
42856.0768238 3.1284781622925584e-12
42899.0400908 3.1157834558953597e-12
42942.0464286 3.1038819518075526e-12
42985.095880199995 3.091980664560179e-12
43028.18848900001 3.079285741322546e-12
43071.3242981 3.0673844540751727e-12
43114.50335100001 3.055482949987365e-12
43157.7256909 3.0435816627399914e-12
43200.9913613 3.0308867395023582e-12
43244.3004055 3.0189854522549853e-12
43287.6528671 3.0070839481671774e-12
43331.0487896 2.994389241769979e-12
43374.4882166 2.981694318532346e-12
43417.9711916 2.9682061929853228e-12
43461.4977584 2.954717850597865e-12
43505.0679606 2.9388494676013677e-12
43548.681842 2.9213940294647855e-12
43592.3394464 2.8991780764292545e-12
43636.0408175 2.867441093595824e-12
43679.7859993 2.8198355109254614e-12
43723.57503580001 2.752394232669042e-12
43767.407970800006 2.711136220037713e-12
43811.2848483 2.738906107122019e-12
43855.2057125 2.783338013193082e-12
43899.1706074 2.805553749388179e-12
43943.1795771 2.8126947385770373e-12
43987.2326659 2.8111079002773876e-12
44031.329918 2.8063471685380037e-12
44075.4713776 2.7984129770397548e-12
44119.6570891 2.789685366391681e-12
44163.8870968 2.7801641197533478e-12
44208.161445100006 2.770643089955449e-12
44252.4801786 2.7603286410077255e-12
44296.8433416 2.7500139752195674e-12
44341.2509787 2.7396995262718438e-12
44385.7031346 2.7293848604836857e-12
44430.199853699996 2.719070411535962e-12
44474.741180900004 2.7087559625882385e-12
