source/vega_template.txt
# %ECSV 1.0
# ---
# datatype:
# - {name: wavelength, unit: Angstrom, datatype: float64}
# - {name: flux, unit: erg / (Angstrom cm2 s), datatype: float64}
# schema: astropy-2.0
wavelength flux
[from data line 4138]
18938.9049216 6.84805892547935e-11
18957.8911959 6.834570409619545e-11
18976.8965039 6.817114928114877e-11
18995.9208648 6.794899365392126e-11
19014.9642976 6.77188999320677e-11
19034.0268215 6.747293695985591e-11
19053.1084556 6.723490514337628e-11
19072.2092191 6.698894217116447e-11
19091.3291311 6.67350480432205e-11
19110.468210799998 6.64890850710087e-11
19129.6264775 6.623519094306474e-11
19148.8039504 6.598129681512077e-11
19168.0006487 6.57273957482829e-11
19187.216591700002 6.546557046460677e-11
19206.4517987 6.520373824203674e-11
19225.706289 6.493397486373453e-11
19244.980082 6.465627339080626e-11
19264.273197 6.436270266751976e-11
19283.5856534 6.405326963276892e-11
19302.9174705 6.372796734765984e-11
19322.2686678 6.334711921684999e-11
19341.639264600002 6.28790006174107e-11
19361.0292806 6.225218951438904e-11
19380.438735 6.132388347124262e-11
19399.8676475 5.98322433265075e-11
19419.3160374 5.7277411980027886e-11
19438.7839244 5.400849906189719e-11
19458.271328000003 5.33182178963365e-11
19477.7782677 5.592858814962298e-11
19497.3047631 5.83326720260402e-11
19516.8508339 5.95624799482053e-11
19536.4164996 6.010994479943577e-11
19556.0017799 6.031623117630502e-11
19575.6066945 6.033210042666326e-11
19595.2312631 6.026069226949815e-11
19614.8755053 6.0125814049794e-11
19634.5394409 5.996712848510555e-11
19654.2230896 5.978463557543279e-11
19673.9264712 5.960214960465393e-11
19693.6496054 5.939586322778467e-11
19713.3925121 5.915783141130504e-11
19733.1552111 5.893567578407755e-11
19752.9377222 5.875318287440479e-11
19772.7400653 5.85548276532677e-11
19792.5622603 5.834853433750453e-11
19812.4043271 5.8134313335456156e-11
19832.2662855 5.792008886396082e-11
19852.1481556 5.77058643924655e-11
19872.0499573 5.749957107670234e-11
19891.971710600003 5.7285346605207004e-11
19911.913435399998 5.7071122133711676e-11
19931.8751519 5.685689766221635e-11
19951.85688 5.665060781590015e-11
19971.8586398 5.6436379874957865e-11
19991.8804514 5.6230090028641655e-11
20011.922334799998 5.601586555714633e-11
20031.9843103 5.580957571083012e-11
20052.066398 5.559535123933478e-11
20072.1686179 5.538905792357162e-11
20092.2909904 5.5190702702434535e-11
20112.4335355 5.4984412856118325e-11
20132.5962736 5.477018838462299e-11
20152.7792249 5.4563895068859836e-11
20172.9824096 5.436553984772274e-11
20193.205848 5.4159250001406534e-11
20213.4495604 5.395295668564337e-11
20233.7135672 5.375460146450628e-11
20253.9978886 5.355624624336919e-11
20274.3025451 5.334995639705298e-11
20294.6275571 5.314366308128981e-11
20314.9729449 5.2945307860152724e-11
20335.338729 5.27548837947478e-11
20355.724929800002 5.25565285736107e-11
20376.1315678 5.2358173352473614e-11
20396.5586634 5.215981466188957e-11
20417.0062373 5.1969394065931596e-11
20437.4743099 5.177897000052667e-11
20457.9629017 5.158061477938958e-11
20478.4720334 5.1390194183431603e-11
20499.001725500002 5.119183549284756e-11
20519.5519986 5.100141489688959e-11
20540.1228734 5.081099083148466e-11
20560.7143706 5.0620570235526685e-11
20581.3265107 5.043014617012176e-11
20601.959314599997 5.023179094898467e-11
20622.6128028 5.00413703530267e-11
20643.2869962 4.985094628762177e-11
20663.9819155 4.966846031684291e-11
20684.6975815 4.94859708766171e-11
20705.434015 4.929555028065913e-11
20726.1912367 4.911306084043332e-11
20746.9692676 4.893057140020751e-11
20767.7681285 4.8748085429428656e-11
20788.587840300002 4.856559598920284e-11
20809.428423899997 4.838311001842399e-11
20830.2899001 4.820062057819819e-11
20851.1722901 4.801813460741933e-11
20872.0756146 4.7835645167193525e-11
20892.9998948 4.765315572696771e-11
20913.945151500004 4.746273513100974e-11
20934.911405900002 4.728818031596304e-11
20955.8986791 4.712156012609547e-11
20976.9069919 4.694700878049573e-11
20997.936365700003 4.675658471509081e-11
21018.986821399998 4.6558229493953724e-11
21040.058380199996 4.638367467890702e-11
21061.1510633 4.623292373939769e-11
21082.2648918 4.6066307018977064e-11
21103.399886900002 4.589175220393038e-11
21124.556069899998 4.5709262763704566e-11
21145.733461999997 4.5526776792925716e-11
21166.9320845 4.5336352727520797e-11
21188.1519586 4.51379975063837e-11
21209.3931057 4.495550806615789e-11
21230.655547000002 4.481269175182767e-11
21251.939304000003 4.46222711558697e-11
21273.244397899998 4.443978171564388e-11
21294.570850199998 4.429696540131368e-11
21315.918682400003 4.4146214461804334e-11
21337.2879157 4.3987528897115886e-11
21358.678571700002 4.3805042926337023e-11
21380.0906719 4.3622553486111215e-11
21401.5242378 4.345593329624364e-11
21422.979290799998 4.3273447325464787e-11
21444.4558525 4.309095788523898e-11
21465.9539445 4.2900537289281004e-11
21487.473588399997 4.269424397351784e-11
21509.0148058 4.246415025166428e-11
21530.5776182 4.219438687336208e-11
21552.1620474 4.185321533789477e-11
21573.768115 4.139302789418764e-11
21595.3958427 4.067100822791047e-11
21617.0452522 3.94491349309245e-11
21638.716365300003 3.750524196766136e-11
21660.4092037 3.612467963653998e-11
21682.1237892 3.710059343076111e-11
21703.8601436 3.8774723015722046e-11
21725.618288700003 3.973476755958494e-11
21747.3982464 4.015528187739648e-11
21769.2000385 4.031396744208493e-11
21791.0236869 4.0329836692443166e-11
21812.869213600003 4.0290163566547577e-11
21834.736640400002 4.0202889628471183e-11
21856.6259894 4.00997429705896e-11
21878.5372825 3.997279590661762e-11
21900.4705416 3.9845845373198685e-11
21922.4257889 3.97188983092267e-11
21944.403046299998 3.9576081994896484e-11
21966.402336 3.944120030574538e-11
21988.423679900003 3.929838399141516e-11
22010.467100300004 3.915556767708494e-11
22032.5326193 3.900481673757561e-11
22054.6202589 3.8854065798066266e-11
22076.7300415 3.87112460142891e-11
22098.8619891 3.8576364325137995e-11
22121.016123999998 3.843354801080778e-11
22143.1924685 3.827486244611933e-11
22165.3910448 3.810031110051959e-11
22187.6118752 3.7981295192279774e-11
22209.854982 3.786228275348691e-11
22232.1203875 3.772740106433581e-11
22254.408114100002 3.758458128055864e-11
22276.7181842 3.744176496622842e-11
22299.0506202 3.7298948651898194e-11
22321.4054445 3.71640669627471e-11
22343.7826795 3.702125064841688e-11
22366.1823477 3.687843433408666e-11
22388.604471600003 3.674355264493556e-11
22411.0490737 3.660866748633751e-11
22433.5161765 3.646585117200729e-11
22456.005802599997 3.633096948285619e-11
22478.5179747 3.619608779370509e-11
22501.0527152 3.605327147937487e-11
22523.6100468 3.591838979022377e-11
22546.1899921 3.577557347589355e-11
22568.7925739 3.56406883172955e-11
22591.417814800003 3.5513741253323516e-11
22614.0657375 3.5378859564172416e-11
22636.7363648 3.5243977875021315e-11
22659.4297194 3.511702734160238e-11
22682.1458241 3.4982145652451273e-11
22704.8847018 3.484726396330018e-11
22727.6463752 3.47203168993282e-11
22750.430867199997 3.459336636590926e-11
22773.238200699998 3.445848467675816e-11
22796.0683985 3.433153761278618e-11
22818.9214837 3.419665592363508e-11
22841.7974791 3.406970539021614e-11
22864.696407699998 3.395069295142328e-11
22887.6182926 3.381581126227218e-11
22910.5631566 3.3688860728853236e-11
22933.531022900002 3.356191366488126e-11
22956.5219145 3.3442901226088395e-11
22979.535854499998 3.331595069266946e-11
23002.572866000002 3.3196938253876596e-11
23025.6329721 3.306999118990461e-11
23048.7161961 3.2950975281664796e-11
23071.8225609 3.2824028217692813e-11
23094.952090000002 3.2705012309452997e-11
23118.104806400002 3.2578065245481014e-11
23141.2807334 3.245905280668815e-11
23164.4798944 3.234003689844833e-11
23187.7023125 3.222102445965547e-11
23210.9480111 3.210200855141565e-11
23234.2170136 3.1982996112622786e-11
23257.5093432 3.186398367382992e-11
23280.8250235 3.1744967765590104e-11
23304.164077700003 3.1625955326797246e-11
23327.526529400002 3.150693941855742e-11
23350.912401999998 3.138792697976455e-11
23374.3217189 3.126891454097169e-11
23397.754503699998 3.1157833257910994e-11
23421.210779899997 3.103882081911813e-11
23444.690571 3.091980491087831e-11
23468.193900699996 3.080872709726456e-11
23491.720792400003 3.068971118902475e-11
23515.2712699 3.0578633375411e-11
23538.845356800004 3.04675520923503e-11
23562.443076800002 3.034853965355744e-11
23586.0644534 3.023745837049674e-11
23609.7095106 3.012638055688299e-11
23633.3782719 3.0015299273822293e-11
23657.070761199997 2.989628683502943e-11
23680.7870022 2.978520555196873e-11
23704.5270188 2.967412773835498e-11
23728.2908348 2.9563046455294284e-11
23752.0784741 2.945196864168054e-11
23775.8899604 2.934088735861984e-11
23799.725317900004 2.92377441701852e-11
23823.5845703 2.912666288712452e-11
23847.467741599998 2.901558333878729e-11
23871.3748558 2.8904503790450065e-11
23895.305936999997 2.8793424242112842e-11
23919.261009100002 2.8690279318954737e-11
23943.2400961 2.8579199770617514e-11
23967.2432223 2.847605484745941e-11
23991.2704116 2.8364975299122183e-11
24015.321688099997 2.825389401606149e-11
24039.3970761 2.8142814467724264e-11
24063.4965998 2.803966954456616e-11
24087.620283199998 2.7944459246587172e-11
24111.7681506 2.7833379698249946e-11
24135.9402263 2.7722300149912726e-11
24160.136534600002 2.7611220601575507e-11
24184.3570996 2.751600856887304e-11
24208.6019458 2.7420798270894053e-11
24232.8710975 2.731765161301248e-11
24257.164579099997 2.7214506689854367e-11
24281.4824149 2.7095492516338027e-11
24305.8246293 2.6984412968000804e-11
24330.191246899998 2.68812680448427e-11
24354.582292 2.6793990637319354e-11
24378.997789099998 2.6706714964519485e-11
24403.437762899997 2.661150293181702e-11
24427.9022377 2.65004233834798e-11
24452.391238199998 2.6373476319507816e-11
24476.9047889 2.6246527520812354e-11
24501.4429145 2.6143382597654255e-11
24526.0056396 2.6071974440489146e-11
24550.592988899996 2.6000564548600558e-11
24575.204987 2.5921223500979803e-11
24599.841658700003 2.5826011468277343e-11
24624.5030287 2.5706997294761003e-11
24649.1891217 2.5572115605609902e-11
24673.8999625 2.5421364666100565e-11
24698.635576 2.5294415867405107e-11
24723.395987 2.5223007710239997e-11
24748.181220299997 2.5183336319067884e-11
24772.991300899997 2.5135732037440128e-11
24797.8262536 2.506432214555154e-11
24822.6861033 2.4977046472751674e-11
24847.5708751 2.486596692441445e-11
24872.4805939 2.474695275089811e-11
24897.4152847 2.4588267186209656e-11
24922.374972600002 2.4405779480707324e-11
24947.3596826 2.424709391601887e-11
24972.3694398 2.4183620384032878e-11
24997.4042693 2.4183620384032878e-11
25022.4641962 2.417568575885376e-11
25047.5492458 2.4136014367681646e-11
25072.6594431 2.4064606210516537e-11
25097.7948134 2.398526342817231e-11
25122.955382 2.3890053130193323e-11
25148.1411741 2.3778973581856097e-11
25173.352215 2.3644090157981526e-11
25198.5885299 2.346953707765831e-11
25223.8501443 2.323150873062563e-11
25249.137083499998 2.2993482118316422e-11
25274.4493729 2.2914139335972195e-11
25299.7870379 2.2977612867958186e-11
25325.1501039 2.3033153509488532e-11
25350.538596500002 2.3041086399944177e-11
25375.952541000002 2.3001415008772067e-11
25401.391963000002 2.294587610196519e-11
25426.856888100003 2.2874467944800078e-11
25452.3473418 2.2787190537276733e-11
25477.8633497 2.269198023929775e-11
25503.404937400002 2.2588833581416168e-11
25528.9721306 2.2461886517444188e-11
25554.564955 2.231113557793485e-11
25580.1834362 2.2088976481260403e-11
25605.8275999 2.1771605351883494e-11
25631.497471900002 2.144630133205094e-11
25657.193078099997 2.1374893174885834e-11
25682.914444100003 2.1533577004850812e-11
25708.6615957 2.1676395053904507e-11
25734.434559 2.1731933960711377e-11
25760.2333597 2.172399933553226e-11
25786.058023700003 2.168432794436015e-11
25811.9085769 2.1620854412374158e-11
25837.7850454 2.1541511630029927e-11
25863.687455 2.147010347286482e-11
25889.615831900002 2.1398695315699715e-11
25915.570202 2.1311417908176367e-11
25941.5505913 2.1216207610197376e-11
25967.5570261 2.1113062687039275e-11
25993.5895323 2.0986113888343816e-11
26019.6481361 2.082742832365536e-11
26045.7328637 2.0613203852160034e-11
26071.8437413 2.0287899832327483e-11
26097.980795100004 1.9827712388620355e-11
26124.144051299998 1.9470669868071333e-11
26150.3335362 1.9510341259243447e-11
26176.549276 1.962142080758067e-11
26202.7912972 1.9383394195271464e-11
26229.059626100003 1.8677245514076016e-11
26255.354289000003 1.8026635739687435e-11
26281.675312299998 1.8367809009878225e-11
26308.0227224 1.908982694143191e-11
26334.3965459 1.9510341259243447e-11
26360.7968092 1.9684896074290137e-11
26387.2235387 1.9748369606276125e-11
26413.6767611 1.9748369606276128e-11
26440.156502899998 1.972456746546225e-11
26466.6627906 1.967696144911102e-11
26493.1956509 1.962142080758067e-11
26519.755110500002 1.955001265041556e-11
26546.3411959 1.9470669868071333e-11
26572.953934 1.9391328820450585e-11
26599.593351299998 1.9288182162569e-11
26626.259474600003 1.914536584823878e-11
26652.9523308 1.8954943517557332e-11
26679.6719466 1.8685178404531655e-11
26706.418348900002 1.8232925586003645e-11
26733.1915644 1.767752784431753e-11
26759.9916202 1.74950401388152e-11
26786.818543 1.7852082659364218e-11
26813.6723598 1.8224992695548003e-11
26840.553097699998 1.8423347916685096e-11
26867.4607835 1.8494756073850205e-11
26894.3954442 1.850269069902932e-11
26921.357107099997 1.8478888558215445e-11
26948.345799 1.843921716704333e-11
26975.3615471 1.8383676525512982e-11
27002.4043785 1.832813761870611e-11
27029.4743204 1.8264664086720117e-11
27056.5713999 1.8193254194831532e-11
27083.6956443 1.812978066284554e-11
27110.8470808 1.8074241756038667e-11
27138.025736599997 1.80107664893292e-11
27165.231639100002 1.793935833216409e-11
27192.464815500003 1.7875884800178096e-11
27219.725293199997 1.780447664301299e-11
27247.0130996 1.773306848584788e-11
27274.328262 1.766166032868277e-11
27301.6708079 1.7590250436794186e-11
27329.0407647 1.7518842279629077e-11
27356.438159999998 1.7439501232008325e-11
27383.8630212 1.735222382448498e-11
27411.3153758 1.7249078901326875e-11
27438.795251400003 1.713006472781053e-11
27466.302675699997 1.697137916312208e-11
27493.8376762 1.6749220066447634e-11
27521.400280500002 1.6392177545898612e-11
27548.9905164 1.586058367974985e-11
27576.6084116 1.5400396236042724e-11
27604.2539937 1.5519410409559065e-11
27631.927290499996 1.5955793977728838e-11
27659.628329799998 1.6257295856747514e-11
27687.3571395 1.6408046796256848e-11
27715.1137473 1.6463587437787197e-11
27742.8981812 1.6463587437787197e-11
27770.710469 1.6439783562249843e-11
27798.5506387 1.6400112171077727e-11
27826.418718099998 1.6352506154726498e-11
27854.3147353 1.6304901873098743e-11
27882.2387184 1.6249361231568393e-11
27910.1906952 1.619382232476152e-11
27938.1706939 1.6130347058052052e-11
27966.178742699998 1.607480815124518e-11
27994.2148695 1.6011334619259188e-11
28022.2791025 1.5955793977728838e-11
28050.37147 1.5892320445742847e-11
28078.4920002 1.5836779804212497e-11
28106.6407212 1.5773306272226506e-11
28134.8176613 1.5717765630696157e-11
28163.0228488 1.5654292098710162e-11
28191.2563121 1.5598753191903292e-11
28219.5180794 1.5535277925193824e-11
28247.8081792 1.5471804393207833e-11
28276.126639899998 1.5416263751677484e-11
28304.4734898 1.5352790219691492e-11
28332.8487575 1.529725131288462e-11
28361.2524714 1.523377604617515e-11
28389.6846601 1.5162367889010042e-11
28418.1453521 1.509889435702405e-11
28446.634576 1.50433537154937e-11
28475.152360400003 1.497988018350771e-11
28503.698733800004 1.49084720263426e-11
28532.2737251 1.4829129243998374e-11
28560.8773628 1.474185183647503e-11
28589.509675600002 1.4630772288137806e-11
28618.1706924 1.4480022215990207e-11
28646.860441899997 1.4257862251954023e-11
28675.578953 1.3892886840949359e-11
28704.3262543 1.338509424825274e-11
28733.1023749 1.310739537740968e-11
28761.907343500003 1.3385094248252735e-11
28790.7411892 1.3773872667433018e-11
28819.6039408 1.3980163381110966e-11
28848.4956274 1.4075374546451691e-11
28877.416277900003 1.4099177554627305e-11
28906.3659214 1.408330917163081e-11
28935.344587 1.4051571538276075e-11
